fixed_alpha/bp1-p2_n_l
1.40458
1.4528
2.27857e-21
2.22999e-16
2.70127e-12
1.32408e-09
7.26324e-08
1.39728e-06
2.24853e-05
0.000205144
0.00118393
0.00472556
0.0136285
0.0590947
0.16801
0.419959
0.979451
2.02729
3.62079
7.60904
15.3891
25.098
50.5886
52.6302
70.0254
85.8703
86.2836
106.523
118.835
105.877
85.7142
70.0646
54.0012
38.3283
24.938
13.9961
8.63837
4.71298
2.66502
1.06939
0.5462
0.196117
0.07141
0.0243596
0.00798531
0.00162711
0.000416014
5.41862e-05
5.37181e-06
5.3247e-07
2.42238e-08
9.0896e-11
