unknownMP	3
n_l	1.4096	1.44	50
theta_0	-0.0004	0.0002	20
N_0	0	0.35	20

0	
0	0	0	0	0	0	0	0	0	0	0	0	0	0	0	0	0	0	0	0	
0	0	0	0	0	0	0	0	0	0	0	0	0	0	0	0	0	0	0	0	
0	0	0	0	0	0	0	0	0	0	0	0	0	0	0	0	0	0	0	0	
0	0	0	0	0	0	0	0	0	0	0	0	0	0	0	0	0	0	0	0	
0	0	0	0	0	0	0	0	0	0	0	0	0	0	0	0	0	0	0	0	
0	0	0	0	0	0	0	0	0	0	0	0	0	0	0	0	0	0	0	0	
0	0	0	0	0	0	0	0	0	0	0	0	0	0	0	0	0	0	0	0	
0	0	0	0	0	0	0	0	0	0	0	0	0	0	0	0	0	0	0	0	
0	0	0	0	0	0	0	0	0	0	0	0	0	0	0	0	0	0	0	0	
0	0	0	0	0	0	0	0	0	0	0	0	0	0	0	0	0	0	0	0	
0	0	0	0	0	0	0	0	0	0	0	0	0	0	0	0	0	0	0	0	
0	0	0	0	0	0	0	0	0	0	0	0	0	0	0	0	0	0	0	0	
0	0	0	0	0	0	0	0	0	0	0	0	0	0	0	0	0	0	0	0	
0	0	0	0	0	0	0	0	0	0	0	0	0	0	0	0	0	0	0	0	
0	0	0	0	0	0	0	0	0	0	0	0	0	0	0	0	0	0	0	0	
0	0	0	0	0	0	0	3.29643e-13	0	6.76378e-12	0	0	0	0	0	0	0	0	0	0	
0	0	0	0	0	0	0	0	0	0	0	0	0	0	0	0	0	0	0	0	
0	0	0	0	0	0	0	0	0	0	0	0	0	0	0	0	2.67992e-11	2.66714e-08	8.82208e-08	7.18566e-07	
3.08188e-07	2.96475e-06	1.17209e-06	8.27881e-06	6.7525e-06	2.87581e-05	1.29676e-05	0.000155028	3.34266e-05	0.00106122	0.000134885	0.000186754	0.00282028	0.000291623	0.00531369	0.000597279	0.00115655	0.00172088	0.00126333	0.00102637	
0.0135048	0.00137916	0.0027512	0.00829006	0.011367	0.000828556	0.00169173	0.00700812	0.00393552	0.00464733	0.000614146	0.000368023	0.000508035	0.00385974	0.0005335	0.000952361	5.16705e-05	6.10337e-05	6.91782e-06	0	
0	0	0	0	0	0	2.34964e-13	6.41842e-11	4.96093e-11	1.33115e-10	2.11298e-10	6.67846e-10	1.93787e-09	6.38319e-09	5.98188e-09	8.19048e-09	2.16046e-08	4.6698e-08	7.85053e-08	1.34586e-07	
5.035e-07	1.97412e-07	1.71949e-06	6.67851e-07	5.92449e-07	8.44685e-06	8.08372e-07	2.43334e-06	1.06453e-05	1.48105e-06	4.37563e-06	8.22235e-06	4.52007e-06	2.03776e-06	8.45649e-06	7.2151e-06	7.80017e-06	1.43639e-06	3.26454e-06	5.2403e-06	
2.26002e-05	2.50007e-06	2.04655e-06	4.37882e-07	5.85032e-07	3.22078e-06	1.72227e-06	1.58801e-06	2.6791e-07	0	0	0	0	0	0	0	0	0	0	0	
0	0	0	0	0	0	0	0	0	0	0	0	0	0	0	0	0	0	0	0	
0	0	0	0	0	0	0	0	0	0	0	0	0	0	0	0	0	0	0	0	
0	0	0	0	0	0	0	0	0	0	0	0	0	0	0	0	0	0	0	0	
0	0	0	0	0	0	0	0	0	0	0	0	0	0	0	0	0	0	0	0	
0	0	0	0	0	0	0	0	0	0	0	0	0	0	0	0	0	0	0	0	
0	0	0	0	0	0	0	0	0	0	0	0	0	0	0	0	0	0	0	0	
0	0	0	0	0	0	0	0	0	0	0	0	0	0	0	0	0	0	0	0	
0	0	0	0	0	0	0	0	0	0	0	0	0	0	0	0	0	0	0	0	
0	0	0	0	0	0	0	0	0	0	0	0	0	0	0	0	0	0	0	0	
0	0	0	0	0	0	0	0	0	0	0	0	0	0	0	0	0	0	0	0	
0	0	0	0	0	0	0	0	0	0	0	0	0	0	0	0	0	0	0	0	
0	0	0	0	0	0	0	0	0	0	0	0	0	0	0	0	0	0	0	0	
0	0	0	0	0	0	0	0	0	0	0	0	0	0	0	0	0	0	0	0	
0	0	0	0	0	0	0	0	0	0	0	0	0	0	0	0	0	0	0	0	
0	0	0	0	0	0	0	0	0	0	0	0	0	0	0	0	0	0	0	0	
0	0	0	0	0	0	0	0	0	0	0	0	0	0	0	0	0	0	0	0	
0	0	0	0	0	0	0	0	0	0	0	0	0	0	0	0	0	0	0	0	
0	0	0	0	0	0	0	0	0	0	0	0	0	0	0	0	0	0	0	0	
0	0	0	0	0	0	0	0	0	0	0	0	0	0	0	0	0	0	0	0	
0	0	0	0	0	0	0	0	0	0	0	0	0	0	0	0	0	0	0	0	
0	0	0	0	0	0	0	0	0	0	0	0	0	0	0	0	0	0	0	0	
0	0	0	0	0	0	0	0	0	0	0	0	0	0	0	0	0	0	0	0	
0	0	0	0	0	0	0	0	0	0	0	0	0	0	0	0	0	0	0	0	
0	0	0	0	0	0	0	0	0	0	0	0	0	0	0	0	0	0	0	0	
0	0	0	0	0	0	0	0	0	0	0	0	0	0	0	0	0	0	0	0	
0	0	0	0	0	0	0	0	0	0	0	0	0	0	0	0	0	0	0	0	
0	0	0	0	0	0	0	0	0	0	0	0	0	0	0	0	0	0	0	0	
0	0	0	0	0	0	0	0	0	0	0	0	0	0	0	0	0	0	0	0	
0	0	0	0	0	0	0	0	0	0	0	0	0	0	0	0	0	0	0	0	
0	0	0	0	0	0	0	0	0	0	0	0	0	0	0	0	0	0	0	0	
0	0	0	0	0	0	0	0	0	0	0	0	0	0	0	0	0	0	0	0	
0	0	0	0	0	0	0	0	0	0	0	0	0	0	0	0	0	0	0	0	
0	0	0	0	0	0	0	0	0	0	0	0	0	0	0	0	0	0	0	0	
0	0	0	0	0	0	0	0	0	0	0	0	0	0	0	0	0	0	0	0	
0	0	0	0	0	0	0	0	0	0	0	0	0	0	0	0	0	0	0	0	
0	0	0	0	0	0	0	0	0	0	0	0	0	0	0	0	0	0	0	0	
0	0	0	0	0	0	0	0	0	0	0	0	0	0	0	0	0	0	0	0	
0	0	0	0	0	0	0	0	0	0	0	0	0	0	0	0	0	0	0	0	
0	0	0	0	0	0	0	0	0	0	0	0	0	0	0	0	0	0	0	0	
0	0	0	0	0	0	0	0	0	0	0	0	0	0	0	0	0	0	0	0	
0	0	0	0	0	0	0	0	0	0	0	0	0	0	0	0	0	0	0	0	
0	0	0	0	0	0	0	0	0	0	0	0	0	0	0	0	0	0	0	0	
0	0	0	0	0	0	0	0	0	2.70113e-07	0	4.84932e-06	0	0	0	0	0	0	0	0	
0	0	0	0	0	0	0	0	0	0	0	0	0	0	0	0	0	0	0	0	
0	0	0	0	0	0	0	0	0	0	0	0	0	0	0	2.64067e-13	5.22814e-07	8.30936e-06	1.29071e-05	3.35608e-05	
0.000148492	0.000206707	0.000390304	0.000960468	0.00171882	0.00455224	0.00388485	0.0170412	0.0142781	0.0435755	0.0480309	0.0621929	0.0750698	0.07134	1.33015	0.161948	2.07052	0.67059	0.233836	1.70612	
0.51108	0.15214	4.51821	3.06262	1.01033	0.354202	2.61295	0.137501	0.294032	0.788796	1.14963	1.21861	1.59671	0.0460349	0.0680385	0.572685	0.108399	0.134727	0.0168376	0	
0	0	0	0	0	3.84939e-14	6.65279e-11	7.51533e-09	2.26314e-09	2.66021e-08	1.19063e-08	2.50827e-07	5.63614e-08	5.98258e-06	1.01047e-06	1.32228e-05	1.5876e-06	4.30562e-05	3.45386e-06	0.000137777	
1.66373e-05	0.00104971	0.00013917	0.000138812	0.000115776	0.00233832	0.0010131	0.00100064	0.000290541	0.00347376	0.000960742	0.0128483	0.00208808	0.0014784	0.00811867	0.0116106	0.00267597	0.000657934	0.0019789	0.0028418	
0.00933174	0.00027914	0.00113464	0.000214026	0.000650032	0.000667436	0.00100529	0.000257267	0.000141461	0	0	0	0	0	0	0	1.38982e-16	9.57909e-16	6.23251e-16	2.89795e-14	
2.69544e-15	3.49003e-13	1.64679e-14	6.58526e-13	8.27902e-14	1.05414e-12	1.98477e-13	8.45906e-12	5.67601e-13	1.82181e-11	1.56959e-12	9.12232e-11	1.13015e-11	4.75299e-11	5.29349e-11	1.75488e-11	1.54597e-10	1.11585e-10	4.98074e-11	1.58622e-10	
1.27765e-10	2.04618e-10	1.96559e-10	1.17571e-10	1.54941e-10	5.29581e-11	1.67467e-10	4.88673e-11	2.03615e-10	3.73354e-11	6.21129e-11	1.1345e-10	5.24511e-11	2.56644e-11	4.43441e-11	8.7227e-12	1.29819e-11	5.00032e-12	1.2222e-11	0	
0	0	0	0	0	0	0	0	0	0	0	0	0	0	0	0	0	0	0	0	
0	0	0	0	0	0	0	0	0	0	0	0	0	0	0	0	0	0	0	0	
0	0	0	0	0	0	0	0	0	0	0	0	0	0	0	0	0	0	0	0	
0	0	0	0	0	0	0	0	0	0	0	0	0	0	0	0	0	0	0	0	
0	0	0	0	0	0	0	0	0	0	0	0	0	0	0	0	0	0	0	0	
0	0	0	0	0	0	0	0	0	0	0	0	0	0	0	0	0	0	0	0	
0	0	0	0	0	0	0	0	0	0	0	0	0	0	0	0	0	0	0	0	
0	0	0	0	0	0	0	0	0	0	0	0	0	0	0	0	0	0	0	0	
0	0	0	0	0	0	0	0	0	0	0	0	0	0	0	0	0	0	0	0	
0	0	0	0	0	0	0	0	0	0	0	0	0	0	0	0	0	0	0	0	
0	0	0	0	0	0	0	0	0	0	0	0	0	0	0	0	0	0	0	0	
0	0	0	0	0	0	0	0	0	0	0	0	0	0	0	0	0	0	0	0	
0	0	0	0	0	0	0	0	0	0	0	0	0	0	0	0	0	0	0	0	
0	0	0	0	0	0	0	0	0	0	0	0	0	0	0	0	0	0	0	0	
0	0	0	0	0	0	0	0	0	0	0	0	0	0	0	0	0	0	0	0	
0	0	0	0	0	0	0	0	0	0	0	0	0	0	0	0	0	0	0	0	
0	0	0	0	0	0	0	0	0	0	0	0	0	0	0	0	0	0	0	0	
0	0	0	0	0	0	0	0	0	0	0	0	0	0	0	0	0	0	0	0	
0	0	0	0	0	0	0	0	0	0	0	0	0	0	0	0	0	0	0	0	
0	0	0	0	0	0	0	0	0	0	0	0	0	0	0	0	0	0	0	0	
0	0	0	0	0	0	0	0	0	0	0	0	0	0	0	0	0	0	0	0	
0	0	0	0	0	0	0	0	0	0	0	0	0	0	0	0	0	0	0	0	
0	0	0	0	0	0	0	0	0	0	0	0	0	0	0	0	0	0	0	0	
0	0	0	0	0	0	0	0	0	0	0	0	0	0	0	0	0	0	0	0	
0	0	0	0	0	0	0	0	0	0	0	0	0	0	0	0	0	0	0	0	
0	0	0	0	0	0	0	0	0	0	0	0	0	0	0	0	0	0	0	0	
0	0	0	0	0	0	0	0	0	0	0	0	0	0	0	0	0	0	0	0	
0	0	0	0	0	0	0	0	0	0	0	0	0	0	0	0	0	0	0	0	
0	0	0	0	0	0	0	0	0	0	0	0	0	0	0	0	0	0	0	0	
0	0	0	0	0	0	0	0	0	0	0	0	0	0	0	0	0	0	0	0	
0	0	0	0	0	0	0	0	0	0	0	0	0	0	0	0	0	0	0	0	
0	0	0	0	0	0	0	0	0	0	0	0	0	0	0	0	0	0	0	0	
0	0	0	0	0	0	0	0	0	0	0	0	0	0	0	0	0	0	0	0	
0	0	0	0	0	0	0	0	0	0	0	0	0	0	0	0	0	0	0	0	
0	0	0	0	0	0	0	0	0	0	0	0	0	0	0	0	0	0	0	0	
0	0	0	0	0	0	0	0	0	0	0	0	0	0	0	0	0	0	0	0	
0	0	0	0	0	0	0	0	0	0	0	0	0	0	0	0	0	0	0	0	
0	0	0	0	0	0	0	0	0	0	0	0	0	0	0	0	0	0	0	0	
0	0	0	0	0	0	0	0	0	0	0	0	0	0	0	0	0	0	0	0	
0	0	0	0	0	0	0	0	0	0	0	0	0	0	0	0	0	0	0	0	
0	0	0	0	0	0	2.20178e-07	0	0	0	0	4.33037e-05	0	0.00014252	0	0	0	0	0	0	
0	0	0	0	0	0	0	0	0	0	0	0	0	0	0	0	0	0	0	0	
0	0	0	0	0	0	0	0	0	0	0	0	0	0	0	4.09227e-09	0.000653343	0.00804156	0.011704	0.158317	
0.0741806	0.678036	0.306324	1.54177	0.501438	5.26674	2.26819	27.8497	7.08133	77.4594	17.5042	73.1007	340.872	102.779	268.452	530.961	113.69	1115.07	346.617	227.012	
1228.92	944.478	463.256	1232.28	1043.13	356.984	431.85	499.221	703.312	257.09	335.818	91.9537	169.931	34.2076	106.692	29.81	45.0688	25.2773	16.7173	0	
0	0	0	0	8.40951e-19	1.3283e-08	7.50283e-06	0.000126947	8.06059e-05	0.00286863	0.000737974	0.00582711	0.00143779	0.0299825	0.00400662	0.013581	0.0129495	0.0548185	0.0544945	2.78461	
0.0843469	1.7366	0.0932536	0.653267	0.375739	0.919742	1.47882	2.44651	0.413612	9.3127	1.05107	1.3006	3.18509	1.21609	1.18484	1.68537	5.56808	0.874174	1.81336	0.519893	
1.10974	0.224974	0.267252	0.107859	0.399547	0.066047	0.155602	0.0195312	0.0389121	0	0	0	0	0	4.88098e-19	1.19338e-14	6.05889e-11	3.16598e-11	1.05193e-09	1.3833e-10	
3.73632e-10	1.64329e-09	1.87045e-09	1.28742e-08	4.96138e-09	5.33794e-08	1.76623e-08	1.78391e-07	9.59092e-08	4.67944e-07	2.05029e-06	1.53786e-06	9.78977e-06	2.81483e-06	1.17222e-05	2.26597e-05	2.53656e-06	3.71328e-05	7.49084e-06	1.66981e-05	
2.60048e-05	7.70639e-05	1.07186e-05	3.40746e-05	2.61495e-05	1.67774e-05	3.97108e-05	1.6188e-05	3.64751e-05	1.60897e-05	4.7434e-05	8.48618e-06	7.08038e-06	4.73791e-06	1.00316e-05	2.27504e-06	3.755e-06	5.82424e-06	4.38856e-06	0	
0	0	0	0	0	0	0	0	0	0	0	0	0	0	0	0	0	0	0	0	
0	0	0	0	0	0	0	0	0	0	0	0	0	0	0	0	0	0	0	0	
0	0	0	1.42109e-18	4.67675e-16	2.48282e-17	3.47272e-21	0	0	0	0	0	0	0	0	0	0	0	0	0	
0	0	0	0	0	0	0	0	0	0	0	0	0	0	0	0	0	0	0	0	
0	0	0	0	0	0	0	0	0	0	0	0	0	0	0	0	0	0	0	0	
0	0	0	0	0	0	0	0	0	0	0	0	0	0	0	0	0	0	0	0	
0	0	0	0	0	0	0	0	0	0	0	0	0	0	0	0	0	0	0	0	
0	0	0	0	0	0	0	0	0	0	0	0	0	0	0	0	0	0	0	0	
0	0	0	0	0	0	0	0	0	0	0	0	0	0	0	0	0	0	0	0	
0	0	0	0	0	0	0	0	0	0	0	0	0	0	0	0	0	0	0	0	
0	0	0	0	0	0	0	0	0	0	0	0	0	0	0	0	0	0	0	0	
0	0	0	0	0	0	0	0	0	0	0	0	0	0	0	0	0	0	0	0	
0	0	0	0	0	0	0	0	0	0	0	0	0	0	0	0	0	0	0	0	
0	0	0	0	0	0	0	0	0	0	0	0	0	0	0	0	0	0	0	0	
0	0	0	0	0	0	0	0	0	0	0	0	0	0	0	0	0	0	0	0	
0	0	0	0	0	0	0	0	0	0	0	0	0	0	0	0	0	0	0	0	
0	0	0	0	0	0	0	0	0	0	0	0	0	0	0	0	0	0	0	0	
0	0	0	0	0	0	0	0	0	0	0	0	0	0	0	0	0	0	0	0	
0	0	0	0	0	0	0	0	0	0	0	0	0	0	0	0	0	0	0	0	
0	0	0	0	0	0	0	0	0	0	0	0	0	0	0	0	0	0	0	0	
0	0	0	0	0	0	0	0	0	0	0	0	0	0	0	0	0	0	0	0	
0	0	0	0	0	0	0	0	0	0	0	0	0	0	0	0	0	0	0	0	
0	0	0	0	0	0	0	0	0	0	0	0	0	0	0	0	0	0	0	0	
0	0	0	0	0	0	0	0	0	0	0	0	0	0	0	0	0	0	0	0	
0	0	0	0	0	0	0	0	0	0	0	0	0	0	0	0	0	0	0	0	
0	0	0	0	0	0	0	0	0	0	0	0	0	0	0	0	0	0	0	0	
0	0	0	0	0	0	0	0	0	0	0	0	0	0	0	0	0	0	0	0	
0	0	0	0	0	0	0	0	0	0	0	0	0	0	0	0	0	0	0	0	
0	0	0	0	0	0	0	0	0	0	0	0	0	0	0	0	0	0	0	0	
0	0	0	0	0	0	0	0	0	0	0	0	0	0	0	0	0	0	0	0	
0	0	0	0	0	0	0	0	0	0	0	0	0	0	0	0	0	0	0	0	
0	0	0	0	0	0	0	0	0	0	0	0	0	0	0	0	0	0	0	0	
0	0	0	0	0	0	0	0	0	0	0	0	0	0	0	0	0	0	0	0	
0	0	0	0	0	0	0	0	0	0	0	0	0	0	0	0	0	0	0	0	
0	0	0	0	0	0	0	0	0	0	0	0	0	0	0	0	0	0	0	0	
0	0	0	0	0	0	0	0	0	0	0	0	0	0	0	0	0	0	0	0	
0	0	0	0	0	0	0	0	0	0	0	0	0	0	0	0	0	0	0	0	
0	0	0	0	0	0	0	0	0	0	0	0	0	0	0	0	0	0	0	0	
0	0	0	0	0	0	0	0	0	0	0	0	0	0	0	0	0	0	0	0	
0	0	0	0	0	0	0	0	0	0	0	0	0	0	0	0	0	0	0	0	
0	0	0	0	0	0	0.000904182	0	1.60348e-05	0	0	0	0	0	0	0.0594302	0	0	0	0	
0	0	0	0	0	0	0	0	0	0	0	0	0	0	0	0	0	0	0	0	
0	0	0	0	0	0	0	0	0	0	0	0	0	0	0	2.65706e-05	0.0748561	12.686	1.74978	1.54508	
37.6225	25.6628	245.919	238.587	815.971	547.344	103.426	1688.5	4710.67	12081.8	11307.7	5656.32	13871.6	18233.2	38005.4	10756.9	7495.09	392700	5367.49	38018.5	
185497	41886.1	29917.2	54981.2	158674	41811.8	109211	82085	273604	6121.72	22818.5	12150.7	43046.7	2934.66	1402.31	1375.96	3050.12	1390.09	2375.31	0	
0	0	0	0	2.30168e-12	1.00935e-05	0.00273454	0.00284492	0.00241531	0.0136719	0.0137097	0.0390558	0.230647	0.407751	0.510458	0.693124	2.63986	1.26848	2.33015	3.33706	
4.18007	80.3792	7.22921	82.3411	22.5827	28.5171	162.269	16.9201	30.9836	525.387	21.5934	99.9958	132.801	259.882	28.9879	124.738	151.471	232.065	23.5824	54.858	
38.0785	35.2094	213.538	46.8322	22.2775	4.98964	4.93593	0.92841	3.31749	0	0	0	0	5.78119e-25	1.16714e-14	7.61314e-08	6.93121e-08	1.05219e-06	2.68943e-07	1.96227e-06	
4.42006e-05	2.13489e-05	0.000240561	1.61205e-05	0.000865498	4.26411e-05	0.00281178	0.000245215	0.0055322	0.00222857	0.0073939	0.00335275	0.00666125	0.0101026	0.0174427	0.0125673	0.0438183	0.0266833	0.100803	0.0258157	
0.0428997	0.120889	0.0227121	0.0392045	0.0384499	0.0658965	0.00630915	0.026624	0.0139917	0.0378668	0.00181453	0.0105205	0.00201485	0.0129572	0.00547113	0.00750301	0.000246033	0.000284807	0.000342839	0	
0	0	0	0	8.07013e-19	3.09996e-16	2.96685e-15	2.63986e-15	5.18174e-15	4.11902e-14	2.03485e-14	2.49388e-13	9.56218e-14	5.88791e-13	2.51778e-13	1.90259e-12	4.75644e-13	4.77804e-12	2.033e-12	7.53597e-12	
6.38994e-12	9.76257e-12	4.84362e-11	2.45968e-11	7.12242e-11	2.27986e-11	6.13143e-11	3.44106e-11	6.46791e-11	2.84559e-11	2.65268e-10	5.45623e-11	1.58712e-10	2.64006e-11	3.91294e-10	2.56513e-11	5.11868e-11	6.27425e-11	1.73768e-10	6.02241e-11	
3.35659e-11	1.76523e-11	3.54465e-11	4.14604e-11	6.47127e-12	1.61023e-11	1.76774e-12	4.8453e-12	1.87545e-12	0	0	0	0	0	0	0	0	0	0	0	
0	0	0	0	0	0	0	0	0	0	0	0	0	0	0	0	0	0	0	0	
0	0	0	0	0	0	0	0	0	0	0	0	0	0	0	0	0	0	0	0	
0	0	0	0	0	0	0	0	0	0	0	0	0	0	0	0	0	0	0	0	
0	0	0	0	0	0	0	0	0	0	0	0	0	0	0	0	0	0	0	0	
0	0	0	0	0	0	0	0	0	0	0	0	0	0	0	0	0	0	0	0	
0	0	0	0	0	0	0	0	0	0	0	0	0	0	0	0	0	0	0	0	
0	0	0	0	0	0	0	0	0	0	0	0	0	0	0	0	0	0	0	0	
0	0	0	0	0	0	0	0	0	0	0	0	0	0	0	0	0	0	0	0	
0	0	0	0	0	0	0	0	0	0	0	0	0	0	0	0	0	0	0	0	
0	0	0	0	0	0	0	0	0	0	0	0	0	0	0	0	0	0	0	0	
0	0	0	0	0	0	0	0	0	0	0	0	0	0	0	0	0	0	0	0	
0	0	0	0	0	0	0	0	0	0	0	0	0	0	0	0	0	0	0	0	
0	0	0	0	0	0	0	0	0	0	0	0	0	0	0	0	0	0	0	0	
0	0	0	0	0	0	0	0	0	0	0	0	0	0	0	0	0	0	0	0	
0	0	0	0	0	0	0	0	0	0	0	0	0	0	0	0	0	0	0	0	
0	0	0	0	0	0	0	0	0	0	0	0	0	0	0	0	0	0	0	0	
0	0	0	0	0	0	0	0	0	0	0	0	0	0	0	0	0	0	0	0	
0	0	0	0	0	0	0	0	0	0	0	0	0	0	0	0	0	0	0	0	
0	0	0	0	0	0	0	0	0	0	0	0	0	0	0	0	0	0	0	0	
0	0	0	0	0	0	0	0	0	0	0	0	0	0	0	0	0	0	0	0	
0	0	0	0	0	0	0	0	0	0	0	0	0	0	0	0	0	0	0	0	
0	0	0	0	0	0	0	0	0	0	0	0	0	0	0	0	0	0	0	0	
0	0	0	0	0	0	0	0	0	0	0	0	0	0	0	0	0	0	0	0	
0	0	0	0	0	0	0	0	0	0	0	0	0	0	0	0	0	0	0	0	
0	0	0	0	0	0	0	0	0	0	0	0	0	0	0	0	0	0	0	0	
0	0	0	0	0	0	0	0	0	0	0	0	0	0	0	0	0	0	0	0	
0	0	0	0	0	0	0	0	0	0	0	0	0	0	0	0	0	0	0	0	
0	0	0	0	0	0	0	0	0	0	0	0	0	0	0	0	0	0	0	0	
0	0	0	0	0	0	0	0	0	0	0	0	0	0	0	0	0	0	0	0	
0	0	0	0	0	0	0	0	0	0	0	0	0	0	0	0	0	0	0	0	
0	0	0	0	0	0	0	0	0	0	0	0	0	0	0	0	0	0	0	0	
0	0	0	0	0	0	0	0	0	0	0	0	0	0	0	0	0	0	0	0	
0	0	0	0	0	0	0	0	0	0	0	0	0	0	0	0	0	0	0	0	
0	0	0	0	0	0	0	0	0	0	0	0	0	0	0	0	0	0	0	0	
0	0	0	0	0	0	0	0	0	0	0	0	0	0	0	0	0	0	0	0	
0	0	0	0	0	0	0	0	0	0	0	0	0	0	0	0	0	0	0	0	
0	0	0	0	0	0	0	0	0	0	0	0	0	0	0	0	0	0	0	0	
0	0	0	0	0	0	0	0	0.00751122	0	0	0	0	0	0	0	0	0	0	0	
0	0	0	0	0	0	0	0	0	0	0	0	0	0	0	0	0	0	0	0	
0	0	0	0	0	0	0	0	0	0	0	0	0	0	2.06177e-08	0.043361	1.6579	4.47637	4.90279	10.3054	
100.146	30.484	656.741	275.619	2299.13	563.409	5082.33	1348.89	11688.6	1657.64	7913.05	5050.71	20621.9	19371	16609.7	69428.6	42372.8	71873.2	29655.5	58014	
20298.9	146714	27831.1	27857.9	56849.7	17141.5	23591	30730.7	29354.2	10599.8	15924.2	20236.2	4680.86	4426.1	5898.84	2916.15	1007.91	328.502	1040.64	0	
0	0	0	0	1.71862e-07	0.0036422	0.588557	0.0967097	3.09026	0.555918	6.23433	2.56641	17.6179	27.2255	59.721	130.534	177.873	348.895	777.255	597.065	
634.602	271.68	1927.82	1233.29	6897.39	1431.2	3194.21	1389.35	2428.5	4992.13	2419.99	4602.52	23249.9	5406.56	2917.17	4615.49	9411.85	2569.89	520.661	2469.29	
1903.26	6723.68	211.562	205.379	176.242	299.495	350.484	157.328	171.875	0	0	0	0	9.21503e-19	4.12909e-10	2.06624e-06	4.65232e-06	6.77517e-06	1.66792e-05	2.30171e-05	
0.000199242	0.000162999	0.00307081	0.000187943	0.00372868	0.000976891	0.0127032	0.00188972	0.0518239	0.00208546	0.0924077	0.0149068	0.0478635	0.081999	0.0491167	0.19074	0.147109	0.0294008	1.18347	0.092037	
0.275397	0.320565	0.330911	0.0856353	0.34374	0.258999	0.13814	0.178041	0.100359	0.226312	0.0387913	0.0637979	0.0278544	0.0854831	0.0115335	0.0360476	0.00423041	0.00567734	0.00193752	0	
0	0	0	1.88309e-20	6.79174e-16	3.58838e-14	6.70065e-14	5.57787e-13	4.7998e-13	5.5759e-12	1.93252e-12	1.4561e-11	7.65584e-12	1.11135e-11	3.42234e-11	3.64764e-11	1.06549e-10	1.96101e-10	1.86164e-10	8.41612e-10	
3.41199e-10	2.35326e-09	1.24987e-09	3.06208e-09	1.97077e-09	1.0526e-09	8.69469e-09	2.83979e-09	9.9006e-09	4.65455e-09	5.93935e-09	4.31243e-09	6.75837e-09	2.1666e-09	2.00336e-08	3.04992e-09	5.63277e-09	1.32643e-09	9.52754e-09	2.47848e-09	
1.82478e-09	1.88796e-09	7.4151e-10	1.34267e-09	8.98169e-10	3.58151e-10	1.6666e-10	2.0509e-10	8.0861e-11	0	0	0	0	0	1.25011e-26	4.6856e-23	6.81643e-24	1.18998e-22	7.49944e-22	2.2972e-22	
5.48878e-21	4.9178e-22	6.00779e-21	1.09419e-21	1.41757e-20	2.27199e-19	4.60917e-20	2.59982e-19	1.69473e-19	1.18736e-18	8.76384e-19	5.78159e-19	1.65884e-18	5.2286e-19	9.73369e-19	1.55302e-18	3.09356e-18	2.10276e-18	2.18526e-18	2.20688e-17	
7.15296e-18	1.33053e-18	3.09708e-17	9.63438e-18	5.05222e-18	4.6138e-19	2.1901e-17	7.02579e-18	3.28833e-18	2.41089e-19	1.83404e-18	1.69274e-18	1.76335e-18	1.63827e-18	4.88356e-19	7.12948e-20	2.06404e-19	2.59256e-19	6.04276e-20	0	
0	0	0	0	0	0	0	0	0	0	0	0	0	0	0	0	0	0	0	0	
0	0	0	0	0	0	0	0	0	0	0	0	0	0	0	0	0	0	0	0	
0	0	0	0	0	0	0	0	0	0	0	0	0	0	0	0	0	0	0	0	
0	0	0	0	0	0	0	0	0	0	0	0	0	0	0	0	0	0	0	0	
0	0	0	0	0	0	0	0	0	0	0	0	0	0	0	0	0	0	0	0	
0	0	0	0	0	0	0	0	0	0	0	0	0	0	0	0	0	0	0	0	
0	0	0	0	0	0	0	0	0	0	0	0	0	0	0	0	0	0	0	0	
0	0	0	0	0	0	0	0	0	0	0	0	0	0	0	0	0	0	0	0	
0	0	0	0	0	0	0	0	0	0	0	0	0	0	0	0	0	0	0	0	
0	0	0	0	0	0	0	0	0	0	0	0	0	0	0	0	0	0	0	0	
0	0	0	0	0	0	0	0	0	0	0	0	0	0	0	0	0	0	0	0	
0	0	0	0	0	0	0	0	0	0	0	0	0	0	0	0	0	0	0	0	
0	0	0	0	0	0	0	0	0	0	0	0	0	0	0	0	0	0	0	0	
0	0	0	0	0	0	0	0	0	0	0	0	0	0	0	0	0	0	0	0	
0	0	0	0	0	0	0	0	0	0	0	0	0	0	0	0	0	0	0	0	
0	0	0	0	0	0	0	0	0	0	0	0	0	0	0	0	0	0	0	0	
0	0	0	0	0	0	0	0	0	0	0	0	0	0	0	0	0	0	0	0	
0	0	0	0	0	0	0	0	0	0	0	0	0	0	0	0	0	0	0	0	
0	0	0	0	0	0	0	0	0	0	0	0	0	0	0	0	0	0	0	0	
0	0	0	0	0	0	0	0	0	0	0	0	0	0	0	0	0	0	0	0	
0	0	0	0	0	0	0	0	0	0	0	0	0	0	0	0	0	0	0	0	
0	0	0	0	0	0	0	0	0	0	0	0	0	0	0	0	0	0	0	0	
0	0	0	0	0	0	0	0	0	0	0	0	0	0	0	0	0	0	0	0	
0	0	0	0	0	0	0	0	0	0	0	0	0	0	0	0	0	0	0	0	
0	0	0	0	0	0	0	0	0	0	0	0	0	0	0	0	0	0	0	0	
0	0	0	0	0	0	0	0	0	0	0	0	0	0	0	0	0	0	0	0	
0	0	0	0	0	0	0	0	0	0	0	0	0	0	0	0	0	0	0	0	
0	0	0	0	0	0	0	0	0	0	0	0	0	0	0	0	0	0	0	0	
0	0	0	0	0	0	0	0	0	0	0	0	0	0	0	0	0	0	0	0	
0	0	0	0	0	0	0	0	0	0	0	0	0	0	0	0	0	0	0	0	
0	0	0	0	0	0	0	0	0	0	0	0	0	0	0	0	0	0	0	0	
0	0	0	0	0	0	0	0	0	0	0	0	0	0	0	0	0	0	0	0	
0	0	0	0	0	0	0	0	0	0	0	0	0	0	0	0	0	0	0	0	
0	0	0	0	0	0	0	0	0	0	0	0	0	0	0	0	0	0	0	0	
0	0	0	0	0	0	0	0	0	0	0	0	0	0	0	0	0	0	0	0	
0	0	0	0	0	0.000262398	0	0	0	0	0.0987849	0	0	0	0	0	0	0	0	0	
0	0	0	0	0	0	0	0	0	0	0	0	0	0	0	0	0	0	0	0	
0	0	0	0	0	0	0	0	0	0	0	0	0	0	5.13672e-05	4.02607	91.3677	52.069	190.126	185.406	
834.343	761.941	16417	2575.51	37764.5	7095.41	145279	14852.5	91634.7	49609.3	259330	145408	582447	534991	497750	201738	2.67615e+06	414063	709350	861219	
882698	879028	552223	2.84242e+06	446004	471220	384625	1.98345e+06	146058	425265	21151.7	723376	94378.1	171923	35884.4	42520.3	4745.43	5514.31	2066.85	0	
0	0	0	5.53355e-13	0.000473333	0.809088	14.9622	12.531	21.7672	219.209	79.5491	588.536	575.592	1908.81	4764.96	5140.84	15674.7	26224.7	24009.9	51434.7	
62771.1	107945	113447	58193	484486	140042	1.35216e+06	233659	695982	329291	1.20053e+06	227042	574883	379539	380651	268140	314763	295938	289411	163652	
148252	112953	92889.9	58944.4	20889.4	39979.8	8467.83	21196.2	5043.35	0	0	0	0	2.90387e-14	6.26827e-06	0.000974488	0.00232516	0.00835665	0.0389411	0.0802423	
0.0671585	0.121911	0.194784	0.587519	0.393447	1.91066	2.6038	3.26918	5.36848	6.74643	37.7319	18.4679	56.708	12.2107	53.1653	50.7248	52.2903	97.6411	75.3976	49.3336	
289.459	29.6012	188.358	21.9911	286.717	23.8562	83.5639	24.7618	92.6895	28.2261	37.7055	10.8093	8.73778	14.3412	8.86093	10.3805	2.83837	1.9001	0.349932	0	
0	0	2.20523e-27	3.37578e-17	9.21449e-13	4.63728e-11	3.76589e-11	5.50057e-11	1.88431e-10	1.65553e-09	7.87903e-10	8.31046e-09	2.05626e-09	1.99218e-08	5.22052e-09	6.50881e-08	2.29461e-08	1.58936e-07	4.03063e-08	5.14373e-07	
1.23391e-07	4.35593e-07	3.32681e-07	1.26102e-06	6.57031e-07	1.14751e-06	4.11206e-07	1.8314e-06	1.15479e-06	1.91629e-06	1.47625e-06	1.69054e-06	1.76297e-06	8.00444e-07	1.24895e-06	1.61601e-06	1.80732e-06	4.63505e-07	9.80961e-07	6.45356e-07	
4.25671e-07	2.5555e-07	3.15722e-07	1.56452e-07	4.88429e-07	6.67406e-08	5.13853e-08	2.70405e-08	1.09671e-08	0	0	0	0	3.36562e-23	2.99408e-20	3.90886e-20	1.4223e-19	5.57244e-19	3.02581e-19	3.85579e-18	
1.81756e-18	2.1927e-17	8.1524e-18	3.39027e-17	8.86302e-17	1.12184e-16	2.55459e-16	6.72194e-16	2.01604e-16	1.52366e-15	3.05429e-16	1.50378e-15	2.67648e-15	3.15214e-15	1.95204e-15	1.88284e-15	2.09796e-15	2.36919e-14	2.48948e-15	8.06443e-15	
7.98953e-15	3.3573e-13	3.14255e-15	1.37155e-14	1.33506e-14	8.14078e-14	2.31994e-15	1.98738e-14	9.37418e-15	1.16368e-13	9.57496e-16	8.22832e-16	4.46435e-15	5.22432e-16	2.6985e-14	2.31945e-15	1.84197e-15	6.00706e-17	4.26868e-17	0	
0	0	0	0	0	0	0	0	0	0	0	0	0	0	0	0	0	0	0	0	
0	0	0	0	0	0	0	0	0	0	0	0	0	0	0	0	0	0	0	0	
0	0	0	0	0	0	0	0	0	0	0	0	0	0	0	0	0	0	0	0	
0	0	0	0	0	0	0	0	0	0	0	0	0	0	0	0	0	0	0	0	
0	0	0	0	0	0	0	0	0	0	0	0	0	0	0	0	0	0	0	0	
0	0	0	0	0	0	0	0	0	0	0	0	0	0	0	0	0	0	0	0	
0	0	0	0	0	0	0	0	0	0	0	0	0	0	0	0	0	0	0	0	
0	0	0	0	0	0	0	0	0	0	0	0	0	0	0	0	0	0	0	0	
0	0	0	0	0	0	0	0	0	0	0	0	0	0	0	0	0	0	0	0	
0	0	0	0	0	0	0	0	0	0	0	0	0	0	0	0	0	0	0	0	
0	0	0	0	0	0	0	0	0	0	0	0	0	0	0	0	0	0	0	0	
0	0	0	0	0	0	0	0	0	0	0	0	0	0	0	0	0	0	0	0	
0	0	0	0	0	0	0	0	0	0	0	0	0	0	0	0	0	0	0	0	
0	0	0	0	0	0	0	0	0	0	0	0	0	0	0	0	0	0	0	0	
0	0	0	0	0	0	0	0	0	0	0	0	0	0	0	0	0	0	0	0	
0	0	0	0	0	0	0	0	0	0	0	0	0	0	0	0	0	0	0	0	
0	0	0	0	0	0	0	0	0	0	0	0	0	0	0	0	0	0	0	0	
0	0	0	0	0	0	0	0	0	0	0	0	0	0	0	0	0	0	0	0	
0	0	0	0	0	0	0	0	0	0	0	0	0	0	0	0	0	0	0	0	
0	0	0	0	0	0	0	0	0	0	0	0	0	0	0	0	0	0	0	0	
0	0	0	0	0	0	0	0	0	0	0	0	0	0	0	0	0	0	0	0	
0	0	0	0	0	0	0	0	0	0	0	0	0	0	0	0	0	0	0	0	
0	0	0	0	0	0	0	0	0	0	0	0	0	0	0	0	0	0	0	0	
0	0	0	0	0	0	0	0	0	0	0	0	0	0	0	0	0	0	0	0	
0	0	0	0	0	0	0	0	0	0	0	0	0	0	0	0	0	0	0	0	
0	0	0	0	0	0	0	0	0	0	0	0	0	0	0	0	0	0	0	0	
0	0	0	0	0	0	0	0	0	0	0	0	0	0	0	0	0	0	0	0	
0	0	0	0	0	0	0	0	0	0	0	0	0	0	0	0	0	0	0	0	
0	0	0	0	0	0	0	0	0	0	0	0	0	0	0	0	0	0	0	0	
0	0	0	0	0	0	0	0	0	0	0	0	0	0	0	0	0	0	0	0	
0	0	0	0	0	0	0	0	0	0	0	0	0	0	0	0	0	0	0	0	
0	0	0	0	0	0	0	0	0	0	0	0	0	0	0	0	0	0	0	0	
0	0	0	0	0	0	0	0	0	0	0	0	0	0	0	0	0	0	0	0	
0	0	0	0	0	0	0	0	0	0	0	0	0	0	0	0	0	0	0	0	
0	0	0	0	0	0	0	0	0	0	0	0	0	0	0	0	0	0	0	0	
0	0	0	0	0	4.66434e-05	0	0	0	0	0	0	0	0	0	0	0	0	0	0	
0	0	0	0	0	0	0	0	0	0	0	0	0	0	0	0	0	0	0	0	
0	0	0	0	0	0	0	0	0	0	0	0	0	0	0.07635	216.461	976.599	5091.06	11223.8	12531.7	
82278.1	30978.7	172469	84956.7	350118	180274	1.06295e+06	481312	7.82755e+06	1.64224e+06	1.50255e+07	1.00183e+07	4.30377e+07	3.1618e+06	1.39648e+07	1.15578e+07	1.06064e+08	5.8812e+06	8.68169e+07	2.39096e+07	
2.87748e+07	3.31601e+07	7.66754e+06	2.21584e+07	3.14272e+07	8.46048e+06	4.64774e+06	2.55581e+07	1.16333e+07	1.5963e+07	2.35273e+06	1.21309e+06	980480	7.49165e+06	441204	345842	35233.2	98481.3	18602.1	0	
0	0	0	1.00036e-06	0.764132	23.3844	68.9836	321.078	228.601	2744.88	1645.19	7663.33	8786.36	13360.5	23563.1	40490.6	75250.2	147166	184665	469748	
619536	760753	299182	2.13716e+06	1.45996e+06	3.60561e+06	1.78323e+06	913349	4.11116e+06	1.48527e+06	1.91575e+06	557467	1.21923e+07	998099	1.4065e+06	683130	4.95039e+06	550929	897450	198920	
1.06613e+06	1.89051e+06	185498	157394	70073.9	297505	15693.7	44190.9	15056.5	0	0	0	7.61349e-21	1.36855e-07	0.0176638	0.129456	0.0891904	1.58855	0.463094	11.4225	
2.15899	49.491	22.067	86.1223	67.5633	101.655	166.129	401.948	398.849	1886.38	463.356	3277.67	592.596	3175.73	814.763	5017.14	2941.71	15164.2	1934.93	6387.2	
10492.3	5956.26	4098.98	2905.49	3811.88	2584.44	3197.62	1432.99	3680.83	842.989	873.838	538.006	833.383	208.253	267.499	95.7431	122.796	39.714	24.8864	0	
0	0	1.94809e-22	6.9169e-15	1.03453e-10	3.85175e-09	4.40948e-09	5.37196e-09	8.94797e-09	6.4587e-08	5.72081e-08	3.5537e-07	1.99615e-07	4.32189e-06	4.82711e-07	1.27453e-05	1.70942e-06	8.73974e-06	4.22299e-06	2.09095e-05	
6.33372e-06	1.87943e-05	2.00273e-05	9.41071e-05	2.26411e-05	8.81001e-05	4.86687e-05	0.000232593	5.91329e-05	0.000407036	0.000137551	0.000120717	0.000412294	0.000841681	0.000129292	5.26085e-05	0.000844834	0.000400385	8.81387e-05	1.95165e-05	
0.00027638	0.000481384	0.000860126	7.53841e-06	8.73396e-06	1.87147e-05	2.44651e-05	9.96343e-05	8.11376e-05	0	0	0	4.15777e-26	1.5511e-19	1.09318e-17	4.40325e-17	8.5364e-17	1.8893e-16	3.12092e-16	2.97769e-16	
1.83008e-14	1.06914e-15	1.00177e-14	2.55834e-15	2.54692e-14	7.60401e-15	6.89722e-14	1.93238e-14	1.63155e-13	4.36911e-14	3.53763e-13	2.409e-13	2.94306e-13	2.6207e-13	2.22239e-13	2.25072e-13	2.17721e-12	4.91175e-13	1.24713e-13	2.10681e-12	
4.32821e-13	2.12341e-13	1.63245e-12	1.15567e-12	1.64806e-13	1.18904e-13	4.82362e-13	7.34753e-13	6.80027e-14	4.18787e-14	7.31301e-14	2.91616e-13	5.47993e-14	6.23036e-14	5.0856e-15	1.25628e-15	2.73049e-15	1.37792e-15	6.08766e-15	0	
0	0	0	1.16718e-34	7.87835e-32	5.19376e-32	4.00689e-31	5.81784e-31	1.47545e-30	4.22954e-30	1.94889e-29	1.81465e-29	2.22621e-29	4.39417e-29	5.19359e-29	1.10385e-28	3.18886e-28	2.75927e-28	1.0769e-27	2.53275e-27	
1.99512e-27	2.20634e-27	1.76433e-27	7.18127e-27	3.00712e-27	7.03753e-27	6.05284e-27	6.04769e-27	3.69974e-27	9.10767e-27	4.82164e-27	1.08389e-26	4.75131e-26	1.36705e-26	2.586e-27	2.14112e-26	1.39826e-26	6.4166e-27	1.32909e-27	1.07598e-26	
6.61704e-27	2.40893e-26	2.20742e-27	5.15991e-28	1.66847e-28	2.56142e-28	6.45491e-28	1.918e-28	6.12069e-28	0	0	0	0	0	0	0	0	0	0	0	
0	0	0	0	0	0	0	0	0	0	0	0	0	0	0	0	0	0	0	0	
0	0	0	0	0	0	0	0	0	0	0	0	0	0	0	0	0	0	0	0	
0	0	0	0	0	0	0	0	0	0	0	0	0	0	0	0	0	0	0	0	
0	0	0	0	0	0	0	0	0	0	0	0	0	0	0	0	0	0	0	0	
0	0	0	0	0	0	0	0	0	0	0	0	0	0	0	0	0	0	0	0	
0	0	0	0	0	0	0	0	0	0	0	0	0	0	0	0	0	0	0	0	
0	0	0	0	0	0	0	0	0	0	0	0	0	0	0	0	0	0	0	0	
0	0	0	0	0	0	0	0	0	0	0	0	0	0	0	0	0	0	0	0	
0	0	0	0	0	0	0	0	0	0	0	0	0	0	0	0	0	0	0	0	
0	0	0	0	0	0	0	0	0	0	0	0	0	0	0	0	0	0	0	0	
0	0	0	0	0	0	0	0	0	0	0	0	0	0	0	0	0	0	0	0	
0	0	0	0	0	0	0	0	0	0	0	0	0	0	0	0	0	0	0	0	
0	0	0	0	0	0	0	0	0	0	0	0	0	0	0	0	0	0	0	0	
0	0	0	0	0	0	0	0	0	0	0	0	0	0	0	0	0	0	0	0	
0	0	0	0	0	0	0	0	0	0	0	0	0	0	0	0	0	0	0	0	
0	0	0	0	0	0	0	0	0	0	0	0	0	0	0	0	0	0	0	0	
0	0	0	0	0	0	0	0	0	0	0	0	0	0	0	0	0	0	0	0	
0	0	0	0	0	0	0	0	0	0	0	0	0	0	0	0	0	0	0	0	
0	0	0	0	0	0	0	0	0	0	0	0	0	0	0	0	0	0	0	0	
0	0	0	0	0	0	0	0	0	0	0	0	0	0	0	0	0	0	0	0	
0	0	0	0	0	0	0	0	0	0	0	0	0	0	0	0	0	0	0	0	
0	0	0	0	0	0	0	0	0	0	0	0	0	0	0	0	0	0	0	0	
0	0	0	0	0	0	0	0	0	0	0	0	0	0	0	0	0	0	0	0	
0	0	0	0	0	0	0	0	0	0	0	0	0	0	0	0	0	0	0	0	
0	0	0	0	0	0	0	0	0	0	0	0	0	0	0	0	0	0	0	0	
0	0	0	0	0	0	0	0	0	0	0	0	0	0	0	0	0	0	0	0	
0	0	0	0	0	0	0	0	0	0	0	0	0	0	0	0	0	0	0	0	
0	0	0	0	0	0	0	0	0	0	0	0	0	0	0	0	0	0	0	0	
0	0	0	0	0	0	0	0	0	0	0	0	0	0	0	0	0	0	0	0	
0	0	0	0	0	0	0	0	0	0	0	0	0	0	0	0	0	0	0	0	
0	0	0	0	0	0	0	0	0	0	0	0	0	0	0	0	0	0	0	0	
0	0	0	0	0	0	0	0	0	0	0	0	0	0	0	0	0	0	0	0	
0	0	0	0	0	0	0	8.75283e-08	0	0	0	0	0	0	0	0	0	0	0	0	
0	0	0	0	0	0	0	0	0	0	0	0	0	0	0	0	0	0	0	0	
0	0	0	0	0	0	0	0	0	0	0	0	0	0.00157317	3.31477	101.276	426.511	557.687	1459.8	21575.8	
12968	199258	12479.2	113117	27301	238653	88692.9	617092	274484	5.76429e+06	475621	1.09691e+06	491139	1.55305e+06	1.75719e+07	1.73259e+06	4.24851e+06	3.15132e+06	5.50771e+06	1.13469e+06	
9.27538e+06	1.62803e+06	5.14004e+06	2.04504e+06	2.26587e+06	1.4475e+06	4.98284e+06	2.35078e+06	4.04158e+06	664988	561364	26957.6	35429	1.02512e+06	557229	232784	25407.7	94699.4	513.52	0	
0	0	0	1.26942e-05	3.08296	444.283	162.223	349.089	1535.46	2847.37	22925.9	21033.9	49307.2	54606.9	91888.4	288127	66067.5	758331	3.26253e+06	1.64014e+06	
4.28737e+06	1.47881e+06	1.70134e+07	3.8098e+06	9.1061e+06	3.43362e+07	2.74402e+06	2.74806e+07	4.24108e+06	1.39673e+07	4.0601e+07	6.07371e+07	2.09382e+07	1.72643e+07	2.53982e+07	2.25234e+06	1.7372e+07	6.833e+06	1.79796e+07	1.84058e+06	
4.37965e+06	1.03477e+06	4.04763e+06	1.0369e+06	1.78826e+06	343326	378178	170429	106996	0	0	0	6.67078e-13	4.99071e-05	0.0311571	0.383069	0.552572	1.36132	2.54813	4.78265	
19.1243	24.9176	29.8724	57.9238	96.7334	193.344	546.094	450.579	867.528	754.418	4341.87	3987.2	7932.05	7277.43	3387.01	41296.8	3970.81	15577.3	20102.4	7998.01	
5992.87	86813.1	10046.4	7875.5	25462.4	22601.2	26577	3765.92	6990.65	15084	3504.5	1621.47	1844.47	682.353	1394.36	263.197	380.206	139.373	162.967	0	
0	0	1.0166e-19	2.20931e-08	2.2618e-06	2.52608e-06	1.37002e-05	1.56576e-05	7.85226e-05	5.07921e-05	0.000465853	0.000448059	0.00074288	0.000666365	0.00327763	0.00218618	0.00719789	0.00823336	0.0271743	0.0185966	
0.0432442	0.0317359	0.0354443	0.0356081	0.134313	0.0687617	0.299754	0.0737159	0.106013	0.24679	0.0600257	0.0836115	0.0782971	0.0811756	0.0429374	0.0811437	0.0395515	0.0903672	0.00693858	0.0346096	
0.0109828	0.0202101	0.00599904	0.0107798	0.00142327	0.00162304	0.00209518	0.000935637	0.000536808	0	0	2.51311e-36	2.48597e-21	3.04697e-18	9.12134e-17	1.0121e-16	1.93756e-16	4.30511e-16	1.71481e-15	1.5823e-15	
1.5332e-14	3.4946e-15	2.62064e-14	1.05746e-14	6.07966e-14	3.47944e-14	1.89639e-13	1.33252e-13	4.5997e-13	1.93226e-13	9.64038e-13	3.39533e-13	1.07366e-12	7.73682e-13	1.30044e-12	1.27496e-12	2.22719e-12	1.52372e-12	3.36311e-12	1.1436e-12	
2.05186e-12	1.37153e-12	1.45059e-12	1.69934e-12	8.89698e-13	1.35747e-12	6.26342e-13	7.82419e-13	3.2903e-13	5.20901e-13	1.92062e-13	2.53796e-13	9.16508e-14	1.12344e-13	1.34955e-13	4.16012e-14	2.67836e-14	1.10748e-14	1.10284e-14	0	
0	0	2.6629e-34	8.0523e-29	5.32171e-27	1.79388e-27	9.15695e-27	4.30824e-26	2.16062e-25	1.05508e-25	2.36025e-24	2.52686e-25	3.23321e-24	6.08504e-25	9.30066e-24	1.97586e-24	4.35435e-23	1.35888e-23	8.40398e-23	2.95799e-23	
2.5723e-22	4.84417e-23	7.77593e-22	9.66292e-23	7.49009e-22	4.10802e-22	5.59761e-22	3.85116e-22	8.79411e-22	1.63447e-22	1.86285e-21	5.63966e-22	3.97942e-22	8.37045e-22	5.13111e-22	2.39387e-22	2.07964e-22	6.43349e-22	3.59254e-22	2.03203e-22	
7.4295e-23	6.58309e-23	4.12842e-23	1.48336e-22	1.46821e-23	1.19343e-23	2.31417e-24	4.27114e-24	1.44445e-24	0	0	0	0	0	0	0	0	0	0	0	
0	0	0	0	0	0	0	0	0	0	0	0	0	0	0	0	0	0	0	0	
0	0	0	0	0	0	0	0	0	0	0	0	0	0	0	0	0	0	0	0	
0	0	0	0	0	0	0	0	0	0	0	0	0	0	0	0	0	0	0	0	
0	0	0	0	0	0	0	0	0	0	0	0	0	0	0	0	0	0	0	0	
0	0	0	0	0	0	0	0	0	0	0	0	0	0	0	0	0	0	0	0	
0	0	0	0	0	0	0	0	0	0	0	0	0	0	0	0	0	0	0	0	
0	0	0	0	0	0	0	0	0	0	0	0	0	0	0	0	0	0	0	0	
0	0	0	0	0	0	0	0	0	0	0	0	0	0	0	0	0	0	0	0	
0	0	0	0	0	0	0	0	0	0	0	0	0	0	0	0	0	0	0	0	
0	0	0	0	0	0	0	0	0	0	0	0	0	0	0	0	0	0	0	0	
0	0	0	0	0	0	0	0	0	0	0	0	0	0	0	0	0	0	0	0	
0	0	0	0	0	0	0	0	0	0	0	0	0	0	0	0	0	0	0	0	
0	0	0	0	0	0	0	0	0	0	0	0	0	0	0	0	0	0	0	0	
0	0	0	0	0	0	0	0	0	0	0	0	0	0	0	0	0	0	0	0	
0	0	0	0	0	0	0	0	0	0	0	0	0	0	0	0	0	0	0	0	
0	0	0	0	0	0	0	0	0	0	0	0	0	0	0	0	0	0	0	0	
0	0	0	0	0	0	0	0	0	0	0	0	0	0	0	0	0	0	0	0	
0	0	0	0	0	0	0	0	0	0	0	0	0	0	0	0	0	0	0	0	
0	0	0	0	0	0	0	0	0	0	0	0	0	0	0	0	0	0	0	0	
0	0	0	0	0	0	0	0	0	0	0	0	0	0	0	0	0	0	0	0	
0	0	0	0	0	0	0	0	0	0	0	0	0	0	0	0	0	0	0	0	
0	0	0	0	0	0	0	0	0	0	0	0	0	0	0	0	0	0	0	0	
0	0	0	0	0	0	0	0	0	0	0	0	0	0	0	0	0	0	0	0	
0	0	0	0	0	0	0	0	0	0	0	0	0	0	0	0	0	0	0	0	
0	0	0	0	0	0	0	0	0	0	0	0	0	0	0	0	0	0	0	0	
0	0	0	0	0	0	0	0	0	0	0	0	0	0	0	0	0	0	0	0	
0	0	0	0	0	0	0	0	0	0	0	0	0	0	0	0	0	0	0	0	
0	0	0	0	0	0	0	0	0	0	0	0	0	0	0	0	0	0	0	0	
0	0	0	0	0	0	0	0	0	0	0	0	0	0	0	0	0	0	0	0	
0	0	0	0	0	0	0	0	0	0	0	0	0	0	0	0	0	0	0	0	
0	0	0	0	0	0	0	0	0	0	0	0	0	0	0	0	0	0	0	0	
0	0	0	0	0	0	0	0	0	0	0	0	0	0	0	0	0	0	0	0	
0	0	0	0	0	0	0	0.000310211	0	0	0	0	0	0	0	0	0	0	0	0	
0	0	0	0	0	0	0	0	0	0	0	0	0	0	0	0	0	0	0	0	
0	0	0	0	0	0	0	0	0	0	0	0	0	0.000139043	0.959585	131.608	41.9368	203.056	119.898	1377.68	
1972.42	6707.59	8269.98	13885.6	15664.1	49192.9	49572.9	109338	222574	180283	336399	297140	44263.9	1.39591e+06	92534.6	660464	1.15186e+06	311076	1.02896e+06	1.12734e+06	
226767	250376	1.60451e+06	18938.9	355651	149869	1.12261e+06	4685.04	170979	22181.8	101605	14121.6	1680.3	456.927	9514.7	9672.7	7563.71	7382.2	778.424	0	
0	0	4.43638e-11	0.0212007	91.4033	1216.03	814.067	7495.96	6228.28	19155.6	23324.3	84168.9	40490.7	148658	129910	455332	350764	1.28979e+06	723583	3.47875e+06	
968171	1.82991e+07	2.65054e+06	6.36734e+06	3.87772e+06	5.72955e+06	9.76376e+06	1.38056e+07	3.00558e+06	5.20879e+07	4.84098e+06	8.9228e+06	9.10217e+06	1.38528e+07	1.7365e+06	8.43132e+06	8.78419e+06	4.46131e+06	1.36228e+06	1.35027e+06	
1.67407e+06	759951	1.49523e+06	119898	636398	74247.6	134363	24605.3	38375.6	0	0	0	2.94209e-11	0.00302795	1.00574	0.480652	1.51229	3.78895	13.5341	21.3575	
51.9341	25.9558	155.983	87.6714	820.232	485.004	1540.8	887.264	2852.82	2043.28	2741.75	6390.35	6046.56	11362	19718.7	8739.26	17672.4	15259.5	10028.8	34111.9	
10621.1	16263.7	6691.74	59072.6	5627.52	5937.57	6038.98	36370.6	3154.85	6312.48	1109.79	4247.87	4289.25	2883.51	441.981	149.045	447.769	90.2401	128.998	0	
0	2.7497e-25	2.23687e-10	1.66061e-06	1.0004e-05	2.99411e-05	6.2792e-05	6.04259e-05	0.000160593	0.000384708	0.00192535	0.0031566	0.00390261	0.00371974	0.0084724	0.0097874	0.0350836	0.0293841	0.0815708	0.0555999	
0.0798531	0.10406	0.283606	0.0519566	0.691955	0.114408	0.624425	0.261234	0.323338	0.21757	0.940115	0.174204	0.217701	0.345289	0.408962	0.123523	0.0909095	0.224717	0.176247	0.140673	
0.0294616	0.0300729	0.0215192	0.0736454	0.0142688	0.00889486	0.00296973	0.00154698	0.000684271	0	0	3.83081e-27	3.67658e-19	3.11689e-15	6.91146e-13	2.14321e-13	1.78113e-12	1.15767e-12	6.66717e-12	1.00764e-11	
5.33996e-11	1.62713e-11	1.13229e-10	4.28977e-11	3.70648e-10	1.33582e-10	9.65674e-10	4.29298e-10	2.343e-09	5.90403e-10	4.33418e-09	3.56854e-09	2.36596e-08	2.76299e-09	1.67106e-08	3.45337e-09	3.06687e-08	7.58543e-09	1.53645e-08	1.32343e-08	
1.24204e-08	9.8598e-09	1.32924e-08	1.02652e-08	1.58876e-08	2.70492e-08	5.87595e-09	1.78526e-08	2.75344e-09	1.15454e-08	3.6698e-09	2.60074e-09	3.29008e-10	2.2572e-09	3.17892e-10	7.15334e-10	6.1191e-10	4.84708e-10	4.06429e-11	0	
0	5.64468e-38	4.01803e-27	1.03787e-24	4.86462e-24	5.36973e-24	9.75577e-24	1.44553e-22	4.57068e-23	1.1797e-21	1.52452e-22	9.50041e-22	3.67082e-22	1.82576e-21	1.04213e-21	4.76623e-21	6.20919e-21	1.75623e-20	6.92158e-21	8.88859e-20	
5.17656e-20	1.29699e-19	3.66046e-20	1.13854e-19	9.1343e-20	1.18644e-19	1.52347e-19	7.97602e-20	8.22284e-20	1.07941e-19	1.25801e-19	6.92481e-20	1.21486e-19	6.45524e-20	8.9769e-20	1.74325e-20	6.28287e-20	2.47165e-20	3.495e-20	8.06374e-21	
1.77321e-20	4.37062e-21	8.78891e-21	2.90745e-21	1.59328e-21	1.92231e-21	4.05047e-22	3.46433e-22	8.55212e-23	0	0	0	7.35448e-47	4.29483e-44	1.61645e-43	1.98606e-43	1.12734e-42	1.14962e-42	4.90228e-41	3.58484e-41	
1.27326e-40	4.26909e-41	2.8373e-41	8.30499e-41	9.246e-41	1.8919e-40	2.40376e-40	6.87965e-40	5.03715e-38	2.94654e-39	1.54165e-38	5.47357e-39	3.79557e-38	2.57143e-38	2.79893e-38	2.72714e-37	1.51277e-38	1.24678e-38	2.35803e-37	3.3499e-39	
4.16544e-38	1.18467e-37	1.00888e-37	6.27739e-39	6.07943e-38	9.60139e-38	3.98852e-38	4.95926e-39	1.05502e-38	3.24758e-38	4.24642e-38	9.63332e-39	1.89229e-39	1.20414e-39	2.56061e-39	5.54908e-39	6.88489e-40	1.65376e-39	1.2606e-40	0	
0	0	0	0	0	0	0	0	0	0	0	0	0	0	0	0	0	0	0	0	
0	0	0	0	0	0	0	0	0	0	0	0	0	0	0	0	0	0	0	0	
0	0	0	0	0	0	0	0	0	0	0	0	0	0	0	0	0	0	0	0	
0	0	0	0	0	0	0	0	0	0	0	0	0	0	0	0	0	0	0	0	
0	0	0	0	0	0	0	0	0	0	0	0	0	0	0	0	0	0	0	0	
0	0	0	0	0	0	0	0	0	0	0	0	0	0	0	0	0	0	0	0	
0	0	0	0	0	0	0	0	0	0	0	0	0	0	0	0	0	0	0	0	
0	0	0	0	0	0	0	0	0	0	0	0	0	0	0	0	0	0	0	0	
0	0	0	0	0	0	0	0	0	0	0	0	0	0	0	0	0	0	0	0	
0	0	0	0	0	0	0	0	0	0	0	0	0	0	0	0	0	0	0	0	
0	0	0	0	0	0	0	0	0	0	0	0	0	0	0	0	0	0	0	0	
0	0	0	0	0	0	0	0	0	0	0	0	0	0	0	0	0	0	0	0	
0	0	0	0	0	0	0	0	0	0	0	0	0	0	0	0	0	0	0	0	
0	0	0	0	0	0	0	0	0	0	0	0	0	0	0	0	0	0	0	0	
0	0	0	0	0	0	0	0	0	0	0	0	0	0	0	0	0	0	0	0	
0	0	0	0	0	0	0	0	0	0	0	0	0	0	0	0	0	0	0	0	
0	0	0	0	0	0	0	0	0	0	0	0	0	0	0	0	0	0	0	0	
0	0	0	0	0	0	0	0	0	0	0	0	0	0	0	0	0	0	0	0	
0	0	0	0	0	0	0	0	0	0	0	0	0	0	0	0	0	0	0	0	
0	0	0	0	0	0	0	0	0	0	0	0	0	0	0	0	0	0	0	0	
0	0	0	0	0	0	0	0	0	0	0	0	0	0	0	0	0	0	0	0	
0	0	0	0	0	0	0	0	0	0	0	0	0	0	0	0	0	0	0	0	
0	0	0	0	0	0	0	0	0	0	0	0	0	0	0	0	0	0	0	0	
0	0	0	0	0	0	0	0	0	0	0	0	0	0	0	0	0	0	0	0	
0	0	0	0	0	0	0	0	0	0	0	0	0	0	0	0	0	0	0	0	
0	0	0	0	0	0	0	0	0	0	0	0	0	0	0	0	0	0	0	0	
0	0	0	0	0	0	0	0	0	0	0	0	0	0	0	0	0	0	0	0	
0	0	0	0	0	0	0	0	0	0	0	0	0	0	0	0	0	0	0	0	
0	0	0	0	0	0	0	0	0	0	0	0	0	0	0	0	0	0	0	0	
0	0	0	0	0	0	0	0	0	0	0	0	0	0	0	0	0	0	0	0	
0	0	0	0	6.64602e-06	0	0	0	0	0	0	0	0	0	0	0	0	0	0	0	
0	0	0	0	0	0	0	0	0	0	0	0	0	0	0	0	0	0	0	0	
0	0	0	0	0	0	0	0	0	0	0	0	0	0.000188756	16.7463	61.9322	205.611	496.24	477.065	6156.05	
675.845	30774.9	4048.75	50791.8	21054.8	165951	56917.1	517582	88142	371592	16288.2	1.3552e+06	48592.8	2.19969e+06	147327	364435	669749	7728.86	213793	2.01611e+06	
1955.18	1.11265e+06	532773	1.07335e+06	81415.1	237887	382757	962555	2548.01	32985.9	43164.2	18403	363.715	107.696	582.964	717.154	9643.21	420.068	887.459	0	
0	0	3.95567e-07	8.28982	3076.28	8555.18	14948.4	18975	90079	100365	424482	501262	947840	687560	3.35374e+06	2.34863e+06	9.66103e+06	8.98386e+06	1.58733e+07	1.47774e+07	
4.72076e+07	3.65569e+07	5.71463e+07	8.66576e+07	7.14063e+07	1.45854e+08	9.73082e+07	9.88029e+07	9.1887e+07	1.48853e+08	9.09662e+07	2.23486e+08	1.66785e+07	1.90871e+08	3.64756e+07	8.22751e+07	9.98616e+06	9.22023e+07	1.86699e+07	2.94689e+07	
1.35441e+06	4.19887e+06	9.86505e+06	9.22615e+06	1.54137e+06	939544	2.97815e+06	333788	51188.4	0	0	7.65233e-18	4.5909e-05	0.229344	2.47658	1.30361	8.54491	6.94794	100.591	56.3295	
346.88	113.793	546.978	676.844	1823.93	1881.14	7280.55	2436.34	9376.76	17060.4	34505.6	17646.4	81438.3	22680.6	93072.4	30931.8	575560	38530.5	97156	123512	
55291	60592.3	157587	76855.2	59063.6	84479.6	81972.1	77378.7	13541.2	20821.8	20055.5	30754.6	4087.87	6044.03	825.891	2749.04	1487.17	2032.73	704.527	0	
0	3.69844e-18	7.38065e-09	6.37882e-07	5.10737e-06	4.30802e-06	2.84654e-05	2.04132e-05	9.26328e-05	0.000171533	0.000433677	0.000458594	0.000706226	0.00144773	0.00388395	0.00427521	0.011976	0.00963577	0.0285076	0.0198536	
0.0244479	0.0358766	0.0444652	0.0366453	0.0935623	0.0349078	0.111762	0.0827778	0.145116	0.0908432	0.152856	0.0939357	0.108032	0.10893	0.051738	0.0718903	0.0397997	0.101055	0.0515201	0.0193348	
0.00689227	0.0185561	0.00745585	0.0122843	0.00259281	0.0016627	0.00052528	0.000399267	0.000389056	0	3.98182e-37	1.39087e-22	4.69851e-15	4.20941e-12	1.3135e-11	4.39701e-11	2.21488e-11	2.40079e-10	3.35728e-09	3.83903e-10	
5.59745e-09	8.87543e-10	4.97235e-09	1.55421e-08	2.08199e-08	4.14311e-08	4.38767e-08	8.75692e-08	2.56519e-07	1.43933e-07	9.94367e-07	2.22652e-07	1.04759e-06	3.91516e-07	1.24989e-06	7.72315e-07	1.43901e-06	8.94282e-07	3.47143e-06	4.10743e-07	
2.47882e-06	5.75819e-07	2.5086e-06	2.81546e-07	1.4482e-06	2.02284e-07	9.43089e-07	1.82142e-07	2.8664e-07	1.95728e-07	1.71636e-07	1.21459e-07	5.32062e-08	4.53204e-08	1.60362e-08	1.9358e-08	2.76841e-09	7.14771e-09	7.18497e-10	0	
0	4.56276e-31	8.3196e-25	2.6169e-24	4.01117e-24	1.58047e-22	1.40476e-23	1.28434e-22	3.83747e-23	7.48031e-22	9.33692e-22	7.91783e-22	3.37287e-21	8.31984e-21	3.36938e-21	2.16685e-20	7.00774e-21	3.80301e-20	4.56345e-20	8.27175e-20	
6.54662e-20	1.02118e-19	1.3217e-20	8.36454e-20	4.68889e-20	3.91055e-19	4.34441e-20	3.55462e-19	1.58151e-19	8.61379e-20	8.23839e-20	3.18597e-19	3.09503e-20	1.3395e-19	1.49766e-19	1.05987e-19	2.62759e-20	2.31808e-20	1.29889e-19	2.23753e-20	
1.76369e-20	1.70827e-21	5.18841e-21	6.97976e-22	1.11366e-20	1.17057e-21	1.36795e-21	7.66863e-23	8.504e-23	0	0	0	2.61722e-40	7.6608e-39	8.60538e-39	1.29805e-37	5.58146e-38	7.20302e-37	1.95466e-37	1.73327e-36	
1.42371e-36	3.32044e-36	3.77704e-36	1.09147e-35	2.62696e-35	3.14188e-35	6.61849e-35	6.36902e-35	1.15884e-34	2.07023e-34	8.55353e-35	6.29907e-34	9.85626e-35	1.24444e-33	2.53004e-34	6.75302e-34	1.11004e-33	4.64772e-34	6.16002e-34	1.22954e-33	
6.55646e-34	3.77959e-34	1.13058e-33	8.35447e-34	2.023e-34	1.267e-34	6.13472e-34	1.9938e-34	3.18958e-34	4.24182e-35	1.1905e-34	3.54249e-35	7.31423e-35	3.89995e-35	4.26161e-35	7.52786e-36	3.93743e-36	1.96463e-36	4.81737e-37	0	
0	0	0	0	0	0	0	0	0	0	0	0	0	0	0	0	0	0	0	0	
0	0	0	0	0	0	0	0	0	0	0	0	0	0	0	0	0	0	0	0	
0	0	0	0	0	0	0	0	0	0	0	0	0	0	0	0	0	0	0	0	
0	0	0	0	0	0	0	0	0	0	0	0	0	0	0	0	0	0	0	0	
0	0	0	0	0	0	0	0	0	0	0	0	0	0	0	0	0	0	0	0	
0	0	0	0	0	0	0	0	0	0	0	0	0	0	0	0	0	0	0	0	
0	0	0	0	0	0	0	0	0	0	0	0	0	0	0	0	0	0	0	0	
0	0	0	0	0	0	0	0	0	0	0	0	0	0	0	0	0	0	0	0	
0	0	0	0	0	0	0	0	0	0	0	0	0	0	0	0	0	0	0	0	
0	0	0	0	0	0	0	0	0	0	0	0	0	0	0	0	0	0	0	0	
0	0	0	0	0	0	0	0	0	0	0	0	0	0	0	0	0	0	0	0	
0	0	0	0	0	0	0	0	0	0	0	0	0	0	0	0	0	0	0	0	
0	0	0	0	0	0	0	0	0	0	0	0	0	0	0	0	0	0	0	0	
0	0	0	0	0	0	0	0	0	0	0	0	0	0	0	0	0	0	0	0	
0	0	0	0	0	0	0	0	0	0	0	0	0	0	0	0	0	0	0	0	
0	0	0	0	0	0	0	0	0	0	0	0	0	0	0	0	0	0	0	0	
0	0	0	0	0	0	0	0	0	0	0	0	0	0	0	0	0	0	0	0	
0	0	0	0	0	0	0	0	0	0	0	0	0	0	0	0	0	0	0	0	
0	0	0	0	0	0	0	0	0	0	0	0	0	0	0	0	0	0	0	0	
0	0	0	0	0	0	0	0	0	0	0	0	0	0	0	0	0	0	0	0	
0	0	0	0	0	0	0	0	0	0	0	0	0	0	0	0	0	0	0	0	
0	0	0	0	0	0	0	0	0	0	0	0	0	0	0	0	0	0	0	0	
0	0	0	0	0	0	0	0	0	0	0	0	0	0	0	0	0	0	0	0	
0	0	0	0	0	0	0	0	0	0	0	0	0	0	0	0	0	0	0	0	
0	0	0	0	0	0	0	0	0	0	0	0	0	0	0	0	0	0	0	0	
0	0	0	0	0	0	0	0	0	0	0	0	0	0	0	0	0	0	0	0	
0	0	0	0	0	0	0	0	0	0	0	0	0	0	0	0	0	0	0	0	
0	0	0	0	0	0	0	0	0	0	0	0	0	0	0	0	0	0	0	0	
0	0	0	0	0	0	0	0	0	0	0	0	0	0	0	0	0	0	0	0	
0	0	0	0	0	0	0	0	0	0	0	0	0	0	0	0	0	0	0	0	
0	0	0	0	0	0	0	0	0	0	0	0	0	0	0	0	0	0	0	0	
0	0	0	0	0	0	0	0	0	0	0	0	0	0	0	0	0	0	0	0	
0	0	0	0	0	0	0	0	0	0	0	0	9.96734e-08	0.193458	55.0531	49.1023	2201.13	899.541	6327.61	2877.99	
3023.51	46844	12146.6	188301	39442.8	614653	102944	481194	58816.7	497174	205311	611740	21463.4	833594	743531	648287	631254	3.1285e+06	184304	829483	
1.10312e+06	1.26095e+06	146606	616545	5236.72	790669	102652	277329	1299.57	7901.21	63754.1	24157.5	87643.8	45381.5	278.649	109.781	372.105	413.545	2643.27	0	
0	0	5.45658e-06	13.7333	630.549	287.153	921.65	712.598	8630.03	9273.54	38429.9	35188	137463	63345.7	393159	160806	806562	475064	1.28239e+06	418196	
6.65103e+06	406435	4.33407e+06	1.24831e+06	7.08625e+06	2.96368e+06	4.18308e+06	1.84144e+06	1.10578e+07	1.56401e+06	3.38759e+06	5.11248e+06	5.1051e+06	1.51152e+06	3.27459e+06	3.39023e+06	1.20351e+06	473014	466638	1.99829e+06	
443684	589248	71937.8	93555	24392.3	58075.7	74809.3	51479.2	3990.49	0	0	1.60296e-14	0.00221121	13.3044	18.39	30.1949	122.803	100.873	176.025	1069.1	
983.969	2075.89	1579.97	11358.4	12771	17593.6	34782.2	41874.7	115352	52708.3	109929	63930.1	112053	227141	131850	682785	338940	84388.7	625962	129662	
248250	241057	262783	53961.1	246511	119387	136164	18845.4	23540.9	34481.6	93176.5	8167.97	4102.29	5769.75	1273.66	8295.93	2206.47	4133.9	242.972	0	
0	7.08831e-15	7.21998e-08	2.2869e-06	0.000338483	0.000225808	0.000243741	0.00174482	0.000941995	0.00676763	0.023504	0.00249417	0.087687	0.0061777	0.460809	0.0113717	1.19909	0.0378076	2.31626	0.264255	
0.989775	0.579136	2.65739	2.28576	1.8074	1.56364	7.59681	0.67174	15.5175	1.44358	2.6384	3.10218	5.89073	0.551731	1.38909	1.94202	1.40721	0.812599	0.360612	1.76298	
0.511456	0.997817	0.0765046	0.095628	0.0194568	0.0526109	0.0138578	0.0592196	0.00604452	0	2.49597e-32	9.22381e-21	2.09183e-13	1.62015e-11	4.5767e-12	1.21919e-10	2.81664e-11	2.31555e-10	9.85533e-10	1.11729e-09	
9.02906e-10	2.34018e-09	3.08269e-09	7.2968e-09	1.09252e-08	1.90084e-08	2.19475e-08	5.55535e-08	6.21464e-08	1.29998e-07	9.23379e-08	1.68144e-07	2.04589e-07	8.32439e-07	9.3256e-08	1.08963e-06	4.26328e-07	2.05837e-07	3.89703e-07	8.67785e-07	
1.43476e-07	5.16784e-07	9.73044e-07	2.94152e-07	1.05912e-07	1.56264e-07	5.3346e-07	6.05086e-08	3.50369e-08	1.24043e-08	2.27832e-07	3.40988e-08	5.37757e-08	2.67319e-09	1.33942e-09	8.02984e-10	8.15201e-10	3.25542e-09	1.37342e-09	0	
2.47861e-38	5.14048e-26	3.7301e-24	5.4361e-22	1.20891e-22	7.81185e-23	5.95244e-21	2.30047e-22	1.22595e-20	2.09211e-21	3.60634e-21	1.17183e-20	8.45425e-21	5.69732e-20	2.16701e-20	1.46353e-19	6.35167e-20	2.08102e-19	2.41377e-19	2.28415e-19	
8.74741e-19	1.32273e-19	1.92542e-18	3.32809e-19	3.29002e-19	1.96545e-18	9.43916e-20	1.32536e-18	9.17425e-19	2.22426e-19	1.91192e-19	1.91567e-18	1.62731e-19	3.53583e-19	1.23096e-19	3.71723e-19	4.41778e-20	9.97608e-20	9.80151e-20	3.73709e-20	
5.53217e-20	2.28181e-20	1.18831e-20	6.55621e-21	4.70065e-21	8.87528e-22	2.73935e-21	4.61785e-22	5.55854e-22	0	0	2.32572e-39	2.28027e-37	1.3006e-35	1.95851e-36	9.8655e-36	3.74554e-35	7.74588e-36	1.24936e-34	8.0799e-35	
1.98275e-34	8.41519e-34	7.68518e-34	2.6831e-33	2.95029e-33	7.00455e-33	6.58723e-33	1.49996e-32	7.72929e-33	1.60192e-32	1.62401e-32	1.16303e-32	5.04006e-33	4.56575e-32	1.90831e-32	6.46072e-32	2.73742e-32	1.7964e-32	2.72366e-32	6.63284e-32	
3.91742e-33	4.0303e-32	1.77281e-32	2.11771e-32	2.08804e-33	4.22445e-32	8.21164e-33	5.69443e-33	7.4105e-34	1.17154e-33	4.38693e-33	3.53686e-33	6.13762e-34	7.2893e-35	7.71857e-35	2.07896e-35	7.81594e-35	4.49811e-35	9.06838e-35	0	
0	0	0	0	0	0	0	0	0	0	0	0	0	0	0	0	0	0	0	0	
2.58357e-55	0	0	0	0	1.18403e-53	0	0	1.83618e-54	0	0	7.92967e-54	0	0	0	1.99824e-54	0	0	0	3.39425e-55	
5.21761e-55	5.88353e-58	0	0	0	5.10417e-57	9.74048e-57	1.74009e-58	6.10659e-59	0	0	0	0	0	0	0	0	0	0	0	
0	0	0	0	0	0	0	0	0	0	0	0	0	0	0	0	0	0	0	0	
0	0	0	0	0	0	0	0	0	0	0	0	0	0	0	0	0	0	0	0	
0	0	0	0	0	0	0	0	0	0	0	0	0	0	0	0	0	0	0	0	
0	0	0	0	0	0	0	0	0	0	0	0	0	0	0	0	0	0	0	0	
0	0	0	0	0	0	0	0	0	0	0	0	0	0	0	0	0	0	0	0	
0	0	0	0	0	0	0	0	0	0	0	0	0	0	0	0	0	0	0	0	
0	0	0	0	0	0	0	0	0	0	0	0	0	0	0	0	0	0	0	0	
0	0	0	0	0	0	0	0	0	0	0	0	0	0	0	0	0	0	0	0	
0	0	0	0	0	0	0	0	0	0	0	0	0	0	0	0	0	0	0	0	
0	0	0	0	0	0	0	0	0	0	0	0	0	0	0	0	0	0	0	0	
0	0	0	0	0	0	0	0	0	0	0	0	0	0	0	0	0	0	0	0	
0	0	0	0	0	0	0	0	0	0	0	0	0	0	0	0	0	0	0	0	
0	0	0	0	0	0	0	0	0	0	0	0	0	0	0	0	0	0	0	0	
0	0	0	0	0	0	0	0	0	0	0	0	0	0	0	0	0	0	0	0	
0	0	0	0	0	0	0	0	0	0	0	0	0	0	0	0	0	0	0	0	
0	0	0	0	0	0	0	0	0	0	0	0	0	0	0	0	0	0	0	0	
0	0	0	0	0	0	0	0	0	0	0	0	0	0	0	0	0	0	0	0	
0	0	0	0	0	0	0	0	0	0	0	0	0	0	0	0	0	0	0	0	
0	0	0	0	0	0	0	0	0	0	0	0	0	0	0	0	0	0	0	0	
0	0	0	0	0	0	0	0	0	0	0	0	0	0	0	0	0	0	0	0	
0	0	0	0	0	0	0	0	0	0	0	0	0	0	0	0	0	0	0	0	
0	0	0	0	0	0	0	0	0	0	0	0	0	0	0	0	0	0	0	0	
0	0	0	0	0	0	0	0	0	0	0	0	0	0	0	0	0	0	0	0	
0	0	0	0	0	0	0	0	0	0	0	0	0	0	0	0	0	0	0	0	
0	0	0	0	0	0	0	0	0	0	0	0	0	0	0	0	0	0	0	0	
0	0	0	0	0	0	0	0	0	0	0	0	0	0	0	0	0	0	0	0	
0	0	0	0	0	0	0	0	0	0	0	0	0	0	0	0	0	0	0	0	
0	0	0	0	0	0	1.13997e-08	0	0	0	0	0	0	0	0	0	0	0	0	0	
0	0	0	0	0	0	0	0	0	0	0	0	0	0	0	0	0	0	0	0	
0	0	0	0	0	0	0	0	0	0	0	0	5.47491e-08	0.0250271	4.14677	11.259	15.1663	24.001	100.513	81.6865	
980.518	126.361	345.335	297.759	1123.99	935.963	5152.35	2370.23	10940.9	16019.2	10668.8	26467.1	56485	12933.4	135158	8684.85	102170	274243	731.635	43369	
222402	383.39	12889.3	48468.8	22112.4	305.883	3357.23	45633.9	3778.76	30.1406	213.633	1936.21	1120.07	2074.54	20.6171	2.39909	0.651953	0.976412	13.6435	0	
0	1.40573e-13	0.0025933	4.12887	41.3426	28.8363	57.055	325.056	586.382	2707.74	1843.85	10418.2	4496.93	6526.19	38421.5	36022.6	180349	280513	275805	244302	
195917	709267	339925	1.7768e+06	3.01821e+06	228798	2.16094e+06	265150	587886	1.15062e+06	1.43946e+06	93197.8	5.23503e+06	484869	90576.2	70682.8	3.35392e+06	250134	177395	61527.6	
22440.5	353387	54043	27523.5	10560.8	3700.65	448.699	713.437	329.853	0	0	2.94841e-11	0.00240995	0.0447983	0.105006	0.207957	0.24349	1.59365	1.55982	3.26852	
4.91215	11.8963	20.1894	16.744	65.0397	38.2767	168.805	97.6483	249.393	380.047	434.957	853.805	849.767	992.636	887.763	438.612	1876.76	510.041	863.962	1159.41	
1268.85	519.411	894.722	821.643	437.211	609.375	267.046	427.398	230.355	211.31	42.2887	88.2846	26.3458	48.6095	12.3098	14.2064	5.31187	2.67093	1.39973	0	
8.66953e-25	2.51219e-12	1.07098e-06	0.00185542	0.000484189	0.00141029	0.00554538	0.0137495	0.0488487	0.685254	0.0347564	0.913322	0.058712	4.09344	0.198304	55.2817	0.473055	114.07	0.892374	50.7811	
11.7404	61.6881	88.02	4.47412	150.515	34.8673	19.107	189.403	10.2406	14.3265	177.658	69.9171	11.16	60.121	209.565	3.83834	8.05196	12.0163	62.2478	3.72578	
3.93824	0.503395	0.739266	7.75959	5.83243	2.30953	0.592627	0.112536	0.0105509	0	1.70251e-26	1.66818e-15	6.23599e-12	1.87371e-12	8.20769e-12	5.54025e-11	3.83729e-11	8.24494e-10	1.55135e-10	1.14715e-09	
9.022e-10	6.55774e-10	3.38763e-09	2.60462e-09	1.55505e-08	7.12272e-09	2.41259e-08	1.61802e-08	2.39355e-08	3.68331e-08	1.9039e-08	1.20851e-07	1.60327e-08	2.57341e-07	5.94749e-08	6.22097e-08	8.81138e-08	2.57043e-07	2.47635e-08	1.98379e-07	
4.47263e-08	6.36431e-08	3.65072e-08	6.8468e-08	2.02657e-08	2.36402e-08	2.94784e-08	1.72383e-08	2.00304e-08	9.11339e-09	6.57551e-09	3.71197e-09	2.43816e-09	7.01367e-10	1.9179e-09	2.77154e-10	2.27295e-09	9.86982e-11	8.31012e-11	2.87449e-50	
1.44548e-33	3.71087e-25	9.85269e-23	1.98088e-22	1.33816e-22	4.29728e-22	2.62499e-21	1.55025e-21	1.15561e-20	5.10625e-21	3.8033e-20	4.24765e-20	8.56112e-20	1.30764e-19	1.51262e-19	3.43648e-19	3.69711e-19	6.22466e-19	1.07256e-18	7.96073e-19	
1.0111e-18	4.34053e-19	2.06452e-18	9.68222e-19	1.80509e-18	1.68592e-18	9.27774e-19	5.33388e-18	1.38194e-18	1.0296e-18	1.65777e-18	2.13756e-18	6.2285e-19	6.56511e-19	1.07665e-18	9.54896e-19	1.95691e-19	1.64093e-19	5.35626e-19	5.87877e-19	
1.28471e-19	6.84794e-20	1.75489e-20	1.62981e-20	5.64809e-20	1.27559e-20	7.0605e-21	2.02069e-21	2.5037e-21	0	2.2839e-42	2.8097e-38	6.03402e-37	1.76605e-36	1.52095e-35	3.48592e-36	3.33636e-35	4.3588e-35	1.00963e-34	1.74179e-34	
1.13039e-34	4.12218e-34	6.90024e-34	1.50042e-33	1.55642e-33	3.8433e-33	3.49541e-33	8.1625e-33	7.30614e-33	1.17696e-32	1.67888e-32	1.82374e-32	2.41585e-32	4.27979e-32	3.20036e-32	3.16237e-32	8.53675e-32	5.53135e-32	2.92025e-32	4.00402e-32	
1.9785e-32	5.89308e-32	8.40905e-32	1.13058e-31	7.97854e-33	1.65795e-32	1.08867e-32	2.82899e-32	2.48758e-33	6.49221e-33	1.99552e-32	1.74754e-32	2.73267e-33	1.56587e-33	5.81224e-34	1.28767e-34	4.37919e-34	1.45887e-34	3.66755e-34	0	
0	1.37174e-60	1.68885e-58	5.07218e-58	9.50346e-58	1.20129e-57	1.18137e-56	2.78426e-57	4.6112e-56	1.14581e-56	3.10302e-55	5.97879e-56	1.60765e-55	2.02371e-55	3.70047e-55	5.04425e-55	8.12963e-55	1.01168e-54	8.50263e-54	4.76915e-55	
1.82346e-53	1.40602e-54	1.25106e-53	2.65414e-54	1.03485e-53	1.56965e-53	5.98115e-54	3.72705e-54	1.90056e-53	3.39164e-54	6.21557e-54	2.61355e-53	5.62517e-54	1.96482e-54	2.55641e-54	5.93973e-54	1.60161e-54	6.16551e-55	5.11758e-55	4.93196e-54	
2.45952e-55	6.37955e-55	6.8974e-56	2.10087e-56	8.04085e-56	8.88529e-56	2.32913e-56	1.40993e-56	7.35976e-57	0	0	0	0	0	0	0	0	0	0	0	
0	0	0	0	0	0	0	0	0	0	0	0	0	0	0	0	0	0	0	0	
0	0	0	0	0	0	0	0	0	0	0	0	0	0	0	0	0	0	0	0	
0	0	0	0	0	0	0	0	0	0	0	0	0	0	0	0	0	0	0	0	
0	0	0	0	0	0	0	0	0	0	0	0	0	0	0	0	0	0	0	0	
0	0	0	0	0	0	0	0	0	0	0	0	0	0	0	0	0	0	0	0	
0	0	0	0	0	0	0	0	0	0	0	0	0	0	0	0	0	0	0	0	
0	0	0	0	0	0	0	0	0	0	0	0	0	0	0	0	0	0	0	0	
0	0	0	0	0	0	0	0	0	0	0	0	0	0	0	0	0	0	0	0	
0	0	0	0	0	0	0	0	0	0	0	0	0	0	0	0	0	0	0	0	
0	0	0	0	0	0	0	0	0	0	0	0	0	0	0	0	0	0	0	0	
0	0	0	0	0	0	0	0	0	0	0	0	0	0	0	0	0	0	0	0	
0	0	0	0	0	0	0	0	0	0	0	0	0	0	0	0	0	0	0	0	
0	0	0	0	0	0	0	0	0	0	0	0	0	0	0	0	0	0	0	0	
0	0	0	0	0	0	0	0	0	0	0	0	0	0	0	0	0	0	0	0	
0	0	0	0	0	0	0	0	0	0	0	0	0	0	0	0	0	0	0	0	
0	0	0	0	0	0	0	0	0	0	0	0	0	0	0	0	0	0	0	0	
0	0	0	0	0	0	0	0	0	0	0	0	0	0	0	0	0	0	0	0	
0	0	0	0	0	0	0	0	0	0	0	0	0	0	0	0	0	0	0	0	
0	0	0	0	0	0	0	0	0	0	0	0	0	0	0	0	0	0	0	0	
0	0	0	0	0	0	0	0	0	0	0	0	0	0	0	0	0	0	0	0	
0	0	0	0	0	0	0	0	0	0	0	0	0	0	0	0	0	0	0	0	
0	0	0	0	0	0	0	0	0	0	0	0	0	0	0	0	0	0	0	0	
0	0	0	0	0	0	0	0	0	0	0	0	0	0	0	0	0	0	0	0	
0	0	0	0	0	0	0	0	0	0	0	0	0	0	0	0	0	0	0	0	
0	0	0	0	0	0	0	0	0	0	0	0	0	0	0	0	0	0	0	0	
0	0	0	0	0	0	0	0	0	0	0	0	0	0	0	0	0	0	0	0	
0	0	0	0	0	0	0	0	0	0	0	0	0	0	0	0	0	0	0	0	
0	0	0	4.00691e-12	0	0	0	0	0	0	0	0	0	0	0	0	0	0	0	0	
0	0	0	0	0	0	0	0	0	0	0	0	0	0	0	0	0	0	0	0	
0	0	0	0	0	0	0	0	0	0	0	0	1.37713e-08	0.00175492	0.339927	0.00448119	0.0940775	0.250908	0.432845	2.42508	
0.400945	5.84674	0.894758	8.38597	2.9238	21.4565	5.3613	55.413	7.44724	38.3467	18.4716	141.687	18.0463	8.1724	683.756	3.47148	15.1878	29.1422	2.71925	4.5829	
19.8542	1.8512	20.549	9.70584	75.3786	0.562985	0.363162	0.865335	3.07116	0.403077	0.0815189	0.0635711	0.0300741	0.148662	0.0122361	0.040624	0.0049653	0.00741778	0.000157863	0	
0	3.91991e-12	0.0277242	0.89489	1.33201	5.17484	7.91059	57.0242	24.2088	173.234	154.512	154.435	192.254	811.815	338.753	2942.1	939.307	2337.97	2589.53	1555.94	
11938.2	9958.73	14904.4	3659.02	2175.78	24994.7	5246.34	4487.8	21702.9	4036.82	5213.72	7498.91	6020.32	1980	1504.64	2950.44	3448.23	527.968	347.666	534.81	
1517.37	328.177	345.087	12.4443	7.04291	20.1599	8.34678	30.5754	3.95806	0	7.77167e-24	5.38482e-09	3.83266e-05	0.00544738	0.00788626	0.0130692	0.109616	0.0646352	0.510341	0.711981	
0.788933	1.40119	1.86725	6.65494	15.3762	10.3114	39.9409	22.2863	82.8798	29.7136	242.32	42.0174	133.628	275.736	82.4538	160.743	535.344	115.262	740.345	232.563	
294.169	51.3534	687.828	47.9179	158.763	60.7961	206.5	91.3448	59.2609	7.16738	35.0143	41.7393	19.2417	5.67133	1.16937	0.976372	0.23319	0.662602	0.505824	0	
1.03966e-19	2.98999e-11	1.56149e-07	1.04286e-05	1.96019e-06	2.49335e-05	5.89165e-05	6.61036e-05	0.000144581	0.000240085	0.000281813	0.00496997	0.000699962	0.0163401	0.00213901	0.0202954	0.00522237	0.090376	0.0380122	0.0296899	
0.0277392	0.0387199	0.0181294	0.232985	0.0246883	0.424743	0.036922	0.120754	0.167207	0.162561	0.0434078	0.0796426	0.0932578	0.0263098	0.0419691	0.0307175	0.0551519	0.0105955	0.0161467	0.00293936	
0.018397	0.00583408	0.00457904	0.000426853	0.000775431	0.000191825	0.000277874	0.000130365	6.1308e-05	5.13195e-39	2.19687e-21	1.28667e-15	2.39804e-13	8.87788e-13	1.10557e-12	1.78141e-12	1.4221e-11	6.51938e-12	1.01792e-10	2.57333e-11	
1.807e-10	8.59947e-11	2.44113e-10	2.80221e-10	7.93327e-10	8.50278e-10	1.954e-09	1.53661e-09	5.38471e-09	5.41288e-09	9.42705e-09	5.3952e-09	1.14773e-08	8.45066e-09	9.13231e-09	1.14439e-08	4.48917e-09	1.72756e-08	8.18439e-09	9.93038e-09	
3.29411e-09	1.22221e-08	2.77022e-09	8.93547e-09	4.66673e-09	7.64923e-09	9.19784e-10	2.16003e-09	8.96274e-10	1.32235e-09	2.25093e-10	4.04419e-10	2.26161e-10	1.09312e-10	7.96511e-11	3.48619e-11	3.74466e-11	5.20207e-12	6.31309e-12	7.3459e-42	
5.29448e-28	1.75672e-24	7.83146e-24	2.3526e-23	1.0855e-22	1.56709e-22	1.07882e-21	1.1472e-21	5.18579e-21	2.57866e-21	3.53392e-21	4.42886e-21	1.34412e-20	1.46947e-20	3.61278e-20	3.18735e-20	7.56763e-20	5.72861e-20	1.50577e-19	2.0111e-19	
1.38397e-19	5.07186e-19	6.05002e-19	7.34148e-19	4.08105e-19	7.50178e-19	7.31788e-19	1.99853e-19	2.89681e-19	1.44608e-18	5.31247e-19	2.27474e-19	2.52534e-19	6.87976e-19	1.04746e-19	2.4358e-19	9.1673e-20	5.67518e-19	1.11518e-19	3.98555e-20	
4.15103e-20	3.02764e-20	8.96019e-20	8.0202e-21	1.2088e-20	2.36626e-21	1.84203e-21	4.41996e-22	4.84149e-22	0	8.50851e-42	7.97148e-38	1.68067e-34	4.81388e-35	1.0061e-35	5.20445e-34	1.56822e-33	4.9509e-34	1.50232e-32	5.459e-34	
3.3577e-32	1.42512e-33	1.08415e-31	1.47059e-32	4.72706e-31	7.04621e-32	6.03357e-31	4.80586e-32	1.38513e-30	4.85663e-32	2.14305e-30	4.87721e-32	4.22765e-30	1.91061e-31	1.44741e-30	1.33355e-30	2.54833e-31	4.72701e-31	4.80215e-30	8.94681e-32	
8.77045e-31	1.45749e-30	2.0004e-31	2.16433e-31	5.6119e-31	9.86485e-31	1.56736e-32	6.72721e-32	5.65863e-32	2.20299e-31	6.91963e-32	2.10697e-32	2.57659e-33	1.12386e-32	3.8353e-33	1.00405e-32	1.22274e-33	5.9825e-34	1.27285e-34	0	
1.7948e-58	6.61476e-55	1.95894e-54	1.02722e-53	3.55248e-54	2.97022e-53	1.3296e-53	5.25821e-53	1.189e-51	2.30972e-52	4.46873e-52	1.80835e-51	7.77611e-52	1.56945e-51	2.38379e-51	5.48818e-51	4.62992e-51	1.41088e-50	8.82053e-51	1.78673e-50	
7.47036e-51	6.58481e-51	4.65963e-49	2.20631e-50	6.65621e-50	5.18752e-51	7.16088e-50	9.6549e-50	8.54456e-50	1.16133e-50	2.87679e-50	5.56492e-51	4.27458e-50	9.04005e-51	3.07928e-49	4.05276e-51	2.26371e-50	3.66596e-51	4.51448e-50	1.55016e-51	
3.38484e-51	3.86554e-51	2.37729e-52	7.32459e-52	6.77903e-52	1.05967e-52	1.42498e-53	6.10564e-53	1.01176e-53	0	0	0	0	0	0	0	0	0	0	0	
0	0	0	0	0	0	0	0	0	0	0	0	0	0	0	0	0	0	0	0	
0	0	0	0	0	0	0	0	0	0	0	0	0	0	0	0	0	0	0	0	
0	0	0	0	0	0	0	0	0	0	0	0	0	0	0	0	0	0	0	0	
0	0	0	0	0	0	0	0	0	0	0	0	0	0	0	0	0	0	0	0	
0	0	0	0	0	0	0	0	0	0	0	0	0	0	0	0	0	0	0	0	
0	0	0	0	0	0	0	0	0	0	0	0	0	0	0	0	0	0	0	0	
0	0	0	0	0	0	0	0	0	0	0	0	0	0	0	0	0	0	0	0	
0	0	0	0	0	0	0	0	0	0	0	0	0	0	0	0	0	0	0	0	
0	0	0	0	0	0	0	0	0	0	0	0	0	0	0	0	0	0	0	0	
0	0	0	0	0	0	0	0	0	0	0	0	0	0	0	0	0	0	0	0	
0	0	0	0	0	0	0	0	0	0	0	0	0	0	0	0	0	0	0	0	
0	0	0	0	0	0	0	0	0	0	0	0	0	0	0	0	0	0	0	0	
0	0	0	0	0	0	0	0	0	0	0	0	0	0	0	0	0	0	0	0	
0	0	0	0	0	0	0	0	0	0	0	0	0	0	0	0	0	0	0	0	
0	0	0	0	0	0	0	0	0	0	0	0	0	0	0	0	0	0	0	0	
0	0	0	0	0	0	0	0	0	0	0	0	0	0	0	0	0	0	0	0	
0	0	0	0	0	0	0	0	0	0	0	0	0	0	0	0	0	0	0	0	
0	0	0	0	0	0	0	0	0	0	0	0	0	0	0	0	0	0	0	0	
0	0	0	0	0	0	0	0	0	0	0	0	0	0	0	0	0	0	0	0	
0	0	0	0	0	0	0	0	0	0	0	0	0	0	0	0	0	0	0	0	
0	0	0	0	0	0	0	0	0	0	0	0	0	0	0	0	0	0	0	0	
0	0	0	0	0	0	0	0	0	0	0	0	0	0	0	0	0	0	0	0	
0	0	0	0	0	0	0	0	0	0	0	0	0	0	0	0	0	0	0	0	
0	0	0	0	0	0	0	0	0	0	0	0	0	0	0	0	0	0	0	0	
0	0	0	0	0	0	0	0	0	0	0	0	0	0	0	0	0	0	0	0	
0	0	0	0	0	0	0	0	0	0	0	0	0	0	0	0	0	0	0	0	
0	0	0	0	0	0	0	0	0	0	0	0	0	0	0	0	0	0	0	0	
0	0	0	0	0	0	0	0	0	0	0	0	0	0	0	0	0	0	0	0	
0	0	0	0	0	0	0	0	0	0	0	0	0	0	0	0	0	0	0	0	
0	0	0	0	0	0	0	0	0	0	0	1.09688e-16	1.74395e-08	1.10276e-05	2.55716e-06	0.000240015	4.49419e-05	7.63971e-05	0.000610072	0.000266735	
0.00252792	0.00178551	0.00958743	0.00441096	0.00937314	0.0114642	0.042407	0.0141099	0.100303	0.0118094	0.0246605	0.0709102	0.0424898	0.0134776	0.061277	0.0204194	0.336846	0.0364606	0.18633	0.0166075	
0.0516098	0.020181	0.0101571	0.0378448	0.0290552	0.00176686	0.00373434	0.00285073	0.014221	0.00351457	0.000395032	0.00053547	0.000290281	0.000689817	0.000422619	0.000430147	2.87533e-06	4.54069e-06	1.34457e-06	0	
0	2.53858e-10	3.49014e-06	7.27856e-05	6.30527e-05	0.000338383	0.000223204	0.00184938	0.00190729	0.0127759	0.0038005	0.0327706	0.0119141	0.0341535	0.0308331	0.0847281	0.0432181	0.205598	0.244716	0.591478	
0.563195	0.633781	0.483486	0.58013	1.13285	0.73201	0.347068	2.42858	0.841935	0.361468	1.73584	0.234411	0.446655	0.206745	0.459268	0.0998612	0.21437	0.0478408	0.116563	0.0536354	
0.0585622	0.0306873	0.0152651	0.00744802	0.00624423	0.00709312	0.00103456	0.00178074	0.000220872	0	6.51256e-19	3.31391e-09	4.54754e-06	0.000117545	0.000944535	0.0027122	0.000952313	0.0278209	0.00140145	0.141228	
0.0384372	0.0741812	0.0750278	0.201034	0.115612	0.665978	0.59778	2.75039	0.394526	9.83195	0.459687	4.3881	1.53225	2.9258	8.59272	0.619845	5.18812	19.0103	0.58048	4.08517	
11.8608	1.00623	2.11634	2.91508	6.77018	0.13092	1.2135	0.541352	2.48762	0.118963	0.0923893	0.0395117	0.104404	0.0790041	0.0544132	0.0271229	0.0102159	0.00185452	0.000550513	0	
1.75017e-18	5.50836e-12	1.85576e-09	4.441e-09	2.8513e-09	3.92151e-08	4.79124e-08	2.64309e-08	7.99688e-07	1.38579e-07	1.46279e-06	6.40857e-07	3.90828e-06	1.89976e-06	7.02497e-06	5.45015e-06	1.62114e-05	1.69821e-05	5.67272e-05	1.51476e-05	
8.61978e-05	1.5577e-05	6.94551e-05	2.46953e-05	3.40006e-05	0.000208281	1.91526e-05	0.000271299	0.000107628	3.17756e-05	5.08502e-05	0.000204322	1.45439e-05	4.42863e-05	2.50219e-05	8.35979e-05	5.8425e-06	1.33005e-05	9.63974e-06	2.24445e-05	
1.41614e-06	1.08787e-06	1.07958e-06	1.04458e-06	1.66169e-06	4.52591e-07	5.63486e-07	4.97041e-08	2.00661e-08	7.38948e-32	2.17494e-22	1.85401e-17	5.30449e-16	1.98326e-16	2.46472e-15	1.82059e-15	1.82417e-15	1.22293e-14	4.99112e-14	1.00784e-14	
9.07153e-14	1.49887e-14	3.25805e-13	7.73806e-14	8.48488e-13	1.72627e-13	1.80534e-12	2.97808e-13	4.16486e-12	1.09836e-12	1.01276e-11	2.96789e-12	4.03167e-12	4.35008e-12	2.05572e-12	3.97027e-12	1.87689e-11	1.26279e-12	9.99682e-12	6.20796e-12	
1.81562e-12	3.11834e-12	1.69443e-11	2.43951e-12	1.10679e-12	1.60738e-12	4.20951e-12	1.4896e-12	2.67929e-13	3.55991e-13	1.45951e-13	7.64834e-13	9.46527e-14	9.19386e-14	1.72824e-14	9.86728e-15	5.68083e-15	4.83626e-15	2.6296e-15	1.54215e-37	
1.24522e-28	2.26082e-25	1.8357e-24	9.69811e-25	3.69141e-24	1.79852e-23	3.52325e-23	2.61484e-23	1.58257e-22	6.12311e-23	2.80414e-22	6.13061e-22	9.22421e-22	1.05612e-21	3.95832e-21	2.32355e-21	5.08129e-21	6.53416e-21	7.29213e-21	5.27405e-21	
1.91755e-20	7.19219e-21	3.72354e-20	8.10813e-21	3.74204e-20	7.07506e-21	2.79853e-20	1.32885e-20	5.6381e-20	8.85972e-21	5.15295e-20	5.62817e-21	2.00227e-20	1.06787e-20	9.01284e-21	6.65234e-21	6.16718e-21	4.77532e-21	2.38889e-21	4.65915e-22	
6.10651e-22	1.37979e-21	2.2772e-22	4.09958e-22	5.12733e-23	6.22255e-23	9.85389e-24	1.41652e-23	1.99172e-23	8.72124e-46	3.0461e-40	3.22734e-37	3.94151e-37	1.02318e-36	4.05322e-36	4.8852e-36	2.85542e-35	3.08778e-35	4.0442e-35	3.90738e-34	
1.09179e-34	2.30367e-34	2.13974e-34	1.23526e-33	5.419e-34	2.64903e-33	1.17584e-33	5.92837e-33	2.78161e-33	1.12572e-32	6.0159e-33	5.82969e-33	6.90129e-33	9.23481e-33	8.0916e-32	5.55361e-33	7.32027e-33	2.52946e-32	8.87068e-33	4.82078e-33	
7.52085e-32	1.82751e-33	8.47127e-33	7.19959e-33	3.81921e-32	5.9351e-34	3.46121e-33	3.93351e-33	6.1464e-33	7.19259e-34	2.09292e-34	1.60187e-34	9.11528e-35	8.01365e-34	1.0348e-34	8.75095e-35	8.40392e-36	1.26472e-35	8.91232e-37	0	
3.20934e-54	3.44005e-53	5.96984e-54	5.5298e-52	8.77449e-53	4.03e-52	4.40206e-51	1.72931e-51	6.70425e-52	7.34477e-51	2.68543e-51	4.02407e-50	7.69155e-51	1.34111e-48	5.84971e-51	2.85686e-48	1.26983e-50	4.84102e-48	4.44294e-50	3.87864e-49	
3.47136e-50	8.28299e-49	1.2812e-49	1.54281e-49	1.37458e-48	5.65918e-49	3.23671e-49	9.29255e-49	9.71826e-50	6.4905e-49	2.58262e-49	3.23552e-49	1.19465e-49	2.77215e-49	6.32138e-50	6.75885e-50	6.4357e-50	3.24343e-50	3.23612e-50	7.50923e-51	
7.38054e-51	9.99063e-52	5.6828e-51	1.72252e-51	4.27341e-51	2.23822e-52	4.00545e-52	4.45194e-53	2.56412e-53	0	0	0	0	0	0	0	0	0	0	0	
0	0	0	0	0	0	0	0	0	0	0	0	0	0	0	0	0	0	0	0	
0	0	0	0	0	0	0	0	0	0	0	0	0	0	0	0	0	0	0	0	
0	0	0	0	0	0	0	0	0	0	0	0	0	0	0	0	0	0	0	0	
0	0	0	0	0	0	0	0	0	0	0	0	0	0	0	0	0	0	0	0	
0	0	0	0	0	0	0	0	0	0	0	0	0	0	0	0	0	0	0	0	
0	0	0	0	0	0	0	0	0	0	0	0	0	0	0	0	0	0	0	0	
0	0	0	0	0	0	0	0	0	0	0	0	0	0	0	0	0	0	0	0	
0	0	0	0	0	0	0	0	0	0	0	0	0	0	0	0	0	0	0	0	
0	0	0	0	0	0	0	0	0	0	0	0	0	0	0	0	0	0	0	0	
0	0	0	0	0	0	0	0	0	0	0	0	0	0	0	0	0	0	0	0	
0	0	0	0	0	0	0	0	0	0	0	0	0	0	0	0	0	0	0	0	
0	0	0	0	0	0	0	0	0	0	0	0	0	0	0	0	0	0	0	0	
0	0	0	0	0	0	0	0	0	0	0	0	0	0	0	0	0	0	0	0	
0	0	0	0	0	0	0	0	0	0	0	0	0	0	0	0	0	0	0	0	
0	0	0	0	0	0	0	0	0	0	0	0	0	0	0	0	0	0	0	0	
0	0	0	0	0	0	0	0	0	0	0	0	0	0	0	0	0	0	0	0	
0	0	0	0	0	0	0	0	0	0	0	0	0	0	0	0	0	0	0	0	
0	0	0	0	0	0	0	0	0	0	0	0	0	0	0	0	0	0	0	0	
0	0	0	0	0	0	0	0	0	0	0	0	0	0	0	0	0	0	0	0	
0	0	0	0	0	0	0	0	0	0	0	0	0	0	0	0	0	0	0	0	
0	0	0	0	0	0	0	0	0	0	0	0	0	0	0	0	0	0	0	0	
0	0	0	0	0	0	0	0	0	0	0	0	0	0	0	0	0	0	0	0	
0	0	0	0	0	0	0	0	0	0	0	0	0	0	0	0	0	0	0	0	
0	0	0	0	0	0	0	0	0	0	0	0	0	0	0	0	0	0	0	0	
0	0	0	0	0	0	0	0	0	0	0	0	0	0	0	0	0	0	0	0	
0	0	0	0	0	0	0	0	0	0	0	0	0	0	0	0	0	0	0	0	
0	0	0	0	0	0	0	0	0	0	0	0	0	0	0	0	0	0	0	0	
0	0	0	0	0	0	0	0	0	0	0	0	0	0	0	0	0	0	0	0	
0	0	0	0	0	0	0	0	0	0	0	0	0	0	0	0	0	0	0	0	
0	0	0	0	0	0	0	0	0	0	0	7.82447e-15	1.25035e-10	1.18207e-08	1.11916e-08	3.22688e-08	5.3437e-08	5.17434e-07	1.33321e-07	2.26675e-06	
1.50131e-07	3.33708e-06	8.6803e-08	9.53511e-06	2.64681e-07	1.73055e-05	5.92915e-07	4.39561e-05	1.31976e-06	0.000123045	4.52057e-06	0.000138136	5.56186e-06	6.78998e-06	5.90025e-05	1.94892e-05	3.59367e-06	0.000130165	1.13615e-05	9.94752e-06	
6.73476e-06	9.61898e-06	2.21435e-06	4.34862e-06	3.48108e-06	2.92307e-06	1.73091e-06	4.33024e-07	2.07054e-06	3.85385e-07	2.69759e-07	9.28094e-08	1.84722e-07	1.40157e-08	2.64566e-08	2.93031e-08	1.7332e-08	5.40607e-09	2.12245e-09	0	
3.68988e-19	5.63687e-10	5.51018e-07	2.00002e-06	5.2117e-06	7.0571e-06	2.9853e-05	8.60573e-05	5.90502e-05	0.000516651	0.000106966	0.000433266	0.000532872	0.00112011	0.00127805	0.00327713	0.00251587	0.00795098	0.00313656	0.00806176	
0.00323339	0.0177047	0.00401326	0.0233406	0.00842135	0.0140988	0.0100423	0.0367984	0.00604482	0.0205653	0.00717724	0.00779833	0.00498687	0.00952924	0.0009982	0.0072509	0.00266844	0.0011644	0.00158572	0.000227944	
0.00130322	0.000426306	0.000318111	4.21161e-05	2.54686e-05	8.94467e-06	1.96284e-05	7.43936e-06	9.00848e-06	0	1.42599e-15	2.16256e-10	6.65572e-08	7.11425e-07	7.33185e-07	2.07003e-06	9.07909e-06	5.80557e-06	1.507e-05	6.46226e-05	
4.23793e-05	0.000130731	9.93934e-05	0.000791434	0.000309183	0.00224284	0.000630734	0.00222007	0.00128938	0.00511138	0.00163143	0.00580116	0.0061843	0.00794902	0.00314909	0.00449508	0.00493778	0.0117863	0.00233352	0.00791384	
0.00347908	0.004295	0.00288628	0.00479767	0.00101227	0.00231507	0.00164492	0.00127324	0.000835304	0.000496891	0.000501104	0.000133691	0.000148256	5.02157e-05	0.000157507	1.95877e-05	9.43376e-06	2.97189e-06	4.12004e-06	2.11449e-28	
1.87525e-17	3.629e-13	1.05894e-11	7.07876e-12	3.43245e-11	3.993e-11	5.07925e-10	3.68085e-10	1.06012e-09	7.80861e-10	2.52569e-09	1.74721e-09	6.34221e-09	5.58107e-09	1.90078e-08	1.16857e-08	3.99858e-08	4.34548e-08	4.01985e-08	1.28553e-07	
1.12561e-07	2.75538e-07	6.12367e-07	1.71903e-07	1.37328e-06	8.66911e-08	9.12606e-07	5.62372e-07	1.34917e-07	3.64663e-07	8.88196e-07	8.53636e-08	1.98561e-07	1.10673e-07	2.82083e-07	5.88758e-08	6.08963e-08	4.93448e-08	8.54955e-08	6.17207e-08	
5.38298e-09	2.05803e-08	2.30155e-09	7.91421e-09	1.35033e-09	1.72096e-09	2.45201e-10	1.67581e-10	2.1515e-10	3.64984e-31	3.96936e-20	2.22054e-17	2.27438e-16	1.54408e-16	1.06648e-15	1.04307e-15	8.39593e-15	2.62368e-15	3.27065e-14	1.24857e-14	
5.56508e-14	2.97679e-14	5.60007e-13	1.17669e-13	1.45865e-12	2.72403e-13	3.11028e-12	3.58374e-13	2.85167e-12	1.03003e-12	2.49728e-12	1.44308e-12	8.57029e-12	1.41395e-12	7.13996e-12	2.21297e-12	2.646e-12	2.16496e-12	9.80011e-12	1.17297e-12	
1.10967e-11	5.40854e-12	3.34357e-12	1.63349e-12	2.6597e-12	2.27162e-12	1.2284e-12	6.52552e-13	4.57998e-13	8.66395e-13	1.6455e-13	3.56019e-13	2.18962e-14	4.72295e-14	2.94858e-14	6.5962e-14	3.18377e-15	3.58251e-15	3.3651e-15	2.79821e-35	
7.34014e-29	1.39567e-26	5.94705e-27	3.82309e-26	1.84647e-26	2.74194e-25	1.34922e-25	1.34276e-25	1.3028e-24	1.35428e-24	1.90047e-24	5.03423e-24	1.49167e-24	2.53751e-23	2.96567e-24	5.42993e-23	7.659e-24	5.13764e-23	3.26966e-23	4.66889e-23	
1.02912e-22	7.62531e-23	1.35091e-22	1.0856e-22	9.58208e-23	2.88257e-22	6.48817e-23	1.17562e-22	2.01702e-22	1.11069e-22	9.49009e-23	9.23045e-23	7.62473e-23	2.42636e-22	5.35536e-23	2.51377e-23	2.63589e-23	1.47489e-23	2.55653e-23	6.72713e-24	
1.26069e-24	1.65724e-24	1.31764e-23	1.97652e-24	5.56066e-25	2.67726e-25	1.01869e-25	3.49413e-26	5.17236e-27	1.60911e-44	6.41492e-40	1.51424e-37	4.68631e-38	1.16978e-37	4.57468e-37	3.41837e-36	3.51847e-37	4.79499e-36	1.03606e-36	8.1325e-35	
1.50445e-35	2.75837e-35	3.88213e-35	5.70668e-35	5.4015e-35	1.21186e-34	1.46328e-34	2.83791e-34	4.06038e-34	3.73273e-34	3.95549e-34	5.56389e-33	1.40073e-34	1.38216e-33	1.87202e-34	3.15416e-33	2.56307e-33	4.91004e-34	1.45278e-33	2.46848e-33	
1.89274e-34	6.73919e-34	8.35329e-34	1.15842e-33	1.62266e-34	2.94233e-34	4.186e-34	1.74175e-34	2.88804e-35	2.01423e-35	1.22626e-34	1.94418e-35	7.53105e-35	1.13438e-36	1.55307e-36	6.08224e-37	5.84518e-37	4.39066e-37	1.44655e-37	1.022e-56	
1.12539e-55	7.63149e-54	2.39592e-53	1.62856e-54	1.31422e-52	6.43568e-53	1.51554e-53	1.19966e-51	4.70581e-52	1.41428e-51	2.69121e-51	4.45814e-51	7.38241e-51	6.42282e-52	1.57651e-50	6.32725e-52	5.19371e-50	2.57923e-51	4.14399e-50	7.27088e-51	
3.68922e-50	6.86506e-50	3.14693e-51	1.01288e-49	9.99096e-51	3.54592e-50	1.79885e-49	6.08974e-51	1.56305e-51	1.64769e-49	3.42462e-51	3.07643e-51	1.49328e-50	2.94664e-51	5.04604e-52	3.99182e-52	2.99392e-51	2.43879e-50	1.38977e-52	2.59103e-52	
6.40927e-52	7.0381e-52	6.38736e-53	3.41812e-53	5.74473e-54	1.15496e-54	4.84299e-56	5.086e-55	6.13816e-54	0	0	0	0	0	0	0	0	0	0	0	
0	0	0	0	0	0	0	0	0	0	0	0	0	0	0	0	0	0	0	0	
0	0	0	0	0	0	0	0	0	0	0	0	0	0	0	0	0	0	0	0	
0	0	0	0	0	0	0	0	0	0	0	0	0	0	0	0	0	0	0	0	
0	0	0	0	0	0	0	0	0	0	0	0	0	0	0	0	0	0	0	0	
0	0	0	0	0	0	0	0	0	0	0	0	0	0	0	0	0	0	0	0	
0	0	0	0	0	0	0	0	0	0	0	0	0	0	0	0	0	0	0	0	
0	0	0	0	0	0	0	0	0	0	0	0	0	0	0	0	0	0	0	0	
0	0	0	0	0	0	0	0	0	0	0	0	0	0	0	0	0	0	0	0	
0	0	0	0	0	0	0	0	0	0	0	0	0	0	0	0	0	0	0	0	
0	0	0	0	0	0	0	0	0	0	0	0	0	0	0	0	0	0	0	0	
0	0	0	0	0	0	0	0	0	0	0	0	0	0	0	0	0	0	0	0	
0	0	0	0	0	0	0	0	0	0	0	0	0	0	0	0	0	0	0	0	
0	0	0	0	0	0	0	0	0	0	0	0	0	0	0	0	0	0	0	0	
0	0	0	0	0	0	0	0	0	0	0	0	0	0	0	0	0	0	0	0	
0	0	0	0	0	0	0	0	0	0	0	0	0	0	0	0	0	0	0	0	
0	0	0	0	0	0	0	0	0	0	0	0	0	0	0	0	0	0	0	0	
0	0	0	0	0	0	0	0	0	0	0	0	0	0	0	0	0	0	0	0	
0	0	0	0	0	0	0	0	0	0	0	0	0	0	0	0	0	0	0	0	
0	0	0	0	0	0	0	0	0	0	0	0	0	0	0	0	0	0	0	0	
0	0	0	0	0	0	0	0	0	0	0	0	0	0	0	0	0	0	0	0	
0	0	0	0	0	0	0	0	0	0	0	0	0	0	0	0	0	0	0	0	
0	0	0	0	0	0	0	0	0	0	0	0	0	0	0	0	0	0	0	0	
0	0	0	0	0	0	0	0	0	0	0	0	0	0	0	0	0	0	0	0	
0	0	0	0	0	0	0	0	0	0	0	0	0	0	0	0	0	0	0	0	
0	0	0	0	0	0	0	0	0	0	0	0	0	0	0	0	0	0	0	0	
0	0	0	0	0	0	0	0	0	0	0	0	0	0	0	0	0	0	0	0	
0	0	0	0	0	0	0	0	0	0	0	0	0	0	0	0	0	0	0	0	
0	0	0	0	0	0	0	0	0	0	0	0	0	0	0	0	0	0	0	0	
0	0	0	0	0	0	0	0	0	0	0	0	0	0	0	0	0	0	0	0	
0	0	0	0	0	0	0	0	0	0	0	5.50646e-16	5.64396e-13	5.11147e-12	4.47233e-12	1.0789e-11	3.89216e-11	4.18178e-11	1.18813e-10	3.47564e-10	
1.00394e-10	5.30935e-10	1.4754e-10	1.08554e-09	7.03051e-10	2.51251e-09	7.60558e-10	5.42165e-09	1.10727e-09	7.7167e-09	8.18771e-09	9.60684e-09	5.21962e-09	6.51573e-09	6.27068e-09	1.58966e-08	1.99163e-09	1.34785e-08	2.75438e-09	5.27797e-09	
2.95458e-09	4.43461e-09	5.68355e-10	1.88672e-09	1.62261e-09	1.78276e-09	3.08728e-10	2.07518e-10	5.24157e-10	2.29695e-10	4.11357e-10	2.60007e-11	1.05545e-11	4.58727e-12	5.99043e-12	2.74978e-12	1.08731e-11	2.37894e-12	6.4726e-13	0	
1.87904e-19	1.57723e-13	9.61465e-11	8.8152e-10	3.65611e-10	8.07471e-09	5.23767e-09	2.07085e-08	4.32369e-08	4.63103e-08	9.23149e-08	3.05964e-07	1.96771e-07	1.01434e-06	3.6467e-07	2.14645e-06	7.8698e-07	5.60428e-06	1.57987e-06	6.54841e-06	
2.62578e-06	1.30325e-05	4.13011e-06	1.16673e-05	5.44823e-06	1.65564e-05	7.04955e-06	2.40546e-05	5.32267e-06	1.29411e-05	7.03977e-06	6.12358e-06	3.65445e-06	1.27967e-05	4.76597e-06	3.13208e-06	1.17334e-06	1.47847e-06	4.55113e-06	3.25985e-07	
2.78672e-06	3.43019e-07	2.85597e-07	1.11428e-07	1.29096e-07	2.22983e-08	3.84318e-08	7.42244e-09	7.09164e-09	1.90999e-29	3.19926e-16	1.1139e-10	5.76031e-09	1.79369e-09	1.30678e-08	1.3673e-08	4.86655e-08	6.73752e-08	3.99389e-07	8.55517e-08	
7.78033e-07	2.36626e-07	2.20102e-06	7.24419e-07	1.00199e-05	1.78033e-06	1.43548e-05	3.424e-06	2.71126e-05	3.63392e-06	6.05573e-05	4.75484e-06	3.45863e-05	1.86887e-05	1.68133e-05	2.90814e-05	5.96351e-05	1.64129e-05	5.37022e-05	5.22168e-05	
1.52536e-05	3.20393e-05	2.49977e-05	7.39641e-06	2.8775e-06	1.72098e-05	6.40432e-06	2.71628e-06	4.58723e-07	2.75945e-06	8.47842e-07	4.29517e-06	2.02096e-07	1.32241e-07	2.65659e-08	2.48445e-08	3.34261e-08	1.50879e-08	2.77459e-08	9.19376e-26	
1.18188e-17	7.95831e-15	1.99939e-13	1.65838e-13	3.89991e-13	6.21547e-13	2.71838e-12	3.63748e-12	3.97283e-11	6.91763e-12	1.97934e-11	2.62439e-11	1.18798e-10	7.33725e-11	4.36531e-10	1.55493e-10	6.16522e-10	3.66185e-10	1.26157e-09	4.28071e-10	
2.07991e-09	9.75679e-10	4.1262e-09	6.49944e-10	1.66778e-09	1.54854e-09	3.70595e-09	6.93118e-10	3.1091e-09	6.69127e-10	1.43651e-09	1.04092e-09	1.12794e-09	3.8048e-10	1.12715e-09	7.54457e-10	2.39006e-10	2.64687e-10	1.43533e-10	2.20125e-10	
1.24001e-10	4.88054e-11	9.4031e-12	3.094e-11	3.87129e-12	7.73584e-12	2.18511e-12	2.60278e-12	1.91199e-13	3.19775e-27	5.07661e-21	3.44127e-18	1.12312e-18	1.34203e-18	3.31554e-17	2.97593e-17	1.44778e-17	2.59908e-16	5.74196e-17	2.05657e-15	
1.51141e-16	6.27059e-15	6.03353e-16	5.06374e-15	1.34638e-15	4.58294e-15	2.41181e-15	5.67021e-14	6.17675e-15	1.30178e-13	6.77744e-15	1.89842e-14	1.05727e-14	1.79595e-14	8.99812e-14	3.78916e-14	1.11925e-14	9.64479e-14	2.40092e-14	4.95881e-15	
2.18111e-14	1.88146e-14	1.08864e-14	4.76597e-15	7.21739e-15	9.13617e-15	2.02861e-15	7.84594e-16	2.60263e-15	3.35896e-16	2.72424e-15	2.2379e-16	1.87543e-16	1.22587e-16	6.12346e-17	3.1252e-17	1.3785e-17	1.40695e-17	3.28922e-18	4.39022e-32	
2.13173e-29	4.5259e-29	5.04301e-28	6.56472e-28	1.28516e-27	1.25304e-26	2.20834e-27	1.92946e-26	1.20239e-26	8.43067e-27	1.62545e-25	4.22807e-26	2.48884e-25	1.05335e-25	6.31001e-25	3.18581e-25	1.38696e-24	3.45356e-25	1.96601e-24	4.35583e-25	
9.46655e-25	1.20679e-24	7.42948e-25	5.13203e-24	5.10914e-25	2.28394e-24	2.24824e-24	1.40057e-24	2.45873e-24	1.98181e-24	8.81134e-25	7.50745e-25	2.72387e-24	2.31236e-25	4.9733e-25	2.18676e-25	1.09264e-24	5.15592e-26	1.81367e-25	3.47908e-26	
9.99489e-26	7.54477e-26	2.33488e-26	3.90356e-27	3.3325e-27	2.53237e-27	1.04416e-27	1.14972e-27	2.65383e-28	1.65973e-44	7.29493e-42	8.62903e-40	2.80455e-41	1.71029e-40	8.68536e-39	5.42152e-40	1.81948e-39	1.11799e-38	4.46639e-39	2.09861e-37	
1.19373e-38	4.34713e-37	2.9546e-38	4.82892e-38	6.18674e-38	7.11927e-38	1.17998e-37	2.93241e-37	1.88428e-37	5.13473e-36	1.86141e-37	4.72286e-35	2.25594e-37	5.25911e-37	2.0668e-36	4.92285e-37	1.06613e-36	8.06968e-37	1.32986e-37	9.14391e-37	
9.33445e-38	2.18012e-37	9.4797e-38	2.16533e-36	2.16254e-38	6.74395e-38	4.99947e-38	4.52063e-37	7.80221e-39	4.67482e-39	6.86552e-39	1.46008e-38	3.5116e-38	9.95819e-39	3.58061e-40	7.27387e-41	1.5878e-40	1.69201e-41	5.15565e-41	3.49521e-61	
8.05871e-60	5.4593e-59	1.44063e-58	6.28458e-59	1.50068e-57	1.90145e-57	1.39075e-57	4.27072e-57	3.41037e-57	9.45383e-57	4.05679e-56	1.61689e-56	1.43101e-55	3.9031e-56	2.70944e-55	7.05167e-56	3.46751e-55	1.50059e-55	5.0474e-55	2.73783e-55	
6.76999e-55	5.80643e-55	3.08804e-55	1.65035e-54	3.22805e-55	1.34693e-54	7.52481e-55	2.54232e-55	5.31847e-55	1.16646e-54	1.67311e-55	5.81782e-55	1.9508e-55	5.21215e-55	2.63637e-56	2.72625e-55	5.68424e-56	1.0399e-55	7.24093e-57	1.02663e-56	
2.10825e-56	1.49594e-56	7.67464e-57	2.88438e-57	5.07152e-58	1.57354e-58	1.44198e-58	6.39315e-59	2.40423e-58	0	0	0	0	0	0	0	0	0	0	0	
0	0	0	0	0	0	0	0	0	0	0	0	0	0	0	0	0	0	0	0	
0	0	0	0	0	0	0	0	0	0	0	0	0	0	0	0	0	0	0	0	
0	0	0	0	0	0	0	0	0	0	0	0	0	0	0	0	0	0	0	0	
0	0	0	0	0	0	0	0	0	0	0	0	0	0	0	0	0	0	0	0	
0	0	0	0	0	0	0	0	0	0	0	0	0	0	0	0	0	0	0	0	
0	0	0	0	0	0	0	0	0	0	0	0	0	0	0	0	0	0	0	0	
0	0	0	0	0	0	0	0	0	0	0	0	0	0	0	0	0	0	0	0	
0	0	0	0	0	0	0	0	0	0	0	0	0	0	0	0	0	0	0	0	
0	0	0	0	0	0	0	0	0	0	0	0	0	0	0	0	0	0	0	0	
0	0	0	0	0	0	0	0	0	0	0	0	0	0	0	0	0	0	0	0	
0	0	0	0	0	0	0	0	0	0	0	0	0	0	0	0	0	0	0	0	
0	0	0	0	0	0	0	0	0	0	0	0	0	0	0	0	0	0	0	0	
0	0	0	0	0	0	0	0	0	0	0	0	0	0	0	0	0	0	0	0	
0	0	0	0	0	0	0	0	0	0	0	0	0	0	0	0	0	0	0	0	
0	0	0	0	0	0	0	0	0	0	0	0	0	0	0	0	0	0	0	0	
0	0	0	0	0	0	0	0	0	0	0	0	0	0	0	0	0	0	0	0	
0	0	0	0	0	0	0	0	0	0	0	0	0	0	0	0	0	0	0	0	
0	0	0	0	0	0	0	0	0	0	0	0	0	0	0	0	0	0	0	0	
0	0	0	0	0	0	0	0	0	0	0	0	0	0	0	0	0	0	0	0	
0	0	0	0	0	0	0	0	0	0	0	0	0	0	0	0	0	0	0	0	
0	0	0	0	0	0	0	0	0	0	0	0	0	0	0	0	0	0	0	0	
0	0	0	0	0	0	0	0	0	0	0	0	0	0	0	0	0	0	0	0	
0	0	0	0	0	0	0	0	0	0	0	0	0	0	0	0	0	0	0	0	
0	0	0	0	0	0	0	0	0	0	0	0	0	0	0	0	0	0	0	0	
0	0	0	0	0	0	0	0	0	0	0	0	0	0	0	0	0	0	0	0	
0	0	0	0	0	0	0	0	0	0	0	0	0	0	0	0	0	0	0	0	
0	0	0	0	0	0	0	0	0	0	0	0	0	0	0	0	0	0	0	0	
0	0	0	0	0	0	0	0	0	0	0	0	0	0	0	0	0	0	0	0	
0	0	0	0	0	0	0	0	0	0	0	0	0	0	0	0	0	0	0	0	
0	0	0	0	0	0	0	0	0	0	5.4434e-25	8.39589e-18	6.02538e-17	1.91919e-16	1.87427e-15	2.69361e-16	3.75186e-14	2.97193e-15	6.38404e-15	3.13097e-14	
8.33252e-15	5.61285e-14	3.77555e-14	1.88265e-13	8.33681e-14	3.15655e-13	1.10144e-13	5.13571e-13	4.66104e-13	8.73941e-14	8.16827e-13	5.32229e-13	2.12806e-12	1.84064e-12	5.4559e-14	1.71663e-12	1.20772e-12	3.45416e-14	1.3344e-12	3.03605e-12	
3.65325e-14	1.42612e-12	4.55371e-13	4.71581e-15	1.29526e-14	3.02117e-13	2.66622e-13	1.64525e-15	4.67829e-16	3.5209e-15	6.43659e-14	5.55632e-14	5.37796e-17	7.40718e-17	1.56534e-17	5.8561e-17	2.57891e-16	6.44035e-17	2.97691e-16	0	
3.62373e-20	1.71055e-14	1.87862e-12	1.16976e-12	1.44217e-12	4.15294e-12	2.84671e-11	5.16559e-12	8.72321e-11	1.29018e-11	1.98713e-10	7.08445e-11	6.16936e-10	2.14582e-10	4.2024e-09	4.58945e-10	5.48701e-09	6.26707e-10	9.04338e-09	8.03565e-10	
9.51944e-09	1.38865e-09	9.74618e-09	4.29404e-09	3.01684e-09	8.52421e-09	7.26177e-09	3.96597e-09	3.81247e-08	4.22907e-09	1.88605e-09	4.30793e-09	2.22277e-09	4.22897e-09	7.1795e-10	9.57826e-10	4.77816e-10	1.18783e-09	1.10477e-10	4.15786e-10	
7.02236e-11	1.48331e-10	3.37329e-11	9.52321e-11	1.27757e-11	1.11741e-11	4.97945e-12	1.15933e-12	6.9125e-13	1.14793e-26	7.88364e-17	1.37535e-13	5.87769e-13	1.21523e-12	3.93707e-12	2.36742e-12	3.23176e-11	9.69498e-12	1.15549e-10	3.97298e-11	
8.65529e-11	3.07778e-10	3.06622e-10	8.14442e-10	5.50061e-10	1.34082e-09	1.16025e-09	2.92991e-09	3.14105e-09	1.62491e-09	4.83779e-09	2.70658e-09	9.51834e-09	2.6982e-09	8.37078e-09	2.00893e-09	1.27131e-08	2.31877e-09	1.29647e-08	3.20233e-09	
7.63959e-09	3.9736e-09	8.73628e-09	1.46795e-09	2.04379e-09	1.8297e-09	1.62358e-09	1.601e-09	2.19628e-10	7.36483e-10	1.32402e-10	3.49643e-10	8.40822e-11	1.18141e-10	1.62762e-11	3.46375e-11	3.91178e-12	3.70863e-12	2.20858e-12	7.75354e-27	
7.97628e-17	2.72378e-15	1.55074e-14	5.49656e-14	8.54955e-15	3.06755e-13	7.45799e-14	8.59586e-13	3.40316e-13	7.27002e-13	1.38586e-12	4.05604e-12	9.60765e-12	1.07408e-11	2.43776e-11	2.25283e-11	4.89494e-11	4.78846e-11	4.42292e-11	1.06282e-11	
4.71178e-11	1.65264e-10	4.67851e-11	2.5083e-10	8.79988e-12	8.74696e-11	1.70379e-10	1.37493e-11	1.2042e-10	6.88586e-11	9.54278e-12	6.88736e-11	1.43408e-10	5.31421e-12	1.2193e-11	1.51429e-11	5.23436e-11	1.16157e-12	2.00541e-12	9.84733e-13	
5.1646e-12	5.25228e-13	1.09119e-13	7.4223e-14	1.30912e-13	5.33977e-14	2.51683e-14	2.52821e-14	5.22333e-15	2.38977e-26	2.18125e-24	7.49494e-23	8.84267e-23	5.07097e-23	4.83423e-22	1.37167e-21	7.27639e-22	1.35296e-21	2.42793e-21	2.85409e-21	
1.72185e-20	1.07149e-20	5.08065e-20	3.52345e-20	1.10338e-19	6.15266e-20	1.97172e-19	5.81793e-20	3.94195e-19	1.00461e-19	1.8156e-19	2.39009e-19	2.85529e-19	4.7701e-19	1.05583e-19	1.62523e-19	3.18835e-19	1.40372e-19	3.14606e-19	3.488e-19	
7.66624e-20	1.74184e-19	4.4655e-20	9.12931e-20	5.42764e-20	2.33599e-20	1.28612e-20	3.44498e-20	7.82134e-21	1.24512e-20	5.26974e-21	1.79287e-21	8.52888e-22	6.0131e-22	3.93624e-22	5.16347e-22	2.02581e-22	6.27745e-23	1.78241e-23	1.92996e-35	
4.41278e-33	8.18107e-33	1.26343e-31	4.19513e-32	1.62172e-31	3.50406e-31	5.91027e-31	1.54472e-30	1.60625e-30	2.55052e-30	8.14077e-30	7.01136e-30	2.25183e-29	1.1612e-29	1.57694e-29	3.75739e-29	4.24555e-29	6.8422e-29	8.87199e-29	8.53817e-29	
1.58091e-28	1.94326e-28	1.7733e-28	1.47124e-28	1.02213e-28	2.4405e-28	9.277e-29	3.48381e-28	6.68539e-29	3.2718e-28	5.75397e-29	1.81276e-28	3.18115e-29	4.6663e-29	3.06155e-29	5.24699e-29	1.47481e-29	1.30699e-29	9.00552e-30	1.00945e-29	
2.83744e-30	1.00076e-30	8.88459e-31	3.17048e-31	7.88224e-31	1.4196e-31	1.92221e-31	1.55802e-32	2.51368e-32	1.44567e-45	1.84461e-42	2.69784e-43	9.82673e-43	1.41658e-41	5.82219e-42	2.61481e-42	3.30044e-41	9.30658e-42	1.02376e-39	3.84259e-41	
1.89126e-40	8.43021e-41	2.37396e-40	3.24726e-40	1.04196e-39	6.85987e-40	1.14171e-39	8.38555e-40	2.96199e-39	1.47268e-39	4.71345e-38	2.22599e-39	1.84114e-38	2.02128e-39	5.61131e-39	2.08434e-38	2.52e-39	2.18695e-39	1.55002e-38	2.31747e-39	
2.10164e-39	1.05382e-38	1.10763e-39	1.41683e-39	3.68911e-40	3.55363e-39	1.34418e-40	3.74157e-40	5.30744e-41	8.38298e-40	3.12009e-41	2.38684e-41	2.27163e-41	1.51217e-41	3.79723e-42	2.26585e-42	6.00933e-42	1.26821e-42	1.93458e-43	0	
0	0	0	0	0	0	0	0	0	0	0	0	0	0	0	0	0	0	0	0	
0	0	0	0	0	0	0	0	0	0	0	0	0	0	0	0	0	0	0	0	
0	0	0	0	0	0	0	0	0	0	0	0	0	0	0	0	0	0	0	0	
0	0	0	0	0	0	0	0	0	0	0	0	0	0	0	0	0	0	0	0	
0	0	0	0	0	0	0	0	0	0	0	0	0	0	0	0	0	0	0	0	
0	0	0	0	0	0	0	0	0	0	0	0	0	0	0	0	0	0	0	0	
0	0	0	0	0	0	0	0	0	0	0	0	0	0	0	0	0	0	0	0	
0	0	0	0	0	0	0	0	0	0	0	0	0	0	0	0	0	0	0	0	
0	0	0	0	0	0	0	0	0	0	0	0	0	0	0	0	0	0	0	0	
0	0	0	0	0	0	0	0	0	0	0	0	0	0	0	0	0	0	0	0	
0	0	0	0	0	0	0	0	0	0	0	0	0	0	0	0	0	0	0	0	
0	0	0	0	0	0	0	0	0	0	0	0	0	0	0	0	0	0	0	0	
0	0	0	0	0	0	0	0	0	0	0	0	0	0	0	0	0	0	0	0	
0	0	0	0	0	0	0	0	0	0	0	0	0	0	0	0	0	0	0	0	
0	0	0	0	0	0	0	0	0	0	0	0	0	0	0	0	0	0	0	0	
0	0	0	0	0	0	0	0	0	0	0	0	0	0	0	0	0	0	0	0	
0	0	0	0	0	0	0	0	0	0	0	0	0	0	0	0	0	0	0	0	
0	0	0	0	0	0	0	0	0	0	0	0	0	0	0	0	0	0	0	0	
0	0	0	0	0	0	0	0	0	0	0	0	0	0	0	0	0	0	0	0	
0	0	0	0	0	0	0	0	0	0	0	0	0	0	0	0	0	0	0	0	
0	0	0	0	0	0	0	0	0	0	0	0	0	0	0	0	0	0	0	0	
0	0	0	0	0	0	0	0	0	0	0	0	0	0	0	0	0	0	0	0	
0	0	0	0	0	0	0	0	0	0	0	0	0	0	0	0	0	0	0	0	
0	0	0	0	0	0	0	0	0	0	0	0	0	0	0	0	0	0	0	0	
0	0	0	0	0	0	0	0	0	0	0	0	0	0	0	0	0	0	0	0	
0	0	0	0	0	0	0	0	0	0	0	0	0	0	0	0	0	0	0	0	
0	0	0	0	0	0	0	0	0	0	0	0	0	0	0	0	0	0	0	0	
0	0	0	0	0	0	0	0	0	0	0	0	0	0	0	0	0	0	0	0	
0	0	0	0	0	0	0	0	0	0	0	0	0	0	0	0	0	0	0	0	
0	0	0	0	0	0	0	0	0	0	0	0	0	0	0	0	0	0	0	0	
0	0	0	0	0	0	0	0	0	0	0	0	0	0	0	0	0	0	0	0	
0	0	0	0	0	0	0	0	0	0	0	0	0	0	0	0	0	0	0	0	
0	0	0	0	0	0	0	0	0	0	1.69912e-26	1.65441e-23	5.66581e-19	8.53357e-21	1.35878e-20	1.27728e-18	3.72659e-19	6.94187e-20	2.14425e-18	1.57139e-19	
1.55902e-17	3.93736e-19	5.98887e-18	1.25399e-18	1.5508e-17	3.79127e-19	1.82502e-17	4.06175e-19	1.59015e-17	1.18526e-17	1.18213e-17	2.55867e-17	1.29121e-16	2.10852e-17	4.50091e-18	3.95247e-18	5.91573e-17	1.09584e-18	9.6724e-18	3.59277e-17	
1.09692e-18	5.10241e-18	2.26728e-17	1.05285e-18	1.25022e-19	3.03191e-18	1.51078e-18	3.27419e-19	6.04645e-20	2.86819e-19	1.01646e-19	4.11147e-19	7.41121e-20	1.4699e-20	3.35044e-22	7.15337e-22	6.98503e-22	4.70775e-22	2.88137e-21	4.18143e-29	
5.55494e-21	2.85961e-17	4.00252e-16	1.66319e-16	3.33185e-15	1.35289e-15	9.13063e-15	1.76377e-14	3.29809e-14	1.29978e-14	8.21011e-14	5.21302e-14	1.21574e-13	1.3941e-13	3.14438e-13	3.58328e-13	6.12753e-13	5.00381e-13	8.45428e-13	5.45295e-13	
2.43051e-12	1.37989e-13	7.05737e-12	8.7193e-13	2.30278e-12	1.43485e-12	1.7847e-12	1.1829e-12	4.38461e-12	3.84191e-13	1.35274e-12	7.61775e-13	9.85599e-13	1.15387e-13	6.04646e-13	5.27446e-13	2.01541e-13	4.89551e-14	4.21469e-14	2.0985e-13	
4.06401e-14	1.54454e-14	7.03181e-15	3.60162e-15	1.04172e-15	1.57954e-15	2.23112e-15	1.31197e-15	1.08479e-16	3.87838e-27	1.96321e-19	5.10781e-16	3.7041e-16	3.40813e-16	3.80796e-15	1.04536e-14	2.85669e-14	1.01662e-13	7.52491e-15	9.96126e-14	
1.73173e-13	4.75277e-13	2.84444e-13	2.30535e-12	7.22619e-13	2.68805e-12	1.68024e-12	3.33223e-12	3.76442e-12	2.17642e-12	9.78061e-13	4.52654e-12	1.51661e-12	1.01245e-11	4.72424e-12	1.01763e-12	7.03303e-12	7.90135e-13	2.26639e-12	1.38579e-12	
1.23022e-12	3.83261e-13	9.14801e-13	4.65284e-13	8.8567e-13	1.18308e-13	3.29616e-13	5.44305e-14	2.97271e-13	6.86414e-15	2.41095e-14	1.97597e-14	8.96521e-15	1.20173e-14	4.61595e-15	3.2038e-15	2.37238e-16	1.75724e-16	5.17601e-17	4.90388e-24	
2.1478e-20	4.14539e-20	8.09029e-20	2.65984e-19	3.16359e-19	8.38827e-19	1.23153e-18	2.15122e-18	1.42646e-17	5.19566e-18	1.46107e-17	1.67669e-17	5.14849e-17	4.37117e-17	1.10669e-16	9.15641e-17	2.55763e-16	1.64006e-16	4.00511e-16	1.47139e-16	
1.07685e-16	1.32099e-16	3.90469e-16	1.05679e-15	5.97732e-17	2.14872e-16	6.12512e-17	1.32612e-16	3.77293e-16	1.4496e-16	2.39045e-17	1.67692e-15	7.61123e-17	5.33625e-17	7.4565e-17	6.74831e-16	3.13471e-17	1.22475e-17	6.41654e-18	1.20028e-17	
3.73203e-18	2.37849e-18	1.49063e-18	3.43004e-19	4.13199e-19	1.6855e-19	5.46736e-19	2.93246e-20	2.05377e-20	2.80997e-30	2.9784e-27	1.97111e-27	1.04536e-26	5.93121e-26	2.41226e-26	1.01869e-25	1.30214e-25	3.19284e-25	1.42194e-24	5.18491e-25	
1.23309e-24	1.31424e-24	6.7572e-24	1.8471e-24	8.26084e-24	3.68297e-24	1.38824e-23	9.01845e-24	2.68722e-23	2.67401e-23	6.92118e-23	2.36695e-23	3.57206e-23	4.56232e-23	2.31618e-23	2.06851e-22	1.30241e-23	1.85292e-23	1.83565e-23	3.63008e-23	
7.58246e-24	6.35301e-23	5.43198e-24	1.43918e-23	3.17083e-24	1.45695e-23	2.04288e-24	3.69891e-24	1.20165e-24	1.60091e-24	2.51914e-25	1.29277e-25	2.88094e-25	4.78092e-26	8.83125e-26	1.81251e-26	2.69043e-26	2.59308e-27	1.65028e-27	2.24432e-39	
5.40027e-39	4.3442e-38	1.19584e-38	4.56562e-38	2.51486e-37	4.18822e-37	3.9091e-37	6.74322e-37	1.17313e-36	3.4958e-36	6.82307e-36	3.99591e-36	5.38826e-36	1.3331e-35	5.38185e-36	1.59842e-35	7.74459e-36	3.44607e-35	6.27766e-35	1.67546e-35	
5.58585e-35	2.73973e-35	1.59445e-34	1.09178e-34	1.23618e-35	1.15527e-34	2.67429e-35	9.86775e-36	7.46229e-35	4.66793e-36	5.16973e-36	4.03968e-35	1.83069e-35	6.51621e-37	8.16465e-36	6.68983e-36	1.10055e-35	4.05195e-38	1.00793e-37	9.38004e-37	
1.61136e-36	2.25942e-37	2.8932e-38	9.36569e-40	8.96299e-40	7.30553e-39	1.68748e-39	6.53259e-39	5.72836e-40	0	0	0	0	0	0	0	0	0	0	0	
0	0	0	0	0	0	0	0	0	0	0	0	0	0	0	0	0	0	0	0	
0	0	0	0	0	0	0	0	0	0	0	0	0	0	0	0	0	0	0	0	
0	0	0	0	0	0	0	0	0	0	0	0	0	0	0	0	0	0	0	0	
0	0	0	0	0	0	0	0	0	0	0	0	0	0	0	0	0	0	0	0	
0	0	0	0	0	0	0	0	0	0	0	0	0	0	0	0	0	0	0	0	
0	0	0	0	0	0	0	0	0	0	0	0	0	0	0	0	0	0	0	0	
0	0	0	0	0	0	0	0	0	0	0	0	0	0	0	0	0	0	0	0	
0	0	0	0	0	0	0	0	0	0	0	0	0	0	0	0	0	0	0	0	
0	0	0	0	0	0	0	0	0	0	0	0	0	0	0	0	0	0	0	0	
0	0	0	0	0	0	0	0	0	0	0	0	0	0	0	0	0	0	0	0	
0	0	0	0	0	0	0	0	0	0	0	0	0	0	0	0	0	0	0	0	
0	0	0	0	0	0	0	0	0	0	0	0	0	0	0	0	0	0	0	0	
0	0	0	0	0	0	0	0	0	0	0	0	0	0	0	0	0	0	0	0	
0	0	0	0	0	0	0	0	0	0	0	0	0	0	0	0	0	0	0	0	
0	0	0	0	0	0	0	0	0	0	0	0	0	0	0	0	0	0	0	0	
0	0	0	0	0	0	0	0	0	0	0	0	0	0	0	0	0	0	0	0	
0	0	0	0	0	0	0	0	0	0	0	0	0	0	0	0	0	0	0	0	
0	0	0	0	0	0	0	0	0	0	0	0	0	0	0	0	0	0	0	0	
0	0	0	0	0	0	0	0	0	0	0	0	0	0	0	0	0	0	0	0	
0	0	0	0	0	0	0	0	0	0	0	0	0	0	0	0	0	0	0	0	
0	0	0	0	0	0	0	0	0	0	0	0	0	0	0	0	0	0	0	0	
0	0	0	0	0	0	0	0	0	0	0	0	0	0	0	0	0	0	0	0	
0	0	0	0	0	0	0	0	0	0	0	0	0	0	0	0	0	0	0	0	
0	0	0	0	0	0	0	0	0	0	0	0	0	0	0	0	0	0	0	0	
0	0	0	0	0	0	0	0	0	0	0	0	0	0	0	0	0	0	0	0	
0	0	0	0	0	0	0	0	0	0	0	0	0	0	0	0	0	0	0	0	
0	0	0	0	0	0	0	0	0	0	0	0	0	0	0	0	0	0	0	0	
0	0	0	0	0	0	0	0	0	0	0	0	0	0	0	0	0	0	0	0	
0	0	0	0	0	0	0	0	0	0	0	0	0	0	0	0	0	0	0	0	
0	0	0	0	0	0	0	0	0	0	0	0	0	0	0	0	0	0	0	0	
0	0	0	0	0	0	0	0	0	0	0	0	0	0	0	0	0	0	0	0	
0	0	0	0	0	0	0	0	0	0	0	0	0	0	0	0	0	0	0	0	
0	0	0	0	0	0	0	0	0	0	0	0	0	0	0	0	0	0	0	0	
0	0	0	0	0	0	0	0	0	0	0	0	0	0	0	0	0	0	0	0	
0	0	0	0	0	0	0	0	0	0	3.758e-29	6.16348e-27	7.91152e-26	2.58635e-25	2.54493e-25	2.94202e-25	4.96845e-24	1.70007e-24	1.92725e-23	3.43157e-24	
1.51937e-23	8.72161e-24	2.00768e-23	2.42388e-23	3.55246e-23	4.96588e-23	1.99664e-22	1.30127e-22	3.73873e-22	2.27927e-22	2.0746e-21	1.28467e-22	5.03526e-23	2.14522e-22	3.04845e-21	1.25626e-22	4.3204e-22	1.17601e-23	6.60899e-23	1.28385e-22	
1.66155e-23	8.12559e-24	4.25984e-22	1.40492e-22	3.38499e-24	5.32202e-24	5.39322e-23	7.40079e-23	8.70001e-25	7.02463e-25	7.95342e-25	9.49596e-24	3.24612e-24	3.70679e-26	7.4949e-27	1.50162e-26	5.43948e-27	6.31746e-27	9.75242e-27	6.96267e-31	
2.00617e-22	1.2845e-20	1.69021e-19	6.24805e-19	9.61649e-20	3.71136e-18	5.18949e-19	2.46909e-18	1.16872e-17	2.75237e-18	2.36225e-17	2.01525e-17	5.77608e-17	5.64746e-17	9.32061e-17	1.18313e-16	1.51957e-16	1.32276e-16	2.10777e-16	1.79313e-16	
1.18556e-16	1.36938e-16	6.46685e-16	3.85361e-16	2.60792e-16	2.1916e-16	3.35375e-16	2.39882e-16	1.53453e-16	3.93673e-17	2.35796e-16	4.22728e-17	1.3016e-16	1.4073e-17	3.69018e-17	1.35629e-17	3.60854e-17	3.40851e-18	1.62696e-17	1.90012e-18	
4.19645e-18	1.51828e-18	5.12885e-19	4.78886e-19	7.61909e-20	8.39171e-20	2.08164e-20	5.19507e-20	7.8337e-21	1.3215e-25	2.43058e-22	9.09309e-21	1.49101e-21	1.04436e-20	4.37153e-20	5.15445e-20	2.46999e-20	3.2358e-19	7.85776e-20	3.03687e-18	
4.35936e-19	6.79379e-19	1.19468e-18	2.38665e-18	2.30704e-18	4.87363e-18	5.11017e-18	9.80853e-18	3.74541e-18	1.48341e-16	2.52372e-18	3.90682e-17	8.49168e-18	4.01791e-17	4.16936e-17	1.5023e-17	8.65909e-18	1.75465e-16	1.00044e-17	1.26048e-17	
1.25427e-17	9.54648e-18	2.04402e-18	1.81351e-17	1.80556e-18	3.00224e-18	1.04799e-18	8.64468e-19	3.5476e-18	6.81164e-19	8.06703e-19	6.95195e-20	3.32114e-20	2.93293e-20	1.5408e-19	7.44461e-21	7.39558e-21	1.03397e-20	2.15971e-21	8.61377e-31	
1.53911e-30	1.33132e-28	7.05173e-29	6.70695e-30	3.73618e-28	5.53854e-29	4.96906e-26	3.6955e-29	5.08103e-28	1.28503e-27	1.19878e-27	1.1337e-26	4.32628e-27	1.16321e-25	9.21546e-27	2.26671e-25	1.72094e-26	4.48014e-26	3.08682e-26	7.73456e-27	
4.32354e-26	1.98683e-27	7.53126e-25	1.43355e-26	4.68271e-26	4.86439e-27	5.14292e-26	1.56358e-26	4.90224e-26	1.79819e-27	1.89402e-26	1.29223e-27	1.8826e-26	7.1916e-28	5.0672e-27	4.72609e-28	3.86454e-27	1.39298e-28	1.2778e-28	8.08302e-29	
4.12593e-30	6.98824e-28	7.97478e-29	1.3435e-29	2.09566e-30	3.57535e-30	5.59708e-32	1.50834e-32	4.76063e-33	0	0	0	0	0	0	0	0	0	0	0	
0	0	0	0	0	0	0	0	0	0	0	0	0	0	0	0	0	0	0	0	
0	0	0	0	0	0	0	0	0	0	0	0	0	0	0	0	0	0	0	0	
0	0	0	0	0	0	0	0	0	0	0	0	0	0	0	0	0	0	0	0	
0	0	0	0	0	0	0	0	0	0	0	0	0	0	0	0	0	0	0	0	
0	0	0	0	0	0	0	0	0	0	0	0	0	0	0	0	0	0	0	0	
0	0	0	0	0	0	0	0	0	0	0	0	0	0	0	0	0	0	0	0	
0	0	0	0	0	0	0	0	0	0	0	0	0	0	0	0	0	0	0	0	
0	0	0	0	0	0	0	0	0	0	0	0	0	0	0	0	0	0	0	0	
0	0	0	0	0	0	0	0	0	0	0	0	0	0	0	0	0	0	0	0	
0	0	0	0	0	0	0	0	0	0	0	0	0	0	0	0	0	0	0	0	
0	0	0	0	0	0	0	0	0	0	0	0	0	0	0	0	0	0	0	0	
0	0	0	0	0	0	0	0	0	0	0	0	0	0	0	0	0	0	0	0	
0	0	0	0	0	0	0	0	0	0	0	0	0	0	0	0	0	0	0	0	
0	0	0	0	0	0	0	0	0	0	0	0	0	0	0	0	0	0	0	0	
0	0	0	0	0	0	0	0	0	0	0	0	0	0	0	0	0	0	0	0	
0	0	0	0	0	0	0	0	0	0	0	0	0	0	0	0	0	0	0	0	
0	0	0	0	0	0	0	0	0	0	0	0	0	0	0	0	0	0	0	0	
0	0	0	0	0	0	0	0	0	0	0	0	0	0	0	0	0	0	0	0	
0	0	0	0	0	0	0	0	0	0	0	0	0	0	0	0	0	0	0	0	
0	0	0	0	0	0	0	0	0	0	0	0	0	0	0	0	0	0	0	0	
0	0	0	0	0	0	0	0	0	0	0	0	0	0	0	0	0	0	0	0	
0	0	0	0	0	0	0	0	0	0	0	0	0	0	0	0	0	0	0	0	
0	0	0	0	0	0	0	0	0	0	0	0	0	0	0	0	0	0	0	0	
0	0	0	0	0	0	0	0	0	0	0	0	0	0	0	0	0	0	0	0	
0	0	0	0	0	0	0	0	0	0	0	0	0	0	0	0	0	0	0	0	
0	0	0	0	0	0	0	0	0	0	0	0	0	0	0	0	0	0	0	0	
0	0	0	0	0	0	0	0	0	0	0	0	0	0	0	0	0	0	0	0	
0	0	0	0	0	0	0	0	0	0	0	0	0	0	0	0	0	0	0	0	
0	0	0	0	0	0	0	0	0	0	0	0	0	0	0	0	0	0	0	0	
0	0	0	0	0	0	0	0	0	0	0	0	0	0	0	0	0	0	0	0	
0	0	0	0	0	0	0	0	0	0	0	0	0	0	0	0	0	0	0	0	
0	0	0	0	0	0	0	0	0	0	0	0	0	0	0	0	0	0	0	0	
0	0	0	0	0	0	0	0	0	0	0	0	0	0	0	0	0	0	0	0	
0	0	0	0	0	0	0	0	0	0	0	0	0	0	0	0	0	0	0	0	
0	0	0	0	0	0	0	0	0	0	0	0	0	0	0	0	0	0	0	0	
0	0	0	0	0	0	0	0	0	0	0	0	0	0	0	0	0	0	0	0	
0	0	0	0	0	0	0	0	0	0	0	0	0	0	0	0	0	0	0	0	
0	0	0	0	0	0	0	0	0	0	0	0	0	0	0	0	0	0	0	0	
0	0	0	0	0	0	0	0	0	0	0	0	0	0	0	0	0	0	0	0	
0	0	0	0	0	0	0	0	0	1.38459e-39	3.26273e-31	3.91379e-29	7.82842e-30	9.06467e-28	1.01877e-28	1.50144e-28	2.54892e-27	1.18337e-27	6.50019e-27	2.93379e-27	
2.56586e-27	1.33176e-26	3.74881e-27	3.60837e-26	9.66022e-27	5.51935e-26	1.53051e-26	9.99076e-26	5.66644e-26	7.60035e-26	5.51186e-27	8.5385e-26	4.6059e-28	1.8287e-25	1.77943e-25	1.02589e-27	1.36186e-25	8.45822e-26	1.31977e-27	9.66083e-26	
1.27252e-25	1.54446e-28	9.52369e-26	2.57134e-26	7.21939e-29	7.07261e-29	8.52824e-28	5.09716e-27	1.03966e-26	4.89249e-30	2.33442e-29	4.96015e-29	1.00029e-28	8.70055e-28	1.33883e-29	2.65384e-31	7.19954e-32	2.32982e-31	3.92578e-32	7.88853e-35	
1.28076e-33	1.41068e-32	3.45931e-32	8.17037e-33	6.91519e-31	2.23743e-31	7.81054e-31	2.93815e-31	2.04198e-31	1.5063e-30	1.32152e-30	1.57292e-30	4.84782e-30	3.86739e-30	1.11815e-29	7.62592e-30	1.97222e-29	6.30447e-30	1.13576e-29	2.55695e-29	
2.46475e-29	1.513e-28	1.03665e-28	7.08011e-30	1.91186e-28	4.78471e-29	3.35364e-29	5.10602e-29	3.31674e-29	8.12044e-30	7.28704e-29	2.63083e-29	2.97876e-30	3.92297e-30	1.05735e-29	1.02353e-29	7.16746e-31	9.63234e-31	2.31874e-30	8.71175e-30	
1.52972e-31	3.59464e-31	2.26131e-32	2.79324e-32	7.44171e-33	6.42241e-33	8.29155e-32	6.76881e-33	7.5641e-34	0	0	0	0	0	0	0	0	0	0	0	
0	0	0	0	0	0	0	0	0	0	0	0	0	0	0	0	0	0	0	0	
0	0	0	0	0	0	0	0	0	0	0	0	0	0	0	0	0	0	0	0	
0	0	0	0	0	0	0	0	0	0	0	0	0	0	0	0	0	0	0	0	
0	0	0	0	0	0	0	0	0	0	0	0	0	0	0	0	0	0	0	0	
0	0	0	0	0	0	0	0	0	0	0	0	0	0	0	0	0	0	0	0	
0	0	0	0	0	0	0	0	0	0	0	0	0	0	0	0	0	0	0	0	
0	0	0	0	0	0	0	0	0	0	0	0	0	0	0	0	0	0	0	0	
0	0	0	0	0	0	0	0	0	0	0	0	0	0	0	0	0	0	0	0	
0	0	0	0	0	0	0	0	0	0	0	0	0	0	0	0	0	0	0	0	
0	0	0	0	0	0	0	0	0	0	0	0	0	0	0	0	0	0	0	0	
0	0	0	0	0	0	0	0	0	0	0	0	0	0	0	0	0	0	0	0	
0	0	0	0	0	0	0	0	0	0	0	0	0	0	0	0	0	0	0	0	
0	0	0	0	0	0	0	0	0	0	0	0	0	0	0	0	0	0	0	0	
0	0	0	0	0	0	0	0	0	0	0	0	0	0	0	0	0	0	0	0	
0	0	0	0	0	0	0	0	0	0	0	0	0	0	0	0	0	0	0	0	
0	0	0	0	0	0	0	0	0	0	0	0	0	0	0	0	0	0	0	0	
0	0	0	0	0	0	0	0	0	0	0	0	0	0	0	0	0	0	0	0	
0	0	0	0	0	0	0	0	0	0	0	0	0	0	0	0	0	0	0	0	
0	0	0	0	0	0	0	0	0	0	0	0	0	0	0	0	0	0	0	0	
0	0	0	0	0	0	0	0	0	0	0	0	0	0	0	0	0	0	0	0	
0	0	0	0	0	0	0	0	0	0	0	0	0	0	0	0	0	0	0	0	
0	0	0	0	0	0	0	0	0	0	0	0	0	0	0	0	0	0	0	0	
0	0	0	0	0	0	0	0	0	0	0	0	0	0	0	0	0	0	0	0	
0	0	0	0	0	0	0	0	0	0	0	0	0	0	0	0	0	0	0	0	
0	0	0	0	0	0	0	0	0	0	0	0	0	0	0	0	0	0	0	0	
0	0	0	0	0	0	0	0	0	0	0	0	0	0	0	0	0	0	0	0	
0	0	0	0	0	0	0	0	0	0	0	0	0	0	0	0	0	0	0	
