-96.7145	3.74147	1.90051
-96.0743	3.6305	1.86793
-95.4653	3.41167	1.80348
-94.8562	3.16615	1.83152
-94.2548	3.49774	1.85378
-93.6445	3.68152	1.82353
-93.0123	3.03671	1.75879
-92.3849	1.92883	1.808
-91.8071	2.47625	1.85061
-91.1796	1.809	1.89129
-90.5721	2.38991	1.82203
-89.8774	-0.27328	1.78274
-89.2517	-1.00902	1.84426
-88.6398	-1.58276	1.80172
-87.9551	-4.71169	1.90658
-87.3626	-3.07438	2.06042
-86.7023	-3.9289	1.99206
-86.0722	-3.88902	1.99729
-85.4913	-3.17835	1.99261
-84.9105	-2.49632	1.95719
-84.2603	-3.34204	2.06857
-83.6757	-1.27525	2.06513
-82.9922	-3.17352	1.95282
-82.3314	-4.78367	1.99059
-81.7136	-4.80351	1.99577
-80.4767	-4.96587	2.21177
-79.9426	-1.85238	2.07641
-76.7702	-5.75845	2.1799
-76.2077	-4.26673	2.06132
-73.6566	-5.76216	2.35584
-72.4779	-3.5103	2.41483
-71.8848	-3.25044	2.26508
-71.2522	-4.14709	2.25342
-70.652	-3.57959	2.23574
-70.0129	-4.66709	2.21511
-69.4516	-3.56667	2.25265
-68.8902	-2.50283	2.31464
-68.358	-0.00818499	2.28845
-67.7373	-0.972109	2.22224
-67.1458	-0.509835	2.29804
-66.5136	-1.25117	2.4018
-65.9394	0.405326	2.44923
-65.3019	-0.0180964	2.44771
-64.6598	-0.56862	2.48783
-64.0156	-1.20811	2.57532
-63.3615	-1.0659	2.56296
-62.6917	-1.74381	2.46968
-62.0077	-3.22094	2.43388
-61.4408	-1.78271	2.46018
-60.8542	-1.22373	2.48831
-60.2633	0.21362	2.47113
-59.601	-1.12454	2.46044
-58.9725	-0.943799	2.57011
-58.3481	-0.750322	2.54136
-57.6899	-2.20639	2.53737
-57.0662	-2.12192	2.60698
-56.4617	-1.26085	2.64885
-55.8571	-0.457746	2.64623
-55.2944	1.53196	2.61809
-54.7259	2.86699	2.53756
-54.1312	3.17606	2.60141
-53.5574	4.80266	2.5469
-52.8947	2.25404	2.65028
-52.2947	3.77707	2.73633
-51.6192	1.8428	2.79293
-51.022	3.78266	2.82384
-50.3806	2.82789	2.67461
-49.7391	1.7956	2.68383
-49.1638	3.43665	2.61481
-48.5463	2.20991	2.4408
-47.9288	0.907202	2.4959
-47.3229	0.75107	2.55646
-46.6951	-0.408471	2.69041
-46.1257	1.49325	2.68326
-45.4568	-1.13408	2.66038
-44.851	-0.608497	2.79648
-44.2214	-1.14068	2.76035
-43.5866	-1.86874	2.77037
-42.9518	-2.69132	2.7991
-42.2857	-4.75005	2.83982
-41.6746	-3.78399	2.89363
-41.021	-5.29372	2.872
-40.4085	-5.05442	2.84232
-39.7513	-7.35639	2.89252
-39.1184	-8.25733	2.9452
-38.4888	-8.69901	3.08583
-37.8876	-7.63719	3.11147
-37.2679	-7.58533	3.07927
-36.6464	-7.68714	3.23896
-36.0733	-5.13368	3.34031
-35.4784	-4.06961	3.56519
-34.9741	2.12269	3.58638
-34.3105	0.115024	3.21988
-33.5932	-5.27644	3.429
-33.0196	-2.01122	3.79069
-32.5046	2.506	3.60045
-31.9455	4.38734	3.40162
-31.3569	4.94974	3.3956
-30.7662	5.32613	3.56837
-30.1905	7.42939	3.89974
-29.5979	9.4823	4.05229
-28.993	10.5813	3.98181
-28.3124	8.1272	3.97693
-27.6861	9.33804	3.97797
-27.0885	11.6054	3.93343
-24.0275	13.7307	4.08102
-22.1649	13.4177	4.07627
-20.8643	11.9053	4.06791
-20.2502	11.7757	4.10266
-19.659	12.0548	4.0681
-19.048	10.9511	4.16406
-18.4152	10.3551	4.31787
-17.792	10.217	4.35293
-17.1477	8.03949	4.40453
-16.5202	7.00892	4.46396
-15.9021	6.39408	4.57508
-15.2383	3.28495	4.62148
-14.5947	2.37346	4.72569
-13.9345	-0.652918	4.82229
-13.282	-2.97778	5.04695
-12.6517	-3.57886	5.06436
-11.9972	-7.2386	5.15425
-11.3844	-7.95318	5.52394
-10.7882	-7.67569	5.71619
-10.1951	-6.97575	5.97501
-9.60382	-5.96279	6.36712
-9.01706	-5.08656	6.50639
-8.38387	-6.00404	6.70005
-7.71051	-13.1891	6.86078
-7.12991	-9.84335	7.20429
-6.5133	-12.234	7.35095
-5.96059	-7.70299	7.60985
-5.29878	-15.5795	8.07089
-4.71314	-13.6841	9.17488
-4.1009	-15.7397	10.0122
-3.4286	-24.8991	12.0122
-2.87784	-14.7213	15.063
-2.36532	-7.39142	25.6012
-1.93133	8.25907	44.2061
-1.64734	51.4716	76.7833
-1.6869	266.844	375.773
22.1498	11.2357	3.81736
22.8183	11.2058	4.03568
24.1452	8.7623	3.73885
24.7779	9.36289	3.81745
25.4007	10.2994	3.77143
26.0274	11.1613	3.72697
27.2971	9.3255	3.62455
29.1549	10.4624	3.45031
31.0534	10.5351	3.23212
31.7058	9.0492	3.22395
32.3681	6.99315	3.19789
33.0216	5.65111	3.15084
33.6745	3.99572	3.0614
34.36	0.456976	3.10031
34.993	0.22866	2.97114
35.6403	-3.41739	2.82437
36.23	-3.88858	2.90815
36.828	-4.48454	2.90847
37.4332	-5.07596	2.93911
38.0205	-4.60455	3.06837
38.5654	-2.03587	3.04518
39.1402	-0.969117	2.84739
39.7764	-3.23717	2.77219
40.3648	-3.06454	2.89671
40.9481	-2.48463	2.86964
41.5663	-3.25927	2.8157
42.2183	-5.68618	2.91896
42.832	-5.10213	2.95319
43.5193	-7.43009	2.95125
44.1671	-7.39842	3.00329
44.7926	-6.82522	2.92913
46.023	-5.68291	2.85558
46.6457	-6.08601	2.7412
47.2435	-5.20491	2.69637
47.8817	-6.2734	2.64629
49.714	-5.32755	2.76841
50.3147	-4.82005	2.57511
