#n_l	theta_0	probability

1.40507	0.00038825	6.70552e-40
1.40603	0.00038825	1.35159e-37
1.40699	0.00038825	1.07159e-33
1.40796	0.00038825	3.16072e-32
1.40892	0.00038825	2.93354e-31
1.40989	0.00038825	3.91846e-30
1.41085	0.00038825	3.74818e-29
1.41182	0.00038825	1.72382e-27
1.41278	0.00038825	8.13226e-28
1.41375	0.00038825	2.79707e-27
1.41471	0.00038825	6.63944e-27
1.41567	0.00038825	8.16348e-26
1.41664	0.00038825	5.43838e-25
1.4176	0.00038825	3.23866e-25
1.41857	0.00038825	5.21971e-25
1.41953	0.00038825	4.35688e-24
1.4205	0.00038825	3.46781e-24
1.42146	0.00038825	5.09285e-24
1.42242	0.00038825	1.61092e-23
1.42339	0.00038825	3.34267e-23
1.42435	0.00038825	1.30217e-22
1.42532	0.00038825	8.16527e-23
1.42628	0.00038825	2.20985e-22
1.42725	0.00038825	1.95142e-22
1.42821	0.00038825	9.7104e-23
1.42917	0.00038825	1.64758e-22
1.43014	0.00038825	4.94474e-22
1.4311	0.00038825	3.79684e-22
1.43207	0.00038825	1.08574e-22
1.43303	0.00038825	1.08201e-22
1.434	0.00038825	1.7607e-22
1.43496	0.00038825	1.18173e-22
1.43592	0.00038825	6.23106e-23
1.43689	0.00038825	2.05301e-23
1.43785	0.00038825	1.18993e-23
1.43882	0.00038825	7.5666e-24
1.43978	0.00038825	3.43639e-23
1.44075	0.00038825	1.43132e-24
1.44171	0.00038825	6.27592e-25
1.44267	0.00038825	2.24023e-24
1.44364	0.00038825	1.50872e-25
1.4446	0.00038825	3.54426e-25
1.44557	0.00038825	1.6439e-27
1.44653	0.00038825	2.29091e-28
1.4475	0.00038825	1.68331e-29
1.44846	0.00038825	6.91966e-31
1.44942	0.00038825	5.9931e-32
1.45039	0.00038825	0
1.45135	0.00038825	0
1.45232	0.00038825	0
1.40507	0.00040475	1.13825e-33
1.40603	0.00040475	2.59529e-30
1.40699	0.00040475	2.16783e-27
1.40796	0.00040475	3.96237e-26
1.40892	0.00040475	4.97846e-25
1.40989	0.00040475	1.36238e-23
1.41085	0.00040475	2.86931e-23
1.41182	0.00040475	1.83089e-22
1.41278	0.00040475	9.97139e-22
1.41375	0.00040475	5.52927e-21
1.41471	0.00040475	2.78458e-20
1.41567	0.00040475	8.76258e-20
1.41664	0.00040475	3.02315e-19
1.4176	0.00040475	5.99135e-19
1.41857	0.00040475	1.09617e-18
1.41953	0.00040475	3.02188e-18
1.4205	0.00040475	8.65839e-18
1.42146	0.00040475	1.34164e-17
1.42242	0.00040475	1.32557e-16
1.42339	0.00040475	6.19769e-17
1.42435	0.00040475	4.78195e-17
1.42532	0.00040475	1.67622e-16
1.42628	0.00040475	7.34469e-17
1.42725	0.00040475	2.07315e-16
1.42821	0.00040475	2.50663e-16
1.42917	0.00040475	2.43618e-16
1.43014	0.00040475	2.07859e-16
1.4311	0.00040475	2.75402e-16
1.43207	0.00040475	2.18906e-16
1.43303	0.00040475	2.42875e-16
1.434	0.00040475	1.78019e-16
1.43496	0.00040475	1.21796e-16
1.43592	0.00040475	9.55815e-17
1.43689	0.00040475	5.66496e-17
1.43785	0.00040475	1.50706e-16
1.43882	0.00040475	2.69862e-17
1.43978	0.00040475	9.10116e-18
1.44075	0.00040475	4.4504e-18
1.44171	0.00040475	1.99197e-18
1.44267	0.00040475	5.57686e-19
1.44364	0.00040475	4.33066e-19
1.4446	0.00040475	3.58334e-20
1.44557	0.00040475	1.2278e-20
1.44653	0.00040475	1.38944e-21
1.4475	0.00040475	4.7163e-22
1.44846	0.00040475	2.58352e-23
1.44942	0.00040475	3.71841e-24
1.45039	0.00040475	0
1.45135	0.00040475	0
1.45232	0.00040475	0
1.40507	0.00042125	1.54995e-28
1.40603	0.00042125	3.20097e-24
1.40699	0.00042125	1.449e-22
1.40796	0.00042125	4.13092e-21
1.40892	0.00042125	1.0902e-19
1.40989	0.00042125	3.65893e-19
1.41085	0.00042125	5.16651e-18
1.41182	0.00042125	7.49372e-17
1.41278	0.00042125	3.03899e-16
1.41375	0.00042125	4.99816e-16
1.41471	0.00042125	1.12441e-15
1.41567	0.00042125	5.36356e-15
1.41664	0.00042125	2.67239e-14
1.4176	0.00042125	1.0138e-13
1.41857	0.00042125	5.37914e-13
1.41953	0.00042125	9.34401e-13
1.4205	0.00042125	1.16013e-12
1.42146	0.00042125	3.419e-12
1.42242	0.00042125	4.86242e-12
1.42339	0.00042125	3.78373e-12
1.42435	0.00042125	1.25457e-11
1.42532	0.00042125	1.90533e-11
1.42628	0.00042125	5.19165e-11
1.42725	0.00042125	1.12905e-10
1.42821	0.00042125	1.24415e-10
1.42917	0.00042125	1.56577e-10
1.43014	0.00042125	1.37525e-10
1.4311	0.00042125	1.42219e-10
1.43207	0.00042125	1.6677e-10
1.43303	0.00042125	1.21907e-10
1.434	0.00042125	8.01909e-11
1.43496	0.00042125	6.09308e-11
1.43592	0.00042125	3.62623e-11
1.43689	0.00042125	9.22491e-12
1.43785	0.00042125	1.74181e-11
1.43882	0.00042125	9.09315e-12
1.43978	0.00042125	3.57127e-12
1.44075	0.00042125	6.29756e-13
1.44171	0.00042125	1.04369e-12
1.44267	0.00042125	3.24639e-13
1.44364	0.00042125	1.13312e-13
1.4446	0.00042125	4.60242e-14
1.44557	0.00042125	9.72548e-15
1.44653	0.00042125	9.03201e-16
1.4475	0.00042125	6.23748e-16
1.44846	0.00042125	7.42115e-18
1.44942	0.00042125	4.64986e-19
1.45039	0.00042125	0
1.45135	0.00042125	0
1.45232	0.00042125	0
1.40507	0.00043775	2.04286e-25
1.40603	0.00043775	8.16154e-20
1.40699	0.00043775	2.11306e-18
1.40796	0.00043775	2.47101e-17
1.40892	0.00043775	1.67367e-15
1.40989	0.00043775	5.25302e-15
1.41085	0.00043775	2.03414e-13
1.41182	0.00043775	2.95483e-13
1.41278	0.00043775	1.27829e-12
1.41375	0.00043775	8.89098e-12
1.41471	0.00043775	3.4027e-11
1.41567	0.00043775	2.53214e-10
1.41664	0.00043775	4.63938e-10
1.4176	0.00043775	6.3211e-10
1.41857	0.00043775	9.11366e-10
1.41953	0.00043775	2.47361e-09
1.4205	0.00043775	1.12192e-08
1.42146	0.00043775	3.82066e-08
1.42242	0.00043775	9.88447e-08
1.42339	0.00043775	1.14099e-07
1.42435	0.00043775	2.16633e-07
1.42532	0.00043775	1.84968e-07
1.42628	0.00043775	3.34299e-07
1.42725	0.00043775	3.88395e-07
1.42821	0.00043775	2.64969e-07
1.42917	0.00043775	6.10478e-07
1.43014	0.00043775	3.79821e-07
1.4311	0.00043775	3.82446e-07
1.43207	0.00043775	3.22556e-07
1.43303	0.00043775	3.21234e-07
1.434	0.00043775	2.60226e-07
1.43496	0.00043775	1.91105e-07
1.43592	0.00043775	1.40213e-07
1.43689	0.00043775	1.61142e-07
1.43785	0.00043775	9.91515e-08
1.43882	0.00043775	3.21533e-08
1.43978	0.00043775	1.35324e-08
1.44075	0.00043775	1.18441e-08
1.44171	0.00043775	3.79914e-09
1.44267	0.00043775	2.08236e-09
1.44364	0.00043775	5.07161e-10
1.4446	0.00043775	8.29536e-11
1.44557	0.00043775	1.86868e-11
1.44653	0.00043775	7.07671e-12
1.4475	0.00043775	7.48537e-13
1.44846	0.00043775	1.97483e-13
1.44942	0.00043775	3.21457e-15
1.45039	0.00043775	7.14061e-17
1.45135	0.00043775	0
1.45232	0.00043775	0
1.40507	0.00045425	5.10822e-21
1.40603	0.00045425	3.29146e-17
1.40699	0.00045425	2.71213e-15
1.40796	0.00045425	1.32603e-13
1.40892	0.00045425	2.20566e-12
1.40989	0.00045425	3.59072e-11
1.41085	0.00045425	2.69289e-10
1.41182	0.00045425	1.25935e-09
1.41278	0.00045425	6.93938e-09
1.41375	0.00045425	2.6697e-08
1.41471	0.00045425	1.14105e-07
1.41567	0.00045425	5.19417e-07
1.41664	0.00045425	1.03234e-06
1.4176	0.00045425	3.06319e-06
1.41857	0.00045425	8.72616e-06
1.41953	0.00045425	2.69852e-05
1.4205	0.00045425	6.16599e-05
1.42146	0.00045425	9.79887e-05
1.42242	0.00045425	0.000155831
1.42339	0.00045425	0.000290082
1.42435	0.00045425	0.000676813
1.42532	0.00045425	0.000990688
1.42628	0.00045425	0.001365
1.42725	0.00045425	0.00260688
1.42821	0.00045425	0.00254043
1.42917	0.00045425	0.00257468
1.43014	0.00045425	0.00267748
1.4311	0.00045425	0.00319692
1.43207	0.00045425	0.00300676
1.43303	0.00045425	0.00240777
1.434	0.00045425	0.00172794
1.43496	0.00045425	0.00139481
1.43592	0.00045425	0.000927512
1.43689	0.00045425	0.000676592
1.43785	0.00045425	0.000289524
1.43882	0.00045425	0.000202484
1.43978	0.00045425	0.000105527
1.44075	0.00045425	4.03708e-05
1.44171	0.00045425	2.24743e-05
1.44267	0.00045425	8.30988e-06
1.44364	0.00045425	3.04387e-06
1.4446	0.00045425	9.89733e-07
1.44557	0.00045425	1.70912e-07
1.44653	0.00045425	4.0512e-08
1.4475	0.00045425	5.63147e-09
1.44846	0.00045425	4.87609e-10
1.44942	0.00045425	8.68057e-11
1.45039	0.00045425	6.37034e-12
1.45135	0.00045425	0
1.45232	0.00045425	0
1.40507	0.00047075	3.4489e-20
1.40603	0.00047075	7.08426e-15
1.40699	0.00047075	2.88686e-12
1.40796	0.00047075	7.09842e-11
1.40892	0.00047075	2.00257e-09
1.40989	0.00047075	1.89603e-08
1.41085	0.00047075	9.60903e-08
1.41182	0.00047075	1.47177e-06
1.41278	0.00047075	4.91708e-06
1.41375	0.00047075	2.06567e-05
1.41471	0.00047075	6.09429e-05
1.41567	0.00047075	0.000176775
1.41664	0.00047075	0.00093486
1.4176	0.00047075	0.00280651
1.41857	0.00047075	0.00668015
1.41953	0.00047075	0.0118696
1.4205	0.00047075	0.0285512
1.42146	0.00047075	0.0446287
1.42242	0.00047075	0.0826502
1.42339	0.00047075	0.14206
1.42435	0.00047075	0.326238
1.42532	0.00047075	0.440513
1.42628	0.00047075	0.733306
1.42725	0.00047075	1.05195
1.42821	0.00047075	1.11334
1.42917	0.00047075	1.16162
1.43014	0.00047075	1.11061
1.4311	0.00047075	1.18001
1.43207	0.00047075	1.07159
1.43303	0.00047075	0.865683
1.434	0.00047075	0.703308
1.43496	0.00047075	0.563632
1.43592	0.00047075	0.469931
1.43689	0.00047075	0.236579
1.43785	0.00047075	0.194444
1.43882	0.00047075	0.0924662
1.43978	0.00047075	0.0516631
1.44075	0.00047075	0.043876
1.44171	0.00047075	0.0108709
1.44267	0.00047075	0.00673537
1.44364	0.00047075	0.00261229
1.4446	0.00047075	0.000543976
1.44557	0.00047075	0.000260646
1.44653	0.00047075	4.71527e-05
1.4475	0.00047075	7.67026e-06
1.44846	0.00047075	8.25277e-07
1.44942	0.00047075	6.80073e-08
1.45039	0.00047075	3.91083e-09
1.45135	0.00047075	0
1.45232	0.00047075	0
1.40507	0.00048725	1.25149e-17
1.40603	0.00048725	1.90584e-13
1.40699	0.00048725	3.84969e-10
1.40796	0.00048725	1.75961e-08
1.40892	0.00048725	2.40542e-07
1.40989	0.00048725	5.64293e-06
1.41085	0.00048725	6.82112e-05
1.41182	0.00048725	0.000207327
1.41278	0.00048725	0.00122143
1.41375	0.00048725	0.00962202
1.41471	0.00048725	0.0270076
1.41567	0.00048725	0.0945339
1.41664	0.00048725	0.408841
1.4176	0.00048725	0.577161
1.41857	0.00048725	1.07854
1.41953	0.00048725	3.38369
1.4205	0.00048725	7.84093
1.42146	0.00048725	17.0495
1.42242	0.00048725	296.813
1.42339	0.00048725	82.9446
1.42435	0.00048725	92.4199
1.42532	0.00048725	107.046
1.42628	0.00048725	384.246
1.42725	0.00048725	149.575
1.42821	0.00048725	153.081
1.42917	0.00048725	366.018
1.43014	0.00048725	261.177
1.4311	0.00048725	246.084
1.43207	0.00048725	273.744
1.43303	0.00048725	238.269
1.434	0.00048725	191.767
1.43496	0.00048725	133.07
1.43592	0.00048725	92.6124
1.43689	0.00048725	63.3142
1.43785	0.00048725	108.097
1.43882	0.00048725	25.0357
1.43978	0.00048725	11.6209
1.44075	0.00048725	6.43214
1.44171	0.00048725	3.28155
1.44267	0.00048725	0.69721
1.44364	0.00048725	0.480975
1.4446	0.00048725	0.0894086
1.44557	0.00048725	0.0306742
1.44653	0.00048725	0.00384268
1.4475	0.00048725	0.000947457
1.44846	0.00048725	7.07664e-05
1.44942	0.00048725	4.97445e-06
1.45039	0.00048725	3.69398e-07
1.45135	0.00048725	7.84046e-09
1.45232	0.00048725	0
1.40507	0.00050375	7.43426e-17
1.40603	0.00050375	5.3017e-13
1.40699	0.00050375	7.54988e-09
1.40796	0.00050375	1.75634e-06
1.40892	0.00050375	4.97567e-05
1.40989	0.00050375	0.000594561
1.41085	0.00050375	0.00533257
1.41182	0.00050375	0.0344779
1.41278	0.00050375	0.428315
1.41375	0.00050375	0.633529
1.41471	0.00050375	2.21775
1.41567	0.00050375	5.02531
1.41664	0.00050375	19.4319
1.4176	0.00050375	103.399
1.41857	0.00050375	262.046
1.41953	0.00050375	485.74
1.4205	0.00050375	584.146
1.42146	0.00050375	842.396
1.42242	0.00050375	2080.19
1.42339	0.00050375	2525.19
1.42435	0.00050375	5827.87
1.42532	0.00050375	9119.65
1.42628	0.00050375	13748.3
1.42725	0.00050375	29751.5
1.42821	0.00050375	18712.3
1.42917	0.00050375	35438.2
1.43014	0.00050375	36913
1.4311	0.00050375	69227.8
1.43207	0.00050375	56670.6
1.43303	0.00050375	46959
1.434	0.00050375	33699.1
1.43496	0.00050375	16534.7
1.43592	0.00050375	9545.98
1.43689	0.00050375	3746.74
1.43785	0.00050375	2137.83
1.43882	0.00050375	4489.91
1.43978	0.00050375	1671.61
1.44075	0.00050375	365.887
1.44171	0.00050375	505.057
1.44267	0.00050375	66.413
1.44364	0.00050375	76.0192
1.4446	0.00050375	15.3343
1.44557	0.00050375	6.56333
1.44653	0.00050375	0.557709
1.4475	0.00050375	0.271446
1.44846	0.00050375	0.0276092
1.44942	0.00050375	0.00566598
1.45039	0.00050375	0.000511206
1.45135	0.00050375	1.82513e-06
1.45232	0.00050375	0
1.40507	0.00052025	3.70642e-17
1.40603	0.00052025	1.12825e-11
1.40699	0.00052025	4.41741e-08
1.40796	0.00052025	1.68366e-05
1.40892	0.00052025	0.000191169
1.40989	0.00052025	0.00891081
1.41085	0.00052025	0.0660566
1.41182	0.00052025	0.605818
1.41278	0.00052025	2.27075
1.41375	0.00052025	9.64992
1.41471	0.00052025	40.6792
1.41567	0.00052025	175.004
1.41664	0.00052025	469.711
1.4176	0.00052025	1125
1.41857	0.00052025	2152.57
1.41953	0.00052025	5793.33
1.4205	0.00052025	9707.98
1.42146	0.00052025	24820.6
1.42242	0.00052025	64617.1
1.42339	0.00052025	96060.6
1.42435	0.00052025	170125
1.42532	0.00052025	208579
1.42628	0.00052025	159855
1.42725	0.00052025	235442
1.42821	0.00052025	307800
1.42917	0.00052025	341160
1.43014	0.00052025	246605
1.4311	0.00052025	187927
1.43207	0.00052025	148629
1.43303	0.00052025	122537
1.434	0.00052025	95398.8
1.43496	0.00052025	66366.4
1.43592	0.00052025	77337.9
1.43689	0.00052025	54622.3
1.43785	0.00052025	28056.7
1.43882	0.00052025	8742.1
1.43978	0.00052025	7506.51
1.44075	0.00052025	3986.98
1.44171	0.00052025	937.77
1.44267	0.00052025	927.658
1.44364	0.00052025	169.958
1.4446	0.00052025	144.323
1.44557	0.00052025	22.6823
1.44653	0.00052025	10.4764
1.4475	0.00052025	0.59652
1.44846	0.00052025	0.134898
1.44942	0.00052025	0.0111512
1.45039	0.00052025	0.000350294
1.45135	0.00052025	8.87209e-05
1.45232	0.00052025	0
1.40507	0.00053675	1.41335e-17
1.40603	0.00053675	1.17307e-12
1.40699	0.00053675	8.25747e-08
1.40796	0.00053675	1.01714e-05
1.40892	0.00053675	0.000681591
1.40989	0.00053675	0.0237524
1.41085	0.00053675	0.194426
1.41182	0.00053675	1.38558
1.41278	0.00053675	8.80692
1.41375	0.00053675	49.6778
1.41471	0.00053675	136.043
1.41567	0.00053675	706.249
1.41664	0.00053675	1630.53
1.4176	0.00053675	3680.37
1.41857	0.00053675	10126.8
1.41953	0.00053675	21899.6
1.4205	0.00053675	42646.3
1.42146	0.00053675	122341
1.42242	0.00053675	292714
1.42339	0.00053675	285299
1.42435	0.00053675	920440
1.42532	0.00053675	555868
1.42628	0.00053675	1.577e+06
1.42725	0.00053675	1.50787e+06
1.42821	0.00053675	1.24097e+06
1.42917	0.00053675	1.52473e+06
1.43014	0.00053675	2.40912e+06
1.4311	0.00053675	2.44332e+06
1.43207	0.00053675	1.79161e+06
1.43303	0.00053675	1.6079e+06
1.434	0.00053675	1.15112e+06
1.43496	0.00053675	836462
1.43592	0.00053675	497319
1.43689	0.00053675	220033
1.43785	0.00053675	141074
1.43882	0.00053675	113879
1.43978	0.00053675	46719.8
1.44075	0.00053675	16607
1.44171	0.00053675	11892.9
1.44267	0.00053675	4081.5
1.44364	0.00053675	1464.58
1.4446	0.00053675	434.955
1.44557	0.00053675	149.608
1.44653	0.00053675	26.9934
1.4475	0.00053675	9.95591
1.44846	0.00053675	0.519347
1.44942	0.00053675	0.077442
1.45039	0.00053675	0.00639797
1.45135	0.00053675	0.000150595
1.45232	0.00053675	4.32762e-08
1.40507	0.00055325	2.11431e-22
1.40603	0.00055325	2.9609e-13
1.40699	0.00055325	2.70273e-08
1.40796	0.00055325	3.17891e-05
1.40892	0.00055325	0.001847
1.40989	0.00055325	0.0280054
1.41085	0.00055325	0.517311
1.41182	0.00055325	7.04268
1.41278	0.00055325	33.5173
1.41375	0.00055325	136.29
1.41471	0.00055325	344.884
1.41567	0.00055325	1448.97
1.41664	0.00055325	5072.47
1.4176	0.00055325	12544.8
1.41857	0.00055325	27204.7
1.41953	0.00055325	54691.1
1.4205	0.00055325	89357
1.42146	0.00055325	170033
1.42242	0.00055325	290519
1.42339	0.00055325	650019
1.42435	0.00055325	1.21772e+06
1.42532	0.00055325	1.40756e+06
1.42628	0.00055325	1.09858e+06
1.42725	0.00055325	1.7895e+06
1.42821	0.00055325	1.95303e+06
1.42917	0.00055325	2.28451e+06
1.43014	0.00055325	2.28446e+06
1.4311	0.00055325	1.99968e+06
1.43207	0.00055325	1.75109e+06
1.43303	0.00055325	1.18229e+06
1.434	0.00055325	988897
1.43496	0.00055325	743739
1.43592	0.00055325	434698
1.43689	0.00055325	316203
1.43785	0.00055325	204037
1.43882	0.00055325	75252
1.43978	0.00055325	43777.1
1.44075	0.00055325	24980.6
1.44171	0.00055325	10949
1.44267	0.00055325	4286.44
1.44364	0.00055325	1493.47
1.4446	0.00055325	597.259
1.44557	0.00055325	199.22
1.44653	0.00055325	41.7412
1.4475	0.00055325	8.35439
1.44846	0.00055325	1.89848
1.44942	0.00055325	0.1474
1.45039	0.00055325	0.008636
1.45135	0.00055325	0.00061908
1.45232	0.00055325	2.42093e-08
1.40507	0.00056975	5.11149e-23
1.40603	0.00056975	3.54787e-14
1.40699	0.00056975	1.86468e-09
1.40796	0.00056975	1.4281e-05
1.40892	0.00056975	0.00131678
1.40989	0.00056975	0.0150359
1.41085	0.00056975	0.474028
1.41182	0.00056975	2.59779
1.41278	0.00056975	20.1696
1.41375	0.00056975	59.6
1.41471	0.00056975	206.834
1.41567	0.00056975	939.063
1.41664	0.00056975	2245.93
1.4176	0.00056975	5721.44
1.41857	0.00056975	14722
1.41953	0.00056975	28887.5
1.4205	0.00056975	59079.4
1.42146	0.00056975	98922.1
1.42242	0.00056975	199428
1.42339	0.00056975	395135
1.42435	0.00056975	581003
1.42532	0.00056975	821855
1.42628	0.00056975	1.08671e+06
1.42725	0.00056975	1.23364e+06
1.42821	0.00056975	1.26541e+06
1.42917	0.00056975	1.784e+06
1.43014	0.00056975	1.73716e+06
1.4311	0.00056975	1.29177e+06
1.43207	0.00056975	1.11312e+06
1.43303	0.00056975	1.00524e+06
1.434	0.00056975	773809
1.43496	0.00056975	501898
1.43592	0.00056975	343856
1.43689	0.00056975	157274
1.43785	0.00056975	80599.5
1.43882	0.00056975	60092.5
1.43978	0.00056975	50075.7
1.44075	0.00056975	10857.8
1.44171	0.00056975	6095.35
1.44267	0.00056975	1656.99
1.44364	0.00056975	850.402
1.4446	0.00056975	201.905
1.44557	0.00056975	77.6368
1.44653	0.00056975	13.2237
1.4475	0.00056975	4.62558
1.44846	0.00056975	0.46073
1.44942	0.00056975	0.0688708
1.45039	0.00056975	0.01002
1.45135	0.00056975	0.000244082
1.45232	0.00056975	8.02338e-07
1.40507	0.00058625	0
1.40603	0.00058625	1.1917e-16
1.40699	0.00058625	1.34888e-10
1.40796	0.00058625	5.37788e-06
1.40892	0.00058625	0.000295799
1.40989	0.00058625	0.00798822
1.41085	0.00058625	0.0902692
1.41182	0.00058625	0.629724
1.41278	0.00058625	5.51939
1.41375	0.00058625	28.8156
1.41471	0.00058625	86.0264
1.41567	0.00058625	250.14
1.41664	0.00058625	625.439
1.4176	0.00058625	1935.73
1.41857	0.00058625	4291.68
1.41953	0.00058625	9458.51
1.4205	0.00058625	16316.8
1.42146	0.00058625	40711.8
1.42242	0.00058625	76687.4
1.42339	0.00058625	79008.3
1.42435	0.00058625	132966
1.42532	0.00058625	142463
1.42628	0.00058625	193347
1.42725	0.00058625	246099
1.42821	0.00058625	359896
1.42917	0.00058625	379171
1.43014	0.00058625	394615
1.4311	0.00058625	354729
1.43207	0.00058625	284937
1.43303	0.00058625	246661
1.434	0.00058625	204256
1.43496	0.00058625	139970
1.43592	0.00058625	138161
1.43689	0.00058625	91550.8
1.43785	0.00058625	63925.7
1.43882	0.00058625	21748.7
1.43978	0.00058625	11270.6
1.44075	0.00058625	7753.05
1.44171	0.00058625	2565.77
1.44267	0.00058625	821.319
1.44364	0.00058625	249.334
1.4446	0.00058625	76.7283
1.44557	0.00058625	25.3395
1.44653	0.00058625	5.1361
1.4475	0.00058625	1.20833
1.44846	0.00058625	0.204794
1.44942	0.00058625	0.0110602
1.45039	0.00058625	0.00546806
1.45135	0.00058625	0.000324097
1.45232	0.00058625	3.79561e-06
1.40507	0.00060275	0
1.40603	0.00060275	3.10577e-20
1.40699	0.00060275	1.90938e-14
1.40796	0.00060275	1.74248e-08
1.40892	0.00060275	1.92334e-05
1.40989	0.00060275	0.000381335
1.41085	0.00060275	0.0144495
1.41182	0.00060275	0.135212
1.41278	0.00060275	1.02622
1.41375	0.00060275	1.64596
1.41471	0.00060275	8.5942
1.41567	0.00060275	54.6035
1.41664	0.00060275	115.271
1.4176	0.00060275	334.695
1.41857	0.00060275	586.781
1.41953	0.00060275	1595.89
1.4205	0.00060275	1650.96
1.42146	0.00060275	3222.24
1.42242	0.00060275	6150.99
1.42339	0.00060275	12575.3
1.42435	0.00060275	37546.4
1.42532	0.00060275	43559.1
1.42628	0.00060275	113951
1.42725	0.00060275	161167
1.42821	0.00060275	82641.1
1.42917	0.00060275	106130
1.43014	0.00060275	92642.8
1.4311	0.00060275	69437
1.43207	0.00060275	48134
1.43303	0.00060275	34240.2
1.434	0.00060275	25261.7
1.43496	0.00060275	17704.5
1.43592	0.00060275	10299
1.43689	0.00060275	4704.33
1.43785	0.00060275	3580.82
1.43882	0.00060275	1393.67
1.43978	0.00060275	478.56
1.44075	0.00060275	251.689
1.44171	0.00060275	153.066
1.44267	0.00060275	44.4329
1.44364	0.00060275	23.5288
1.4446	0.00060275	5.71346
1.44557	0.00060275	2.86664
1.44653	0.00060275	0.477189
1.4475	0.00060275	0.199469
1.44846	0.00060275	0.0380359
1.44942	0.00060275	0.00395992
1.45039	0.00060275	0.000886633
1.45135	0.00060275	3.96687e-05
1.45232	0.00060275	8.36926e-07
1.40507	0.00061925	0
1.40603	0.00061925	1.90292e-26
1.40699	0.00061925	2.17903e-17
1.40796	0.00061925	1.25257e-10
1.40892	0.00061925	3.93496e-07
1.40989	0.00061925	9.3368e-06
1.41085	0.00061925	0.000802601
1.41182	0.00061925	0.00144727
1.41278	0.00061925	0.0138135
1.41375	0.00061925	0.0749977
1.41471	0.00061925	0.66125
1.41567	0.00061925	2.34423
1.41664	0.00061925	3.25139
1.4176	0.00061925	5.98056
1.41857	0.00061925	13.0038
1.41953	0.00061925	50.8445
1.4205	0.00061925	90.8683
1.42146	0.00061925	242.526
1.42242	0.00061925	177.115
1.42339	0.00061925	387.37
1.42435	0.00061925	257.927
1.42532	0.00061925	594.86
1.42628	0.00061925	390.837
1.42725	0.00061925	629.663
1.42821	0.00061925	692.416
1.42917	0.00061925	433.274
1.43014	0.00061925	345.826
1.4311	0.00061925	432.528
1.43207	0.00061925	340.612
1.43303	0.00061925	276.184
1.434	0.00061925	168.335
1.43496	0.00061925	117.2
1.43592	0.00061925	84.4415
1.43689	0.00061925	50.2261
1.43785	0.00061925	17.7856
1.43882	0.00061925	12.2459
1.43978	0.00061925	4.99411
1.44075	0.00061925	2.0827
1.44171	0.00061925	0.849404
1.44267	0.00061925	0.408345
1.44364	0.00061925	0.0939483
1.4446	0.00061925	0.0306101
1.44557	0.00061925	0.010733
1.44653	0.00061925	0.00318559
1.4475	0.00061925	0.00033224
1.44846	0.00061925	5.13736e-05
1.44942	0.00061925	8.61055e-06
1.45039	0.00061925	3.64988e-07
1.45135	0.00061925	3.45739e-08
1.45232	0.00061925	6.4717e-09
1.40507	0.00063575	0
1.40603	0.00063575	1.3674e-30
1.40699	0.00063575	2.11721e-20
1.40796	0.00063575	1.03196e-13
1.40892	0.00063575	1.00861e-10
1.40989	0.00063575	1.54557e-08
1.41085	0.00063575	4.85557e-07
1.41182	0.00063575	7.15905e-06
1.41278	0.00063575	8.38573e-05
1.41375	0.00063575	0.000179628
1.41471	0.00063575	0.00067967
1.41567	0.00063575	0.00271278
1.41664	0.00063575	0.00974052
1.4176	0.00063575	0.0287995
1.41857	0.00063575	0.0684232
1.41953	0.00063575	0.105162
1.4205	0.00063575	0.186308
1.42146	0.00063575	0.330614
1.42242	0.00063575	0.395816
1.42339	0.00063575	0.773844
1.42435	0.00063575	1.67618
1.42532	0.00063575	1.67991
1.42628	0.00063575	1.68177
1.42725	0.00063575	4.06811
1.42821	0.00063575	3.14678
1.42917	0.00063575	2.91639
1.43014	0.00063575	2.73503
1.4311	0.00063575	2.11625
1.43207	0.00063575	2.515
1.43303	0.00063575	1.42477
1.434	0.00063575	1.24495
1.43496	0.00063575	0.627046
1.43592	0.00063575	0.422815
1.43689	0.00063575	0.195192
1.43785	0.00063575	0.141131
1.43882	0.00063575	0.0537883
1.43978	0.00063575	0.0224634
1.44075	0.00063575	0.0139055
1.44171	0.00063575	0.00493248
1.44267	0.00063575	0.00143763
1.44364	0.00063575	0.000711178
1.4446	0.00063575	0.000168809
1.44557	0.00063575	6.70375e-05
1.44653	0.00063575	1.05421e-05
1.4475	0.00063575	1.37978e-06
1.44846	0.00063575	3.89212e-07
1.44942	0.00063575	4.17311e-08
1.45039	0.00063575	4.29117e-09
1.45135	0.00063575	2.29139e-10
1.45232	0.00063575	1.22784e-11
1.40507	0.00065225	0
1.40603	0.00065225	1.65516e-35
1.40699	0.00065225	4.6312e-24
1.40796	0.00065225	1.91034e-19
1.40892	0.00065225	3.09117e-14
1.40989	0.00065225	6.2493e-11
1.41085	0.00065225	1.00956e-10
1.41182	0.00065225	9.37835e-09
1.41278	0.00065225	2.65073e-08
1.41375	0.00065225	3.8181e-07
1.41471	0.00065225	1.65562e-06
1.41567	0.00065225	5.03346e-06
1.41664	0.00065225	2.59942e-05
1.4176	0.00065225	4.85479e-05
1.41857	0.00065225	9.68437e-05
1.41953	0.00065225	0.000149237
1.4205	0.00065225	0.000242138
1.42146	0.00065225	0.00109076
1.42242	0.00065225	0.00105618
1.42339	0.00065225	0.00384384
1.42435	0.00065225	0.00438311
1.42532	0.00065225	0.00480134
1.42628	0.00065225	0.0024929
1.42725	0.00065225	0.00394469
1.42821	0.00065225	0.00217614
1.42917	0.00065225	0.00145035
1.43014	0.00065225	0.00241809
1.4311	0.00065225	0.00249117
1.43207	0.00065225	0.00174719
1.43303	0.00065225	0.00123157
1.434	0.00065225	0.000734311
1.43496	0.00065225	0.000494376
1.43592	0.00065225	0.000289725
1.43689	0.00065225	8.80747e-05
1.43785	0.00065225	6.31302e-05
1.43882	0.00065225	3.73114e-05
1.43978	0.00065225	1.41731e-05
1.44075	0.00065225	5.51061e-06
1.44171	0.00065225	3.00312e-06
1.44267	0.00065225	1.07458e-06
1.44364	0.00065225	2.948e-07
1.4446	0.00065225	9.12229e-08
1.44557	0.00065225	3.50239e-08
1.44653	0.00065225	1.20231e-08
1.4475	0.00065225	3.83559e-09
1.44846	0.00065225	6.85325e-10
1.44942	0.00065225	1.64775e-10
1.45039	0.00065225	1.07451e-11
1.45135	0.00065225	5.28709e-13
1.45232	0.00065225	1.65557e-14
1.40507	0.00066875	0
1.40603	0.00066875	0
1.40699	0.00066875	4.70609e-32
1.40796	0.00066875	2.94508e-25
1.40892	0.00066875	2.29424e-18
1.40989	0.00066875	2.57901e-14
1.41085	0.00066875	1.39434e-13
1.41182	0.00066875	4.20781e-12
1.41278	0.00066875	5.41216e-12
1.41375	0.00066875	6.56452e-10
1.41471	0.00066875	1.55346e-09
1.41567	0.00066875	2.45144e-09
1.41664	0.00066875	4.37563e-09
1.4176	0.00066875	2.70446e-08
1.41857	0.00066875	1.85846e-07
1.41953	0.00066875	4.32661e-07
1.4205	0.00066875	2.01663e-07
1.42146	0.00066875	2.67155e-07
1.42242	0.00066875	2.54563e-07
1.42339	0.00066875	1.06235e-07
1.42435	0.00066875	2.10199e-07
1.42532	0.00066875	4.11639e-07
1.42628	0.00066875	7.89137e-08
1.42725	0.00066875	3.34022e-06
1.42821	0.00066875	1.06789e-07
1.42917	0.00066875	8.71608e-08
1.43014	0.00066875	1.0387e-07
1.4311	0.00066875	9.1371e-08
1.43207	0.00066875	1.28368e-07
1.43303	0.00066875	9.06607e-08
1.434	0.00066875	7.19764e-08
1.43496	0.00066875	2.01505e-08
1.43592	0.00066875	1.04876e-08
1.43689	0.00066875	5.3728e-09
1.43785	0.00066875	3.17954e-09
1.43882	0.00066875	2.56766e-09
1.43978	0.00066875	7.60784e-10
1.44075	0.00066875	2.66378e-10
1.44171	0.00066875	1.61152e-10
1.44267	0.00066875	5.48998e-11
1.44364	0.00066875	1.86942e-11
1.4446	0.00066875	1.42104e-12
1.44557	0.00066875	9.60876e-13
1.44653	0.00066875	9.35469e-14
1.4475	0.00066875	3.12214e-14
1.44846	0.00066875	2.26483e-15
1.44942	0.00066875	5.25307e-16
1.45039	0.00066875	5.71471e-17
1.45135	0.00066875	4.37295e-18
1.45232	0.00066875	5.74425e-20
1.40507	0.00068525	0
1.40603	0.00068525	0
1.40699	0.00068525	0
1.40796	0.00068525	3.16355e-33
1.40892	0.00068525	6.28068e-23
1.40989	0.00068525	3.43226e-21
1.41085	0.00068525	1.00809e-19
1.41182	0.00068525	3.5141e-17
1.41278	0.00068525	4.58539e-17
1.41375	0.00068525	9.8457e-16
1.41471	0.00068525	1.90304e-15
1.41567	0.00068525	3.40534e-14
1.41664	0.00068525	2.31797e-14
1.4176	0.00068525	7.98014e-14
1.41857	0.00068525	2.48644e-13
1.41953	0.00068525	3.09029e-13
1.4205	0.00068525	3.13288e-13
1.42146	0.00068525	3.778e-13
1.42242	0.00068525	5.93557e-13
1.42339	0.00068525	1.34412e-12
1.42435	0.00068525	3.60552e-12
1.42532	0.00068525	3.44132e-12
1.42628	0.00068525	5.32846e-12
1.42725	0.00068525	8.17231e-12
1.42821	0.00068525	6.65083e-12
1.42917	0.00068525	6.00837e-12
1.43014	0.00068525	4.01158e-12
1.4311	0.00068525	2.81235e-12
1.43207	0.00068525	1.57288e-12
1.43303	0.00068525	1.20204e-12
1.434	0.00068525	1.05799e-12
1.43496	0.00068525	5.93165e-13
1.43592	0.00068525	3.99307e-13
1.43689	0.00068525	4.27267e-14
1.43785	0.00068525	7.57268e-15
1.43882	0.00068525	6.02912e-15
1.43978	0.00068525	1.81373e-14
1.44075	0.00068525	1.90006e-15
1.44171	0.00068525	7.03682e-17
1.44267	0.00068525	3.43329e-17
1.44364	0.00068525	0
1.4446	0.00068525	0
1.44557	0.00068525	7.5042e-19
1.44653	0.00068525	0
1.4475	0.00068525	0
1.44846	0.00068525	0
1.44942	0.00068525	0
1.45039	0.00068525	0
1.45135	0.00068525	0
1.45232	0.00068525	0
1.40507	0.00070175	0
1.40603	0.00070175	0
1.40699	0.00070175	0
1.40796	0.00070175	0
1.40892	0.00070175	0
1.40989	0.00070175	0
1.41085	0.00070175	0
1.41182	0.00070175	0
1.41278	0.00070175	0
1.41375	0.00070175	0
1.41471	0.00070175	0
1.41567	0.00070175	0
1.41664	0.00070175	0
1.4176	0.00070175	0
1.41857	0.00070175	0
1.41953	0.00070175	0
1.4205	0.00070175	0
1.42146	0.00070175	0
1.42242	0.00070175	0
1.42339	0.00070175	0
1.42435	0.00070175	0
1.42532	0.00070175	0
1.42628	0.00070175	0
1.42725	0.00070175	0
1.42821	0.00070175	0
1.42917	0.00070175	0
1.43014	0.00070175	0
1.4311	0.00070175	0
1.43207	0.00070175	0
1.43303	0.00070175	0
1.434	0.00070175	0
1.43496	0.00070175	0
1.43592	0.00070175	0
1.43689	0.00070175	0
1.43785	0.00070175	0
1.43882	0.00070175	0
1.43978	0.00070175	0
1.44075	0.00070175	0
1.44171	0.00070175	0
1.44267	0.00070175	0
1.44364	0.00070175	0
1.4446	0.00070175	0
1.44557	0.00070175	0
1.44653	0.00070175	0
1.4475	0.00070175	0
1.44846	0.00070175	0
1.44942	0.00070175	0
1.45039	0.00070175	0
1.45135	0.00070175	0
1.45232	0.00070175	0
