unknownMP	3
n_l	1.4	1.4348	50
theta_0	0.0002	0.0008	20
N_0	0.3	0.7	20

0	
0	0	0	0	0	0	0	0	0	0	0	0	0	0	0	0	0	0	0	0	
0	0	0	0	0	0	0	0	0	0	0	0	0	0	0	0	0	0	0	0	
0	0	0	0	0	0	0	0	0	0	0	0	0	0	0	0	0	0	0	0	
0	0	0	0	0	0	0	0	0	0	0	0	0	0	0	0	0	0	0	0	
0	0	0	0	0	0	0	0	0	0	0	0	0	0	0	0	0	0	0	0	
0	0	0	0	0	0	0	0	0	0	0	0	0	0	0	0	0	0	0	0	
0	0	0	0	0	0	0	0	0	0	0	0	0	0	0	0	0	0	0	0	
0	0	0	0	0	0	0	0	0	0	0	0	0	0	0	0	0	0	0	0	
0	0	0	0	0	0	0	0	0	0	0	0	0	0	0	0	0	0	0	0	
0	0	0	0	0	0	0	0	0	0	0	0	0	0	0	0	0	0	0	0	
0	0	0	0	0	0	0	0	0	0	0	0	0	0	0	0	0	0	0	0	
0	0	0	0	0	0	0	0	0	0	0	0	0	0	0	0	0	0	0	0	
0	0	0	0	0	0	0	0	0	0	0	0	0	0	0	0	0	0	0	0	
0	0	0	0	0	0	0	0	0	0	0	0	0	0	0	0	0	0	0	0	
0	0	0	0	0	0	0	0	0	0	0	0	0	0	0	0	0	0	0	0	
0	0	0	0	0	0	0	0	0	0	0	0	0	0	0	0	0	0	0	0	
0	0	0	0	0	0	0	0	0	0	0	0	0	0	0	0	0	0	0	0	
0	0	0	0	0	0	0	0	0	0	0	0	0	0	0	0	0	0	0	0	
0	0	0	0	0	0	0	0	0	0	0	0	0	0	0	0	0	0	0	0	
0	0	0	0	0	0	0	0	0	0	0	0	0	0	0	0	0	0	0	0	
0	0	0	0	0	0	0	0	0	0	0	0	0	0	0	0	0	0	0	0	
0	0	0	0	0	0	0	0	0	0	0	0	0	0	0	0	0	0	0	0	
0	0	0	0	0	0	0	0	0	0	0	0	0	0	0	0	0	0	0	0	
0	0	0	0	0	0	0	0	0	0	0	0	0	0	0	0	0	0	0	0	
0	0	0	0	0	0	0	0	0	0	0	0	0	0	0	0	0	0	0	0	
0	0	0	0	0	0	0	0	0	0	0	0	0	0	0	0	0	0	0	0	
0	0	0	0	0	0	0	0	0	0	0	0	0	0	0	0	0	0	0	0	
0	0	0	0	0	0	0	0	0	0	0	0	0	0	0	0	0	0	0	0	
0	0	0	0	0	0	0	0	0	0	0	0	0	0	0	0	0	0	0	0	
0	0	0	0	0	0	0	0	0	0	0	0	0	0	0	0	0	0	0	0	
0	0	0	0	0	0	0	0	0	0	0	0	0	0	0	0	0	0	0	0	
0	0	0	0	0	0	0	0	0	0	0	0	0	0	0	0	0	0	0	0	
0	0	0	0	0	0	0	0	0	0	0	0	0	0	0	0	0	0	0	0	
0	0	0	0	0	0	0	0	0	0	0	0	0	0	0	0	0	0	0	0	
0	0	0	0	0	0	0	0	0	0	0	0	0	0	0	0	0	0	0	0	
0	0	0	0	0	0	0	0	0	0	0	0	0	0	0	0	0	0	0	0	
0	0	0	0	0	0	0	0	0	0	0	0	0	0	0	0	0	0	0	0	
0	0	0	0	0	0	0	0	0	0	0	0	0	0	0	0	0	0	0	0	
0	0	0	0	0	0	0	0	0	0	0	0	0	0	0	0	0	0	0	0	
0	0	0	0	0	0	0	0	0	0	0	0	0	0	0	0	0	0	0	0	
0	0	0	0	0	0	0	0	0	0	0	0	0	0	0	0	0	0	0	0	
0	0	0	0	0	0	0	0	0	0	0	0	0	0	0	0	0	0	0	0	
0	0	0	0	0	0	0	0	0	0	0	0	0	0	0	0	0	0	0	0	
0	0	0	0	0	0	0	0	0	0	0	0	0	0	0	0	0	0	0	0	
0	0	0	0	0	0	0	0	0	0	0	0	0	0	0	0	0	0	0	0	
0	0	0	0	0	0	0	0	0	0	0	0	0	0	0	0	0	0	0	0	
0	0	0	0	0	0	0	0	0	0	0	0	0	0	0	0	0	0	0	0	
0	0	0	0	0	0	0	0	0	0	0	0	0	0	0	0	0	0	0	0	
0	0	0	0	0	0	0	0	0	0	0	0	0	0	0	0	0	0	0	0	
0	0	0	0	0	0	0	0	0	0	0	0	0	0	0	0	0	0	0	0	
0	0	0	0	0	0	0	0	0	0	0	0	0	0	0	0	0	0	0	0	
0	0	0	0	0	0	0	0	0	0	0	0	0	0	0	0	0	0	0	0	
0	0	0	0	0	0	0	0	0	0	0	0	0	0	0	0	0	0	0	0	
0	0	0	0	0	0	0	0	0	0	0	0	0	0	0	0	0	0	0	0	
0	0	0	0	0	0	0	0	0	0	0	0	0	0	0	0	0	0	0	0	
0	0	0	0	0	0	0	0	0	0	0	0	0	0	0	0	0	0	0	0	
0	0	0	0	0	0	0	0	0	0	0	0	0	0	0	0	0	0	0	0	
0	0	0	0	0	0	0	0	0	0	0	0	0	0	0	0	0	0	0	0	
0	0	0	0	0	0	0	0	0	0	0	0	0	0	0	0	0	0	0	0	
0	0	0	0	0	0	0	0	0	0	0	0	0	0	0	0	0	0	0	0	
0	0	0	0	0	0	0	0	0	0	0	0	0	0	0	0	0	0	0	0	
0	0	0	0	0	0	0	0	0	0	0	0	0	0	0	0	0	0	0	0	
0	0	0	0	0	0	0	0	0	0	0	0	0	0	0	0	0	0	0	0	
0	0	0	0	0	0	0	0	0	0	0	0	0	0	0	0	0	0	0	0	
0	0	0	0	0	0	0	0	0	0	0	0	0	0	0	0	0	0	0	0	
0	0	0	0	0	0	0	0	0	0	0	0	0	0	0	0	0	0	0	0	
0	0	0	0	0	0	0	0	0	0	0	0	0	0	0	0	0	0	0	0	
0	0	0	0	0	0	0	0	0	0	0	0	0	0	0	0	0	0	0	0	
0	0	0	0	0	0	0	0	0	0	0	0	0	0	0	0	0	0	0	0	
0	0	0	0	0	0	0	0	0	0	0	0	0	0	0	0	0	0	0	0	
0	0	0	0	0	0	0	0	0	0	0	0	0	0	0	0	0	0	0	0	
0	0	0	0	0	0	0	0	0	0	0	0	0	0	0	0	0	0	0	0	
0	0	0	0	0	0	0	0	0	0	0	0	0	0	0	0	0	0	0	0	
0	0	0	0	0	0	0	0	0	0	0	0	0	0	0	0	0	0	0	0	
0	0	0	0	0	0	0	0	0	0	0	0	0	0	0	0	0	0	0	0	
0	0	0	0	0	0	0	0	0	0	0	0	0	0	0	0	0	0	0	0	
0	0	0	0	0	0	0	0	0	0	0	0	0	0	0	0	0	0	0	0	
0	0	0	0	0	0	0	0	0	0	0	0	0	0	0	0	0	0	0	0	
0	0	0	0	0	0	0	0	0	0	0	0	0	0	0	0	0	0	0	0	
0	0	0	0	0	0	0	0	0	0	0	0	0	0	0	0	0	0	0	0	
0	0	0	0	0	0	0	0	0	0	0	0	0	0	0	0	0	0	0	0	
0	0	0	0	0	0	0	0	0	0	0	0	0	0	0	0	0	0	0	0	
0	0	0	0	0	0	0	0	0	0	0	0	0	0	0	0	0	0	0	0	
0	0	0	0	0	0	0	0	0	0	0	0	0	0	0	0	0	0	0	0	
0	0	0	0	0	0	0	0	0	0	0	0	0	0	0	0	0	0	0	0	
0	0	0	0	0	0	0	0	0	0	0	0	0	0	0	0	0	0	0	0	
0	0	0	0	0	0	0	0	0	0	0	0	0	0	0	0	0	0	0	0	
0	0	0	0	0	0	0	0	0	0	0	0	0	0	0	0	0	0	0	0	
0	0	0	0	0	0	0	0	0	0	0	0	0	0	0	0	0	0	0	0	
0	0	0	0	0	0	0	0	0	0	0	0	0	0	0	0	0	0	0	0	
0	0	0	0	0	0	0	0	0	0	0	0	0	0	0	0	0	0	0	0	
0	0	0	0	0	0	0	0	0	0	0	0	0	0	0	0	0	0	0	0	
0	0	0	0	0	0	0	0	0	0	0	0	0	0	0	0	0	0	0	0	
0	0	0	0	0	0	0	0	0	0	0	0	0	0	0	0	0	0	0	0	
0	0	0	0	0	0	0	0	0	0	0	0	0	0	0	0	0	0	0	0	
0	0	0	0	0	0	0	0	0	0	0	0	0	0	0	0	0	0	0	0	
0	0	0	0	0	0	0	0	0	0	0	0	0	0	0	0	0	0	0	0	
0	0	0	0	0	0	0	0	0	0	0	0	0	0	0	0	0	0	0	0	
0	0	0	0	0	0	0	0	0	0	0	0	0	0	0	0	0	0	0	0	
0	0	0	0	0	0	0	0	0	0	0	0	0	0	0	0	0	0	0	0	
0	0	0	0	0	0	0	0	0	0	0	0	0	0	0	0	0	0	0	0	
0	0	0	0	0	0	0	0	0	0	0	0	0	0	0	0	0	0	0	0	
0	0	0	0	0	0	0	0	0	0	0	0	0	0	0	0	0	0	0	0	
0	0	0	0	0	0	0	0	0	0	0	0	0	0	0	0	0	0	0	0	
0	0	0	0	0	0	0	0	0	0	0	0	0	0	0	0	0	0	0	0	
0	0	0	0	0	0	0	0	0	0	0	0	0	0	0	0	0	0	0	0	
0	0	0	0	0	0	0	0	0	0	0	0	0	0	0	0	0	0	0	0	
0	0	0	0	0	0	0	0	0	0	0	0	0	0	0	0	0	0	0	0	
0	0	0	0	0	0	0	0	0	0	0	0	0	0	0	0	0	0	0	0	
0	0	0	0	0	0	0	0	0	0	0	0	0	0	0	0	0	0	0	0	
0	0	0	0	0	0	0	0	0	0	0	0	0	0	0	0	0	0	0	0	
0	0	0	0	0	0	0	0	0	0	0	0	0	0	0	0	0	0	0	0	
0	0	0	0	0	0	0	0	0	0	0	0	0	0	0	0	0	0	0	0	
0	0	0	0	0	0	0	0	0	0	0	0	0	0	0	0	0	0	0	0	
0	0	0	0	0	0	0	0	0	0	0	0	0	0	0	0	0	0	0	0	
0	0	0	0	0	0	0	0	0	0	0	0	0	0	0	0	0	0	0	0	
0	0	0	0	0	0	0	0	0	0	0	0	0	0	0	0	0	0	0	0	
0	0	0	0	0	0	0	0	0	0	0	0	0	0	0	0	0	0	0	0	
0	0	0	0	0	0	0	0	0	0	0	0	0	0	0	0	0	0	0	0	
0	0	0	0	0	0	0	0	0	0	0	0	0	0	0	0	0	0	0	0	
0	0	0	0	0	0	0	0	0	0	0	0	0	0	0	0	0	0	0	0	
0	0	0	0	0	0	0	0	0	0	0	0	0	0	0	0	0	0	0	0	
0	0	0	0	0	0	0	0	0	0	0	0	0	0	0	0	0	0	0	0	
0	0	0	0	0	0	0	0	0	0	0	0	0	0	0	0	0	0	0	0	
0	0	0	0	0	0	0	0	0	0	0	0	0	0	0	0	0	0	0	0	
0	0	0	2.653e-36	0	7.59204e-38	3.32335e-35	3.43411e-35	3.39599e-35	7.2417e-35	5.16554e-36	8.4375e-34	1.19876e-33	1.9105e-34	7.12051e-33	8.51907e-35	1.48369e-34	6.95368e-33	1.13925e-34	3.49596e-33	
7.65639e-35	1.47424e-34	1.45748e-35	1.34399e-34	6.02232e-36	3.51916e-35	1.25468e-35	1.39415e-35	2.34828e-36	1.48802e-39	6.69302e-37	4.77977e-37	0	2.07807e-40	0	0	5.0866e-39	0	1.62619e-39	0	
7.72609e-41	0	0	0	0	0	0	0	0	0	0	0	0	0	0	0	0	0	0	0	
0	0	0	0	0	0	0	0	0	0	0	0	0	0	0	0	0	0	0	0	
0	0	0	0	0	0	0	0	0	0	0	0	0	0	0	0	0	0	0	0	
0	0	0	0	0	0	0	0	0	0	0	0	0	0	0	0	0	0	0	0	
0	0	0	0	0	0	0	0	0	0	0	0	0	0	0	0	0	0	0	0	
0	0	0	0	0	0	0	0	0	0	0	0	0	0	0	0	0	0	0	0	
0	0	0	0	0	0	0	0	0	0	0	0	0	0	0	0	0	0	0	0	
0	0	0	0	0	0	0	0	0	0	0	0	0	0	0	0	0	0	0	0	
0	0	0	0	0	0	0	0	0	0	0	0	0	0	0	0	0	0	0	0	
0	0	0	0	0	0	0	0	0	0	0	0	0	0	0	0	0	0	0	0	
0	0	0	0	0	0	0	0	0	0	0	0	0	0	0	0	0	0	0	0	
0	0	0	0	0	0	0	0	0	0	0	0	0	0	0	0	0	0	0	0	
0	0	0	0	0	0	0	0	0	0	0	0	0	0	0	0	0	0	0	0	
0	0	0	0	0	0	0	0	0	0	0	0	0	0	0	0	0	0	0	0	
0	0	0	0	0	0	0	0	0	0	0	0	0	0	0	0	0	0	0	0	
0	0	0	0	0	0	0	0	0	0	0	0	0	0	0	0	0	0	0	0	
0	0	0	0	0	0	0	0	0	0	0	0	0	0	0	0	0	0	0	0	
0	0	0	0	0	0	0	0	0	0	0	0	0	0	0	0	0	0	0	0	
0	0	0	0	0	0	0	0	0	0	0	0	0	0	0	0	0	0	0	0	
0	0	0	0	0	0	0	0	0	0	0	0	0	0	0	0	0	0	0	0	
0	0	0	0	0	0	0	0	0	0	0	0	0	0	0	0	0	0	0	0	
0	0	0	0	0	0	0	0	0	0	0	0	0	0	0	0	0	0	0	0	
0	0	0	0	0	0	0	0	0	0	0	0	0	0	0	0	0	0	0	0	
0	0	0	0	0	0	0	0	0	0	0	0	0	0	0	0	0	0	0	0	
0	0	0	0	0	0	0	0	0	0	0	0	0	0	0	0	0	0	0	0	
0	0	0	0	0	0	0	0	0	0	0	0	0	0	0	0	0	0	0	0	
0	0	0	0	0	0	0	0	0	0	0	0	0	0	0	0	0	0	0	0	
0	0	0	0	0	0	0	0	0	0	0	0	0	0	0	0	0	0	0	0	
0	0	0	0	0	0	0	0	0	0	0	0	0	0	0	0	0	0	0	0	
0	0	0	0	0	0	0	0	0	0	0	0	0	0	0	0	0	0	0	0	
0	0	0	0	0	0	0	0	0	0	0	0	0	0	0	0	0	0	0	0	
0	0	0	0	0	0	0	0	0	0	0	0	0	0	0	0	0	0	0	0	
0	0	0	0	0	0	0	0	0	0	0	0	0	0	0	0	0	0	0	0	
0	0	0	0	0	0	0	0	0	0	0	0	0	0	0	0	0	0	0	0	
0	0	0	0	0	0	0	0	0	0	0	0	0	0	0	0	0	0	0	0	
0	0	0	0	0	0	0	0	0	0	0	0	0	0	0	0	0	0	0	0	
0	0	0	0	0	0	0	0	0	0	0	0	0	0	0	0	0	0	0	0	
0	0	0	0	0	0	0	0	0	0	0	0	0	0	0	0	0	0	0	0	
0	0	0	0	0	0	0	0	0	0	0	0	0	0	0	0	0	0	0	0	
0	0	0	0	0	0	0	0	0	0	0	0	0	0	0	0	0	0	0	0	
0	0	0	0	0	0	0	0	0	0	0	0	0	0	0	0	0	0	0	0	
0	0	0	0	0	0	0	0	0	0	0	0	0	0	0	0	0	0	0	0	
0	0	0	0	0	0	0	0	0	0	0	0	0	0	0	0	0	0	0	0	
0	0	0	0	0	0	0	0	0	0	0	0	0	0	0	0	0	0	0	0	
0	0	0	0	0	0	0	0	1.90086e-20	1.10921e-27	0	0	1.09824e-21	1.52032e-19	2.86052e-22	0	0	0	1.87544e-21	3.85539e-21	
4.14877e-22	1.76708e-21	4.29852e-23	0	1.23794e-23	0	3.51247e-25	0	0	2.25668e-26	4.98982e-22	4.33038e-21	7.97641e-23	7.63363e-21	1.29789e-20	1.72061e-20	5.16228e-19	1.0405e-20	3.81074e-18	3.28907e-17	
2.63357e-19	8.46959e-17	1.1843e-17	1.05245e-17	1.42329e-16	5.71754e-18	7.87209e-17	1.13621e-17	1.1279e-17	1.58218e-17	1.55059e-16	8.31079e-16	6.43165e-18	6.45232e-16	1.28136e-17	1.87234e-16	3.62664e-18	9.67101e-16	1.77829e-17	8.73142e-15	
3.19993e-16	7.34322e-17	4.94919e-19	1.10275e-15	3.51842e-16	5.29042e-17	3.6654e-18	4.98225e-18	7.55387e-16	2.18721e-18	1.99921e-17	1.57263e-20	2.98697e-18	8.95159e-24	3.23864e-19	5.1856e-27	4.53152e-22	9.3391e-31	1.15632e-25	1.49158e-27	
5.15482e-27	1.35528e-27	5.53241e-28	9.38067e-26	2.05575e-27	1.55437e-26	7.59195e-27	2.61739e-26	2.16205e-26	7.47667e-26	2.23869e-26	4.50436e-27	1.63072e-27	7.23929e-26	4.20957e-28	4.24717e-27	4.699e-25	5.29002e-28	1.01708e-26	8.00872e-26	
5.73846e-27	2.64277e-29	4.37207e-27	9.81445e-29	6.95671e-30	3.40013e-28	1.3796e-29	8.20572e-28	3.29687e-31	3.49635e-30	9.51418e-31	1.33743e-32	8.50051e-32	7.36697e-30	2.7023e-33	9.5885e-33	1.24322e-32	2.34741e-33	5.13387e-34	3.25675e-34	
3.01609e-37	2.52215e-35	1.0436e-37	1.83633e-36	1.75821e-39	1.19533e-41	0	0	0	0	0	0	0	0	0	0	0	0	0	0	
0	0	0	0	0	0	0	0	0	0	0	0	0	0	0	0	0	0	0	0	
0	0	0	0	0	0	0	0	0	0	0	0	0	0	0	0	0	0	0	0	
0	0	0	0	0	0	0	0	0	0	0	0	0	0	0	0	0	0	0	0	
0	0	0	0	0	0	0	0	0	0	0	0	0	0	0	0	0	0	0	0	
0	0	0	0	0	0	0	0	0	0	0	0	0	0	0	0	0	0	0	0	
0	0	0	0	0	0	0	0	0	0	0	0	0	0	0	0	0	0	0	0	
0	0	0	0	0	0	0	0	0	0	0	0	0	0	0	0	0	0	0	0	
0	0	0	0	0	0	0	0	0	0	0	0	0	0	0	0	0	0	0	0	
0	0	0	0	0	0	0	0	0	0	0	0	0	0	0	0	0	0	0	0	
0	0	0	0	0	0	0	0	0	0	0	0	0	0	0	0	0	0	0	0	
0	0	0	0	0	0	0	0	0	0	0	0	0	0	0	0	0	0	0	0	
0	0	0	0	0	0	0	0	0	0	0	0	0	0	0	0	0	0	0	0	
0	0	0	0	0	0	0	0	0	0	0	0	0	0	0	0	0	0	0	0	
0	0	0	0	0	0	0	0	0	0	0	0	0	0	0	0	0	0	0	0	
0	0	0	0	0	0	0	0	0	0	0	0	0	0	0	0	0	0	0	0	
0	0	0	0	0	0	0	0	0	0	0	0	0	0	0	0	0	0	0	0	
0	0	0	0	0	0	0	0	0	0	0	0	0	0	0	0	0	0	0	0	
0	0	0	0	0	0	0	0	0	0	0	0	0	0	0	0	0	0	0	0	
0	0	0	0	0	0	0	0	0	0	0	0	0	0	0	0	0	0	0	0	
0	0	0	0	0	0	0	0	0	0	0	0	0	0	0	0	0	0	0	0	
0	0	0	0	0	0	0	0	0	0	0	0	0	0	0	0	0	0	0	0	
0	0	0	0	0	0	0	0	0	0	0	0	0	0	0	0	0	0	0	0	
0	0	0	0	0	0	0	0	0	0	0	0	0	0	0	0	0	0	0	0	
0	0	0	0	0	0	0	0	0	0	0	0	0	0	0	0	0	0	0	0	
0	0	0	0	0	0	0	0	0	0	0	0	0	0	0	0	0	0	0	0	
0	0	0	0	0	0	0	0	0	0	0	0	0	0	0	0	0	0	0	0	
0	0	0	0	0	0	0	0	0	0	0	0	0	0	0	0	0	0	0	0	
0	0	0	0	0	0	0	0	0	0	0	0	0	0	0	0	0	0	0	0	
0	0	0	0	0	0	0	0	0	0	0	0	0	0	0	0	0	0	0	0	
0	0	0	0	0	0	0	0	0	0	0	0	0	0	0	0	0	0	0	0	
0	0	0	0	0	0	0	0	0	0	0	0	0	0	0	0	0	0	0	0	
0	0	0	0	0	0	0	0	0	0	0	0	0	0	0	0	0	0	0	0	
0	0	0	0	0	0	0	0	0	0	0	0	0	0	0	0	0	0	0	0	
0	0	0	0	0	0	0	0	0	0	0	0	0	0	0	0	0	0	0	0	
0	0	0	0	0	0	0	0	0	0	0	0	0	0	0	0	0	0	0	0	
0	0	0	0	0	0	0	0	0	0	0	0	0	0	0	0	0	0	0	0	
0	0	0	0	0	0	0	0	0	0	0	0	0	0	0	0	0	0	0	0	
0	0	0	0	0	0	0	0	0	0	0	0	0	0	0	0	0	0	0	0	
0	0	0	0	0	0	0	0	0	0	0	0	0	0	0	0	0	0	0	0	
0	0	0	0	0	0	0	0	0	0	0	0	0	0	0	0	0	5.5168e-21	0	2.24338e-23	
4.67652e-19	0	5.65026e-20	3.7241e-18	1.7008e-21	8.49911e-18	2.57472e-18	1.13362e-18	9.5877e-19	2.09098e-17	2.15586e-17	7.79396e-19	1.04513e-17	1.4646e-18	9.80852e-18	1.27652e-18	4.32819e-16	1.31845e-16	1.18875e-15	1.71013e-14	
2.94402e-14	1.83001e-13	1.60904e-15	1.81483e-15	2.79105e-16	1.377e-17	3.56182e-15	7.17302e-14	6.45198e-18	4.42734e-15	5.42002e-19	2.51745e-15	7.15331e-19	8.67571e-16	1.53423e-19	4.68844e-19	3.72704e-20	1.55709e-24	0	1.87339e-15	
1.1652e-12	5.59138e-13	6.14982e-12	2.1252e-11	1.43824e-12	1.26091e-09	3.22605e-09	2.53145e-11	4.1022e-08	2.88659e-07	1.81762e-08	3.25043e-07	2.94649e-08	1.73817e-06	9.18267e-07	1.68811e-07	2.40785e-06	4.59945e-08	7.28422e-06	3.92101e-07	
6.15068e-06	6.42238e-07	8.68943e-07	1.34445e-06	9.91677e-08	4.6828e-06	7.12633e-08	2.05805e-06	9.36908e-08	4.04426e-06	1.35116e-07	5.73991e-06	5.14588e-07	6.19506e-07	8.28593e-08	3.90701e-08	6.56539e-07	6.90639e-07	9.46732e-08	1.0032e-07	
8.90727e-09	3.05457e-10	9.63497e-10	1.88435e-12	5.20036e-10	2.60777e-14	3.09421e-11	1.97735e-18	1.2657e-14	4.4098e-12	3.65624e-11	9.80993e-11	1.65118e-11	9.43444e-10	4.8816e-10	3.07799e-10	5.54112e-09	4.74442e-10	4.72043e-09	1.35971e-08	
1.87676e-09	3.3046e-08	1.58967e-09	2.38181e-08	3.79705e-07	1.44131e-08	4.63426e-08	1.3226e-08	9.09629e-08	2.90148e-07	4.04824e-08	1.12343e-07	1.49985e-08	1.12198e-08	3.64928e-08	8.20605e-08	2.20323e-07	4.82565e-08	2.9574e-09	1.41839e-08	
9.24626e-09	1.85589e-09	2.47665e-09	1.25934e-09	1.42333e-09	2.36555e-10	4.76392e-10	5.71118e-11	5.90145e-11	1.29889e-11	1.07448e-11	1.26795e-12	5.5068e-13	3.28032e-15	1.52551e-14	7.30264e-17	2.34501e-16	1.09634e-20	1.00408e-30	3.85056e-22	
7.65343e-21	2.16575e-22	1.76768e-21	3.36569e-20	4.14545e-22	3.34989e-20	9.33465e-21	2.36936e-20	7.09743e-22	1.28416e-21	1.54471e-20	8.05493e-21	9.82531e-20	4.69408e-22	1.64321e-20	1.72404e-20	5.88124e-23	5.40009e-20	5.2141e-23	2.03126e-21	
2.02635e-24	4.67876e-22	3.33933e-24	7.65641e-24	9.26047e-24	2.01124e-23	4.66539e-23	5.75649e-26	6.98859e-27	1.02381e-25	3.8883e-26	2.0144e-28	8.94823e-28	3.28706e-27	1.22792e-28	4.499e-29	4.06499e-30	8.62738e-30	3.94966e-31	1.16485e-30	
1.17055e-31	1.17625e-31	1.7385e-32	4.94434e-34	1.79902e-33	5.28994e-39	2.06285e-34	0	0	0	0	0	0	0	0	0	0	0	0	0	
0	0	0	0	0	0	0	0	0	0	0	0	0	0	0	0	0	0	0	0	
0	0	0	0	0	0	0	0	0	0	0	0	0	0	0	0	0	0	0	0	
0	0	0	0	0	0	0	0	0	0	0	0	0	0	0	0	0	0	0	0	
0	0	0	0	0	0	0	0	0	0	0	0	0	0	0	0	0	0	0	0	
0	0	0	0	0	0	0	0	0	0	0	0	0	0	0	0	0	0	0	0	
0	0	0	0	0	0	0	0	0	0	0	0	0	0	0	0	0	0	0	0	
0	0	0	0	0	0	0	0	0	0	0	0	0	0	0	0	0	0	0	0	
0	0	0	0	0	0	0	0	0	0	0	0	0	0	0	0	0	0	0	0	
0	0	0	0	0	0	0	0	0	0	0	0	0	0	0	0	0	0	0	0	
0	0	0	0	0	0	0	0	0	0	0	0	0	0	0	0	0	0	0	0	
0	0	0	0	0	0	0	0	0	0	0	0	0	0	0	0	0	0	0	0	
0	0	0	0	0	0	0	0	0	0	0	0	0	0	0	0	0	0	0	0	
0	0	0	0	0	0	0	0	0	0	0	0	0	0	0	0	0	0	0	0	
0	0	0	0	0	0	0	0	0	0	0	0	0	0	0	0	0	0	0	0	
0	0	0	0	0	0	0	0	0	0	0	0	0	0	0	0	0	0	0	0	
0	0	0	0	0	0	0	0	0	0	0	0	0	0	0	0	0	0	0	0	
0	0	0	0	0	0	0	0	0	0	0	0	0	0	0	0	0	0	0	0	
0	0	0	0	0	0	0	0	0	0	0	0	0	0	0	0	0	0	0	0	
0	0	0	0	0	0	0	0	0	0	0	0	0	0	0	0	0	0	0	0	
0	0	0	0	0	0	0	0	0	0	0	0	0	0	0	0	0	0	0	0	
0	0	0	0	0	0	0	0	0	0	0	0	0	0	0	0	0	0	0	0	
0	0	0	0	0	0	0	0	0	0	0	0	0	0	0	0	0	0	0	0	
0	0	0	0	0	0	0	0	0	0	0	0	0	0	0	0	0	0	0	0	
0	0	0	0	0	0	0	0	0	0	0	0	0	0	0	0	0	0	0	0	
0	0	0	0	0	0	0	0	0	0	0	0	0	0	0	0	0	0	0	0	
0	0	0	0	0	0	0	0	0	0	0	0	0	0	0	0	0	0	0	0	
0	0	0	0	0	0	0	0	0	0	0	0	0	0	0	0	0	0	0	0	
0	0	0	0	0	0	0	0	0	0	0	0	0	0	0	0	0	0	0	0	
0	0	0	0	0	0	0	0	0	0	0	0	0	0	0	0	0	0	0	0	
0	0	0	0	0	0	0	0	0	0	0	0	0	0	0	0	0	0	0	0	
0	0	0	0	0	0	0	0	0	0	0	0	0	0	0	0	0	0	0	0	
0	0	0	0	0	0	0	0	0	0	0	0	0	0	0	0	0	0	0	0	
0	0	0	0	0	0	0	0	0	0	0	0	0	0	0	0	0	0	0	0	
0	0	0	0	0	0	0	0	0	0	0	0	0	0	0	0	0	0	0	0	
0	0	0	0	0	0	0	0	0	0	0	0	0	0	0	0	0	0	0	0	
0	0	0	0	0	0	0	0	0	0	0	0	0	0	0	0	0	0	0	0	
0	0	0	0	0	0	0	0	0	0	0	0	0	0	0	0	0	0	0	0	
0	0	0	0	0	0	0	0	0	0	0	0	0	0	0	0	0	0	0	0	
0	0	0	0	0	0	0	0	0	0	0	0	0	0	0	0	0	0	0	0	
0	0	0	0	0	0	0	0	0	5.49373e-11	2.3999e-09	2.03031e-10	5.764e-09	1.8704e-06	7.27327e-08	1.45029e-06	3.85946e-07	5.18926e-08	2.31288e-05	1.52854e-06	
0.00302643	8.79672e-06	3.29848e-05	0.000108326	2.03442e-05	0.00363351	0.000189701	0.00127084	0.332361	0.000725417	0.379382	0.000759783	0.0537634	0.0892741	0.022947	0.117396	0.00669477	0.0212894	0.00328035	0.0242063	
0.00142362	0.0123722	0.000884481	0.00405465	0.000138582	0.00839665	0.000138082	0.00218567	2.74694e-05	0.000413259	3.33028e-06	9.11936e-05	3.62309e-07	1.53397e-06	6.17396e-08	1.16533e-08	1.98543e-08	1.64697e-12	8.00699e-10	9.68964e-05	
0.00165054	0.00428207	0.00165641	0.0318157	0.00902547	0.0320351	0.705062	0.114624	2.21578	0.486697	2.32766	36.9828	4.03448	6.34444	96.9772	1.54154	27.2846	9.20897	6.90741	14.6767	
7.49997	4.4623	2.32514	83.1434	1.7606	8.80224	2.59924	6.19752	0.947483	1.13815	0.315908	1.3883	0.249146	0.285837	0.0330067	0.0441422	0.0397158	0.0133834	0.00604621	0.00245663	
0.00109093	0.000307182	9.34283e-05	5.90223e-06	4.55616e-06	2.51659e-08	7.90091e-08	8.66483e-11	1.91172e-19	5.78218e-07	6.87044e-07	8.5555e-06	1.66791e-06	6.20202e-06	4.98507e-05	1.35437e-05	4.07708e-05	4.02313e-05	4.45927e-05	0.000427258	
8.42483e-05	0.000197039	0.000599899	0.000263114	0.000239857	0.000542715	0.000209166	0.000239452	0.000316182	0.000207375	0.000328784	0.000118646	0.000475224	2.24816e-05	3.42786e-05	5.54201e-05	3.06945e-05	1.17551e-05	1.70206e-05	8.70506e-06	
2.04824e-06	1.8753e-06	1.61754e-06	1.79091e-07	3.5836e-08	1.43378e-07	6.95394e-09	3.25031e-08	1.30064e-09	3.22652e-09	9.16478e-11	3.09531e-10	4.26792e-12	1.24406e-11	8.85561e-14	3.6904e-13	1.47832e-17	6.96318e-16	0	6.64879e-19	
1.25538e-19	2.91228e-18	5.09692e-19	1.29065e-18	1.26192e-17	6.74441e-18	1.50943e-17	1.25709e-17	2.37518e-18	7.0763e-17	9.31298e-18	5.08445e-18	9.17001e-18	7.07447e-18	2.6879e-18	6.39341e-18	9.84113e-18	7.47619e-19	1.47949e-16	9.55616e-18	
3.42501e-17	1.10311e-18	1.8822e-18	1.08763e-18	6.0858e-19	1.24848e-18	6.60704e-20	3.22766e-20	2.05586e-20	8.38263e-19	2.9414e-21	5.92817e-21	1.03385e-20	5.64228e-21	4.39823e-21	1.82553e-22	1.00015e-21	6.60726e-23	7.25005e-23	1.12117e-22	
4.44503e-25	8.69373e-26	4.24784e-28	2.83257e-26	3.98052e-31	1.19098e-26	2.38239e-32	4.04235e-30	0	0	0	0	0	0	0	0	0	0	0	0	
0	0	0	0	0	0	0	0	0	0	0	0	0	0	0	0	0	0	0	0	
0	0	0	0	0	0	0	0	0	0	0	0	0	0	0	0	0	0	0	0	
0	0	0	0	0	0	0	0	0	0	0	0	0	0	0	0	0	0	0	0	
0	0	0	0	0	0	0	0	0	0	0	0	0	0	0	0	0	0	0	0	
0	0	0	0	0	0	0	0	0	0	0	0	0	0	0	0	0	0	0	0	
0	0	0	0	0	0	0	0	0	0	0	0	0	0	0	0	0	0	0	0	
0	0	0	0	0	0	0	0	0	0	0	0	0	0	0	0	0	0	0	0	
0	0	0	0	0	0	0	0	0	0	0	0	0	0	0	0	0	0	0	0	
0	0	0	0	0	0	0	0	0	0	0	0	0	0	0	0	0	0	0	0	
0	0	0	0	0	0	0	0	0	0	0	0	0	0	0	0	0	0	0	0	
0	0	0	0	0	0	0	0	0	0	0	0	0	0	0	0	0	0	0	0	
0	0	0	0	0	0	0	0	0	0	0	0	0	0	0	0	0	0	0	0	
0	0	0	0	0	0	0	0	0	0	0	0	0	0	0	0	0	0	0	0	
0	0	0	0	0	0	0	0	0	0	0	0	0	0	0	0	0	0	0	0	
0	0	0	0	0	0	0	0	0	0	0	0	0	0	0	0	0	0	0	0	
0	0	0	0	0	0	0	0	0	0	0	0	0	0	0	0	0	0	0	0	
0	0	0	0	0	0	0	0	0	0	0	0	0	0	0	0	0	0	0	0	
0	0	0	0	0	0	0	0	0	0	0	0	0	0	0	0	0	0	0	0	
0	0	0	0	0	0	0	0	0	0	0	0	0	0	0	0	0	0	0	0	
0	0	0	0	0	0	0	0	0	0	0	0	0	0	0	0	0	0	0	0	
0	0	0	0	0	0	0	0	0	0	0	0	0	0	0	0	0	0	0	0	
0	0	0	0	0	0	0	0	0	0	0	0	0	0	0	0	0	0	0	0	
0	0	0	0	0	0	0	0	0	0	0	0	0	0	0	0	0	0	0	0	
0	0	0	0	0	0	0	0	0	0	0	0	0	0	0	0	0	0	0	0	
0	0	0	0	0	0	0	0	0	0	0	0	0	0	0	0	0	0	0	0	
0	0	0	0	0	0	0	0	0	0	0	0	0	0	0	0	0	0	0	0	
0	0	0	0	0	0	0	0	0	0	0	0	0	0	0	0	0	0	0	0	
0	0	0	0	0	0	0	0	0	0	0	0	0	0	0	0	0	0	0	0	
0	0	0	0	0	0	0	0	0	0	0	0	0	0	0	0	0	0	0	0	
0	0	0	0	0	0	0	0	0	0	0	0	0	0	0	0	0	0	0	0	
0	0	0	0	0	0	0	0	0	0	0	0	0	0	0	0	0	0	0	0	
0	0	0	0	0	0	0	0	0	0	0	0	0	0	0	0	0	0	0	0	
0	0	0	0	0	0	0	0	0	0	0	0	0	0	0	0	0	0	0	0	
0	0	0	0	0	0	0	0	0	0	0	0	0	0	0	0	0	0	0	0	
0	0	0	0	0	0	0	0	0	0	0	0	0	0	0	0	0	0	0	0	
0	0	0	0	0	0	0	0	0	0	0	0	0	0	0	0	0	0	0	0	
0	0	0	0	0	0	0	0	0	0	0	0	0	0	0	0	0	0	0	0	
0	0	0	0	0	0	0	0	0	0	0	0	0	0	0	0	0	0	0	0	
0	0	0	0	0	0	0	0	0	0	0	0	0	0	0	0	0	0	0	0	
0	0	0	0	0	0	0	0	0	0.000531484	0.708068	0.899776	4.33879	435.202	1.7639	239.584	6023.72	48.2272	57883.3	10983.5	
14933.5	98587.5	8209.82	433650	43713.9	70332.9	488149	26859.5	764681	17736.5	340345	1.30712e+06	133100	1.05717e+06	38868.9	382569	19419.9	208079	24387.1	91412.9	
28654.8	78721.3	2158.39	17348.9	3411.31	3365.99	3972.12	517.604	94.933	107.193	9.5636	2.99732	17.3549	0.0929656	0.191217	0.00144222	0.00359681	0.000146642	3.64802e-13	42.4944	
176.979	654.884	493.614	2248.06	2461.42	3423.43	5016.42	7819.37	9219.43	35083.3	26073.8	35785	38324.2	28309	85248.4	44891.5	51194.7	68432.7	37221	83371.6	
78363.6	40195	24213.4	23157.8	15525.5	10481.4	12441.7	8157.9	2822.49	1077.24	1652.54	472.084	688.423	74.8363	104.5	30.412	14.2678	8.24632	1.69336	0.701442	
0.229138	0.0889149	0.0168423	0.00314253	0.00114684	6.78454e-05	8.7457e-06	7.30105e-07	7.63039e-26	0.000516743	0.00548794	0.00128214	0.00481646	0.0167817	0.00437361	0.0284367	0.0172494	0.0225856	0.050566	0.0148216	
0.116333	0.0654566	0.0883533	0.130645	0.0485674	0.32319	0.35732	0.0858201	0.100243	0.086626	0.0131672	0.0473145	0.00507257	0.00211129	0.00284605	0.00139855	0.00993694	0.000497483	0.000697441	0.00119141	
8.09232e-05	0.000142324	3.14948e-05	3.99013e-05	5.85275e-06	9.75181e-06	1.6716e-06	8.26425e-07	3.26696e-07	1.51131e-07	3.8072e-08	5.38142e-09	3.24781e-09	5.03522e-11	1.90874e-10	3.59527e-13	5.19905e-12	4.04022e-14	0	6.19724e-15	
3.12114e-14	1.01241e-14	1.41625e-13	1.50086e-13	2.50953e-14	2.08101e-12	5.67186e-13	3.37594e-13	1.8105e-12	7.57375e-14	4.42811e-12	2.50172e-13	2.33933e-12	4.4481e-12	1.70132e-13	9.6512e-12	4.98376e-13	7.40579e-13	3.88866e-14	1.724e-13	
1.56096e-14	5.33431e-14	3.47599e-15	6.79894e-15	1.30021e-14	7.26488e-15	3.30049e-16	6.73576e-17	5.8717e-16	8.01479e-16	5.58444e-17	9.05925e-18	1.95882e-17	1.23316e-18	1.46436e-17	1.37811e-19	1.53693e-18	7.42828e-20	2.56818e-19	2.10541e-21	
3.59044e-20	1.49172e-23	5.54408e-21	2.11617e-28	7.40109e-24	3.57523e-29	1.38773e-26	8.48938e-35	0	0	0	0	0	0	0	0	0	0	0	0	
0	0	0	0	0	0	0	0	0	0	0	0	0	0	0	0	0	0	0	0	
0	0	0	0	0	0	0	0	0	0	0	0	0	0	0	0	0	0	0	0	
0	0	0	0	0	0	0	0	0	0	0	0	0	0	0	0	0	0	0	0	
0	0	0	0	0	0	0	0	0	0	0	0	0	0	0	0	0	0	0	0	
0	0	0	0	0	0	0	0	0	0	0	0	0	0	0	0	0	0	0	0	
0	0	0	0	0	0	0	0	0	0	0	0	0	0	0	0	0	0	0	0	
0	0	0	0	0	0	0	0	0	0	0	0	0	0	0	0	0	0	0	0	
0	0	0	0	0	0	0	0	0	0	0	0	0	0	0	0	0	0	0	0	
0	0	0	0	0	0	0	0	0	0	0	0	0	0	0	0	0	0	0	0	
0	0	0	0	0	0	0	0	0	0	0	0	0	0	0	0	0	0	0	0	
0	0	0	0	0	0	0	0	0	0	0	0	0	0	0	0	0	0	0	0	
0	0	0	0	0	0	0	0	0	0	0	0	0	0	0	0	0	0	0	0	
0	0	0	0	0	0	0	0	0	0	0	0	0	0	0	0	0	0	0	0	
0	0	0	0	0	0	0	0	0	0	0	0	0	0	0	0	0	0	0	0	
0	0	0	0	0	0	0	0	0	0	0	0	0	0	0	0	0	0	0	0	
0	0	0	0	0	0	0	0	0	0	0	0	0	0	0	0	0	0	0	0	
0	0	0	0	0	0	0	0	0	0	0	0	0	0	0	0	0	0	0	0	
0	0	0	0	0	0	0	0	0	0	0	0	0	0	0	0	0	0	0	0	
0	0	0	0	0	0	0	0	0	0	0	0	0	0	0	0	0	0	0	0	
0	0	0	0	0	0	0	0	0	0	0	0	0	0	0	0	0	0	0	0	
0	0	0	0	0	0	0	0	0	0	0	0	0	0	0	0	0	0	0	0	
0	0	0	0	0	0	0	0	0	0	0	0	0	0	0	0	0	0	0	0	
0	0	0	0	0	0	0	0	0	0	0	0	0	0	0	0	0	0	0	0	
0	0	0	0	0	0	0	0	0	0	0	0	0	0	0	0	0	0	0	0	
0	0	0	0	0	0	0	0	0	0	0	0	0	0	0	0	0	0	0	0	
0	0	0	0	0	0	0	0	0	0	0	0	0	0	0	0	0	0	0	0	
0	0	0	0	0	0	0	0	0	0	0	0	0	0	0	0	0	0	0	0	
0	0	0	0	0	0	0	0	0	0	0	0	0	0	0	0	0	0	0	0	
0	0	0	0	0	0	0	0	0	0	0	0	0	0	0	0	0	0	0	0	
0	0	0	0	0	0	0	0	0	0	0	0	0	0	0	0	0	0	0	0	
0	0	0	0	0	0	0	0	0	0	0	0	0	0	0	0	0	0	0	0	
0	0	0	0	0	0	0	0	0	0	0	0	0	0	0	0	0	0	0	0	
0	0	0	0	0	0	0	0	0	0	0	0	0	0	0	0	0	0	0	0	
0	0	0	0	0	0	0	0	0	0	0	0	0	0	0	0	0	0	0	0	
0	0	0	0	0	0	0	0	0	0	0	0	0	0	0	0	0	0	0	0	
0	0	0	0	0	0	0	0	0	0	0	0	0	0	0	0	0	0	0	0	
0	0	0	0	0	0	0	0	0	0	0	0	0	0	0	0	0	0	0	0	
0	0	0	0	0	0	0	0	0	0	0	0	0	0	0	0	0	0	0	0	
0	0	0	0	0	0	0	0	0	0	0	0	0	0	0	0	0	0	0	16.6453	
0	0	0	0	0	0	0.00205132	0	0	265.701	59231.2	266061	8488.79	1.00936e+06	1.33166e+06	680285	2.83481e+07	1.54504e+06	1.11716e+07	2.39936e+07	
2.14734e+07	1.04294e+08	1.31793e+07	1.252e+08	7.91013e+07	6.123e+07	2.09029e+08	3.05708e+07	1.09687e+08	4.94888e+07	1.2623e+08	8.01759e+07	1.20385e+08	6.89363e+07	2.91119e+07	5.01153e+07	8.29054e+06	2.02054e+07	1.10844e+07	7.06494e+06	
4.65651e+06	3.14925e+06	1.10381e+06	1.23499e+06	588392	409678	158618	100038	55662.5	12076.9	316.712	1913.4	7.59931	430.143	0.30284	21.7414	0.0070889	0.00096046	8.51784e-20	13715.5	
20177.4	2941.93	287423	39770.9	110686	898692	47525.1	481063	485106	192334	1.16465e+06	364776	1.27713e+06	1.58036e+06	369892	1.36905e+06	527618	557621	719199	481642	
634912	207010	489223	173561	454929	71870.7	66684	47708.2	26559.5	28839.6	10437.7	3827.16	2423.43	1333.5	240.565	876.146	50.3946	64.5339	18.3698	14.4058	
1.39151	0.451527	0.0691963	0.027483	0.00429613	0.000350921	0.000808172	1.17775e-07	0	0.0225723	0.0641526	0.0618307	1.01525	0.521556	0.279653	15.0465	1.81286	15.1423	3.60721	1.26495	
20.4929	13.4245	4.58916	8.87676	12.1264	3.14424	8.85054	4.8589	27.7908	3.27919	12.2238	0.372665	0.786505	0.185629	0.996577	0.242889	0.346177	0.0883968	0.360277	0.0834692	
0.166548	0.053746	0.0139426	0.0131551	0.00348271	0.00766416	0.000996774	0.00107959	3.04474e-05	0.000169747	2.00053e-06	1.83812e-05	1.1021e-07	2.1478e-06	2.0353e-09	3.44189e-09	7.68278e-12	1.8589e-20	0	2.07622e-12	
5.88408e-13	1.96072e-12	1.0018e-11	7.20363e-13	1.05487e-11	1.21898e-12	2.90503e-12	4.70819e-11	2.30439e-12	1.83053e-11	5.4732e-12	1.61117e-11	2.678e-11	1.31606e-11	3.3875e-11	6.93973e-12	1.73122e-11	6.02468e-12	4.67301e-12	4.78454e-12	
2.01468e-12	8.51468e-12	1.053e-12	1.05501e-11	1.57513e-13	4.29767e-13	3.55838e-14	2.1563e-13	1.74295e-13	3.16315e-14	2.42013e-15	8.40747e-15	3.23351e-15	2.86321e-15	6.92311e-17	1.388e-16	4.08558e-17	1.76453e-17	4.00965e-18	8.12717e-19	
4.31531e-19	1.58987e-19	1.56503e-21	1.27036e-22	1.85892e-22	1.68839e-24	6.38733e-30	0	0	1.45123e-41	5.67393e-36	4.58506e-36	1.1062e-40	1.32765e-36	5.3643e-37	8.56662e-39	2.49924e-36	1.49734e-38	1.22842e-40	1.59752e-39	
1.97483e-39	1.71087e-39	1.71832e-38	0	3.20412e-43	7.60636e-39	0	0	0	0	0	0	0	0	0	0	0	0	0	0	
0	0	0	0	0	0	0	0	0	0	0	0	0	0	0	0	0	0	0	0	
0	0	0	0	0	0	0	0	0	0	0	0	0	0	0	0	0	0	0	0	
0	0	0	0	0	0	0	0	0	0	0	0	0	0	0	0	0	0	0	0	
0	0	0	0	0	0	0	0	0	0	0	0	0	0	0	0	0	0	0	0	
0	0	0	0	0	0	0	0	0	0	0	0	0	0	0	0	0	0	0	0	
0	0	0	0	0	0	0	0	0	0	0	0	0	0	0	0	0	0	0	0	
0	0	0	0	0	0	0	0	0	0	0	0	0	0	0	0	0	0	0	0	
0	0	0	0	0	0	0	0	0	0	0	0	0	0	0	0	0	0	0	0	
0	0	0	0	0	0	0	0	0	0	0	0	0	0	0	0	0	0	0	0	
0	0	0	0	0	0	0	0	0	0	0	0	0	0	0	0	0	0	0	0	
0	0	0	0	0	0	0	0	0	0	0	0	0	0	0	0	0	0	0	0	
0	0	0	0	0	0	0	0	0	0	0	0	0	0	0	0	0	0	0	0	
0	0	0	0	0	0	0	0	0	0	0	0	0	0	0	0	0	0	0	0	
0	0	0	0	0	0	0	0	0	0	0	0	0	0	0	0	0	0	0	0	
0	0	0	0	0	0	0	0	0	0	0	0	0	0	0	0	0	0	0	0	
0	0	0	0	0	0	0	0	0	0	0	0	0	0	0	0	0	0	0	0	
0	0	0	0	0	0	0	0	0	0	0	0	0	0	0	0	0	0	0	0	
0	0	0	0	0	0	0	0	0	0	0	0	0	0	0	0	0	0	0	0	
0	0	0	0	0	0	0	0	0	0	0	0	0	0	0	0	0	0	0	0	
0	0	0	0	0	0	0	0	0	0	0	0	0	0	0	0	0	0	0	0	
0	0	0	0	0	0	0	0	0	0	0	0	0	0	0	0	0	0	0	0	
0	0	0	0	0	0	0	0	0	0	0	0	0	0	0	0	0	0	0	0	
0	0	0	0	0	0	0	0	0	0	0	0	0	0	0	0	0	0	0	0	
0	0	0	0	0	0	0	0	0	0	0	0	0	0	0	0	0	0	0	0	
0	0	0	0	0	0	0	0	0	0	0	0	0	0	0	0	0	0	0	0	
0	0	0	0	0	0	0	0	0	0	0	0	0	0	0	0	0	0	0	0	
0	0	0	0	0	0	0	0	0	0	0	0	0	0	0	0	0	0	0	0	
0	0	0	0	0	0	0	0	0	0	0	0	0	0	0	0	0	0	0	0	
0	0	0	0	0	0	0	0	0	0	0	0	0	0	0	0	0	0	0	0	
0	0	0	0	0	0	0	0	0	0	0	0	0	0	0	0	0	0	0	0	
0	0	0	0	0	0	0	0	0	0	0	0	0	0	0	0	0	0	0	0	
0	0	0	0	0	0	0	0	0	0	0	0	0	0	0	0	0	0	0	0	
0	0	0	0	0	0	0	0	0	0	0	0	0	0	0	0	0	0	0	0	
0	0	0	0	0	0	0	0	0	0	0	0	0	0	0	0	0	0	0	0	
0	0	0	0	0	0	0	0	0	0	0	0	0	0	0	0	0	0	0	0	
0	0	0	0	0	0	0	0	0	0	0	0	0	0	0	0	0	0	0	0	
0	0	0	0	0	0	0	0	0	0	0	0	0	0	0	0	0	0	0	0.144994	
0	0.00783192	425.792	6739.9	154.659	6026.23	80.5928	7.28173e-05	990.448	1969.2	5.73485	1279.78	85.0686	124.441	62.4883	8.20916	65.797	37.6424	8.45189	0.411183	
1.32301	0	0.126933	0	0.0418162	0	2.10723e-05	0	0	2343.4	101166	151379	60696.4	2.54729e+06	242089	798333	1.5121e+07	759372	1.65836e+07	4.54802e+06	
6.32003e+06	3.871e+07	7.73851e+06	3.97554e+07	9.66076e+06	1.2153e+08	2.14435e+07	8.08301e+07	4.21853e+07	1.73451e+07	3.01736e+07	8.17388e+06	8.48703e+07	5.54918e+06	9.07686e+07	3.28732e+06	3.37426e+07	5.40301e+06	3.06701e+06	904986	
3.69144e+06	589550	994747	143156	360278	23000.1	29873.3	4252.59	5056.94	1214.3	921.456	79.6701	26.3811	12.1611	0.00702362	0.132646	4.60476e-05	3.4964e-06	0	2424.39	
6908.03	4673.94	23603.4	202705	25354.8	206753	822242	271236	1.62693e+06	595467	758431	1.78549e+06	1.75184e+06	2.73995e+06	1.07399e+06	4.00772e+06	3.27883e+06	1.39647e+06	2.07526e+06	1.44861e+06	
3.87212e+06	698130	1.90069e+06	644473	660154	599643	237537	329419	145746	109194	62154.5	91799.9	34929.4	19417.5	16112.9	2640.59	2353.09	591.483	345.081	103.189	
29.1722	4.8937	1.57645	0.16692	0.0220574	0.0106305	0.000577695	2.57961e-12	0	3.33016	0.234706	0.731201	12.3235	1.65009	4.52573	4.29996	6.98981	13.922	25.2687	10.1248	
17.5183	15.7566	84.825	22.9248	45.1611	377.826	8.93325	82.234	10.1451	47.8489	12.2576	13.5863	10.4788	7.30546	12.9787	2.48277	1.51868	0.40512	12.3849	0.218826	
0.16627	0.166967	0.0481381	0.0133991	0.0699835	0.00126278	0.00548784	0.000183649	0.000571328	8.05149e-06	9.56085e-05	8.53663e-07	3.36949e-06	5.30323e-08	1.02863e-08	4.99416e-09	4.69334e-12	1.58471e-26	0	4.43691e-12	
4.03201e-12	6.92409e-12	5.08427e-12	1.49294e-11	2.43318e-11	5.74851e-12	6.4759e-11	2.88189e-11	2.86205e-11	2.09253e-10	4.95997e-11	7.45039e-11	4.35112e-11	4.35227e-11	7.30352e-11	3.17014e-11	1.90195e-11	8.73992e-11	2.02989e-11	1.83771e-11	
1.19336e-11	8.15494e-13	7.38114e-13	5.10085e-13	4.53313e-13	3.72903e-13	3.46651e-13	2.75445e-14	1.02709e-13	1.43089e-14	1.22686e-14	1.36325e-14	3.14233e-15	6.22015e-16	4.01315e-16	2.41182e-16	4.85419e-17	2.30144e-17	5.79696e-18	3.07143e-19	
5.18127e-19	3.3919e-20	6.63472e-20	1.30557e-21	5.42027e-22	1.24171e-23	9.87643e-26	0	0	5.58021e-34	3.23745e-34	1.44449e-33	5.89992e-34	1.27822e-34	3.35489e-33	1.99746e-34	8.81489e-34	4.59657e-34	2.04592e-34	1.84441e-33	
1.18024e-33	7.36462e-36	3.1021e-34	2.57657e-35	4.38403e-37	9.34406e-36	4.12389e-34	7.08414e-37	2.74107e-36	1.09774e-37	9.70521e-37	2.44266e-37	2.86672e-39	1.56744e-36	4.46202e-38	1.79338e-37	0	0	2.75514e-39	0	
0	0	0	0	0	0	0	0	0	0	0	0	0	0	0	0	0	0	0	0	
0	0	0	0	0	0	0	0	0	0	0	0	0	0	0	0	0	0	0	0	
0	0	0	0	0	0	0	0	0	0	0	0	0	0	0	0	0	0	0	0	
0	0	0	0	0	0	0	0	0	0	0	0	0	0	0	0	0	0	0	0	
0	0	0	0	0	0	0	0	0	0	0	0	0	0	0	0	0	0	0	0	
0	0	0	0	0	0	0	0	0	0	0	0	0	0	0	0	0	0	0	0	
0	0	0	0	0	0	0	0	0	0	0	0	0	0	0	0	0	0	0	0	
0	0	0	0	0	0	0	0	0	0	0	0	0	0	0	0	0	0	0	0	
0	0	0	0	0	0	0	0	0	0	0	0	0	0	0	0	0	0	0	0	
0	0	0	0	0	0	0	0	0	0	0	0	0	0	0	0	0	0	0	0	
0	0	0	0	0	0	0	0	0	0	0	0	0	0	0	0	0	0	0	0	
0	0	0	0	0	0	0	0	0	0	0	0	0	0	0	0	0	0	0	0	
0	0	0	0	0	0	0	0	0	0	0	0	0	0	0	0	0	0	0	0	
0	0	0	0	0	0	0	0	0	0	0	0	0	0	0	0	0	0	0	0	
0	0	0	0	0	0	0	0	0	0	0	0	0	0	0	0	0	0	0	0	
0	0	0	0	0	0	0	0	0	0	0	0	0	0	0	0	0	0	0	0	
0	0	0	0	0	0	0	0	0	0	0	0	0	0	0	0	0	0	0	0	
0	0	0	0	0	0	0	0	0	0	0	0	0	0	0	0	0	0	0	0	
0	0	0	0	0	0	0	0	0	0	0	0	0	0	0	0	0	0	0	0	
0	0	0	0	0	0	0	0	0	0	0	0	0	0	0	0	0	0	0	0	
0	0	0	0	0	0	0	0	0	0	0	0	0	0	0	0	0	0	0	0	
0	0	0	0	0	0	0	0	0	0	0	0	0	0	0	0	0	0	0	0	
0	0	0	0	0	0	0	0	0	0	0	0	0	0	0	0	0	0	0	0	
0	0	0	0	0	0	0	0	0	0	0	0	0	0	0	0	0	0	0	0	
0	0	0	0	0	0	0	0	0	0	0	0	0	0	0	0	0	0	0	0	
0	0	0	0	0	0	0	0	0	0	0	0	0	0	0	0	0	0	0	0	
0	0	0	0	0	0	0	0	0	0	0	0	0	0	0	0	0	0	0	0	
0	0	0	0	0	0	0	0	0	0	0	0	0	0	0	0	0	0	0	0	
0	0	0	0	0	0	0	0	0	0	0	0	0	0	0	0	0	0	0	0	
0	0	0	0	0	0	0	0	0	0	0	0	0	0	0	0	0	0	0	0	
0	0	0	0	0	0	0	0	0	0	0	0	0	0	0	0	0	0	0	0	
0	0	0	0	0	0	0	0	0	0	0	0	0	0	0	0	0	0	0	0	
0	0	0	0	0	0	0	0	0	0	0	0	0	0	0	0	0	0	0	0	
0	0	0	0	0	0	0	0	0	0	0	0	0	0	0	0	0	0	0	0	
0	0	0	0	0	0	0	0	0	0	0	0	0	0	0	0	0	0	0	0	
0	0	0	0	0	0	0	0	0	0	0	0	0	0	0	0	0	0	0	0	
0	0	0	0	0	0.00207252	0.905156	0	0.180435	12.2338	0.0383376	6.78524	0.00998299	3.92186	19.1492	17.317	247.487	3.36804	702.33	10.329	
222.649	39.3939	75.6761	164.579	173.358	179.099	3.23467	60.1345	14.2471	31.8541	9.78767	60.5363	1.08468	8.20333	0.363653	2.93906	0.150049	0.780039	0.0503991	0.128231	
0.00320755	0.00937698	0.000216516	1.56374e-09	1.02205e-05	0	1.01452e-07	0	0	1246.07	8021.85	1958.07	16387	25898.1	10179.4	83933.2	90579.4	308849	299720	232219	
573562	534635	644606	1.2947e+06	577869	1.23342e+06	892484	950029	1.1651e+06	881401	769941	1.2304e+06	521100	761289	279262	483005	232828	188551	384093	126397	
40062.6	16839.4	33701.6	4559.59	5993.04	1113.49	648.635	383.575	275.394	43.4498	29.2248	1.26837	2.70227	0.115013	0.108237	0.0137538	0.000998624	0	0	261923	
75490.3	156719	2.65708e+06	166363	1.76735e+06	7.54958e+06	981894	7.46438e+06	2.91714e+06	7.93741e+06	1.70981e+07	4.13128e+06	1.47682e+07	9.30327e+06	1.80336e+07	8.88498e+06	1.17906e+07	1.05735e+07	5.63376e+06	1.14538e+07	
2.98649e+06	1.11361e+07	1.21859e+06	3.88432e+06	412498	748356	720465	552774	159144	81847.9	55459.9	26843.7	12050.6	4638.43	3595.03	1216.21	1488.78	351.765	105.829	30.1788	
5.63295	1.70956	0.409512	0.114102	0.0129355	0.000119263	2.83452e-05	7.6287e-25	0	0.122529	0.683771	1.0018	0.792431	2.85625	1.7535	3.07107	6.16804	13.177	8.38242	13.8484	
17.6625	15.4223	86.1606	18.503	42.6629	38.5309	40.9099	76.3273	11.5974	76.3403	9.96428	38.367	6.10691	12.6462	5.64201	4.53615	4.30564	0.542182	2.61323	0.194672	
0.321615	0.0457851	0.0326725	0.00616926	0.0413748	0.0019952	0.00148432	0.000228227	5.49666e-05	4.23102e-05	4.76319e-06	1.14318e-06	2.46617e-07	1.14703e-08	1.01337e-08	3.57919e-10	1.49676e-10	0	0	1.17231e-10	
6.23227e-10	1.06836e-09	6.78787e-10	2.63185e-09	1.54285e-09	1.07028e-09	8.72767e-09	5.98892e-10	6.11225e-09	1.66302e-09	1.55115e-09	5.9128e-09	6.38316e-10	1.51518e-09	8.73875e-09	6.28267e-10	1.40412e-09	1.52953e-10	6.74237e-10	1.26068e-10	
2.28298e-10	3.26337e-10	3.60321e-11	1.71741e-10	1.05983e-11	7.64808e-11	3.06818e-12	1.03151e-11	1.71834e-12	6.83773e-12	3.38745e-13	3.7732e-13	1.41821e-13	1.7105e-14	2.56702e-14	3.92016e-15	1.98814e-15	6.45058e-16	1.33763e-16	5.36597e-17	
3.55783e-18	7.18699e-19	5.19761e-19	1.3144e-22	1.37481e-20	1.39779e-24	6.09712e-29	0	0	3.49752e-33	4.96735e-32	9.44978e-32	2.72533e-32	2.61299e-31	5.18633e-32	1.03606e-32	3.06082e-31	1.70466e-32	2.19483e-30	1.90017e-33	
3.20916e-32	6.3596e-32	4.95968e-33	1.04157e-32	5.12369e-34	8.56007e-33	4.76287e-34	1.48643e-33	1.61631e-33	3.5857e-36	0	4.14143e-37	0	1.64447e-36	0	4.51166e-36	0	0	0	0	
0	0	0	0	0	0	0	0	0	0	0	0	0	0	0	0	0	0	0	0	
0	0	0	0	0	0	0	0	0	0	0	0	0	0	0	0	0	0	0	0	
0	0	0	0	0	0	0	0	0	0	0	0	0	0	0	0	0	0	0	0	
0	0	0	0	0	0	0	0	0	0	0	0	0	0	0	0	0	0	0	0	
0	0	0	0	0	0	0	0	0	0	0	0	0	0	0	0	0	0	0	0	
0	0	0	0	0	0	0	0	0	0	0	0	0	0	0	0	0	0	0	0	
0	0	0	0	0	0	0	0	0	0	0	0	0	0	0	0	0	0	0	0	
0	0	0	0	0	0	0	0	0	0	0	0	0	0	0	0	0	0	0	0	
0	0	0	0	0	0	0	0	0	0	0	0	0	0	0	0	0	0	0	0	
0	0	0	0	0	0	0	0	0	0	0	0	0	0	0	0	0	0	0	0	
0	0	0	0	0	0	0	0	0	0	0	0	0	0	0	0	0	0	0	0	
0	0	0	0	0	0	0	0	0	0	0	0	0	0	0	0	0	0	0	0	
0	0	0	0	0	0	0	0	0	0	0	0	0	0	0	0	0	0	0	0	
0	0	0	0	0	0	0	0	0	0	0	0	0	0	0	0	0	0	0	0	
0	0	0	0	0	0	0	0	0	0	0	0	0	0	0	0	0	0	0	0	
0	0	0	0	0	0	0	0	0	0	0	0	0	0	0	0	0	0	0	0	
0	0	0	0	0	0	0	0	0	0	0	0	0	0	0	0	0	0	0	0	
0	0	0	0	0	0	0	0	0	0	0	0	0	0	0	0	0	0	0	0	
0	0	0	0	0	0	0	0	0	0	0	0	0	0	0	0	0	0	0	0	
0	0	0	0	0	0	0	0	0	0	0	0	0	0	0	0	0	0	0	0	
0	0	0	0	0	0	0	0	0	0	0	0	0	0	0	0	0	0	0	0	
0	0	0	0	0	0	0	0	0	0	0	0	0	0	0	0	0	0	0	0	
0	0	0	0	0	0	0	0	0	0	0	0	0	0	0	0	0	0	0	0	
0	0	0	0	0	0	0	0	0	0	0	0	0	0	0	0	0	0	0	0	
0	0	0	0	0	0	0	0	0	0	0	0	0	0	0	0	0	0	0	0	
0	0	0	0	0	0	0	0	0	0	0	0	0	0	0	0	0	0	0	0	
0	0	0	0	0	0	0	0	0	0	0	0	0	0	0	0	0	0	0	0	
0	0	0	0	0	0	0	0	0	0	0	0	0	0	0	0	0	0	0	0	
0	0	0	0	0	0	0	0	0	0	0	0	0	0	0	0	0	0	0	0	
0	0	0	0	0	0	0	0	0	0	0	0	0	0	0	0	0	0	0	0	
0	0	0	0	0	0	0	0	0	0	0	0	0	0	0	0	0	0	0	0	
0	0	0	0	0	0	0	0	0	0	0	0	0	0	0	0	0	0	0	0	
0	0	0	0	0	0	0	0	0	0	0	0	0	0	0	0	0	0	0	0	
0	0	0	0	0	0	0	0	0	0	0	0	0	0	0	0	0	0	0	0	
0	0	0	0	0	0	0	0	0	0	0	0	0	0	0	0	0	0	0	0	
0	0	0	0	0	0	0	0	0	0	0	0	0	0	0	0	0	0	0	7.19469e-12	
2.51724e-11	1.83269e-08	5.05556e-10	2.52564e-09	1.45275e-07	1.18344e-08	1.66546e-07	2.41383e-07	3.61558e-08	5.35945e-07	2.15105e-07	6.2849e-07	9.69763e-07	2.46642e-07	1.18271e-06	2.73146e-07	1.3101e-06	2.33025e-06	9.99522e-07	1.5527e-06	
6.28371e-07	2.75987e-06	1.83551e-07	1.58657e-06	2.63364e-06	5.82189e-07	1.19637e-07	5.74462e-07	1.13272e-06	1.86196e-07	3.19672e-08	3.30096e-07	1.39254e-08	3.43534e-08	8.77878e-09	5.43767e-09	2.37564e-09	5.51975e-10	5.89297e-11	1.507e-10	
8.84362e-12	8.4006e-12	4.86625e-13	4.26313e-23	6.00553e-14	1.76109e-24	0	0	0	6524.01	655.103	12009.4	27797.6	3037.98	149038	90393.5	73410.3	276357	72367.4	483034	
1.31859e+06	271431	1.63261e+06	479914	960875	1.67081e+06	1.13659e+06	3.73033e+06	773239	2.97746e+06	959059	1.20271e+06	959411	527806	940821	148195	525250	115010	114764	29293.8	
54597.6	15956.2	9626.71	2994.25	5094.81	1164.85	267.698	182.017	34.8991	27.6727	4.98966	2.47053	0.108283	0.0274926	0.00579743	0.000262466	7.12586e-05	0	0	13459.1	
44238.4	65712.1	26977	630078	265565	334643	803849	900095	776790	3.49991e+06	1.20123e+06	3.38077e+06	1.43372e+06	4.00699e+06	2.21567e+06	3.98042e+06	2.19663e+06	1.54135e+06	1.80451e+06	647444	
2.98379e+06	509053	739172	205869	526603	116892	406891	33588.5	49924.1	39876	62243.9	7750.43	18463.6	1595.45	1459.66	779.773	264.912	139.217	74.9291	18.6261	
0.128163	1.34469	0.00148774	0.0758491	2.21151e-05	0.00207082	1.08064e-10	0	0	0.21463	0.571061	0.302054	1.17368	2.37547	1.87395	4.46335	21.1144	7.70882	13.4914	36.3461	
9.88334	17.6144	13.3923	12.2728	8.93126	13.7847	17.6359	4.7122	11.0391	10.9709	6.80114	5.48052	1.57736	1.88446	0.879605	0.467876	0.586775	0.234619	0.0693491	0.105	
0.0148936	0.00801173	0.0194605	0.00494562	0.0028613	0.00113195	9.30576e-05	0.000136254	1.97378e-05	1.3047e-05	2.6767e-06	6.71232e-07	1.90828e-07	4.9332e-09	1.51151e-09	1.47795e-11	3.77235e-21	0	0	4.03767e-11	
1.15114e-10	2.18316e-10	1.55719e-10	2.1331e-10	4.69153e-10	8.65939e-11	1.3758e-09	6.11057e-10	1.16494e-09	1.71236e-10	1.50557e-09	4.35118e-10	5.59088e-10	5.31643e-10	2.22709e-10	3.26084e-10	5.45738e-11	2.36601e-10	4.25956e-11	7.66165e-11	
5.7701e-11	1.42773e-11	8.22158e-11	6.57676e-12	1.6794e-11	1.00665e-12	1.80585e-11	5.57145e-13	1.72277e-12	1.30395e-13	5.00413e-13	5.92335e-14	8.19202e-14	4.78922e-14	1.72036e-15	1.77951e-15	2.38564e-15	3.02712e-16	7.26637e-16	1.99419e-17	
9.24836e-19	5.82487e-19	1.89949e-21	3.44897e-20	4.29813e-24	3.37548e-21	0	0	0	6.2087e-29	3.47872e-30	2.82911e-29	3.68622e-28	1.68377e-30	3.19937e-28	2.23154e-29	4.43805e-29	1.48229e-28	1.43547e-29	3.96498e-28	
1.53613e-28	1.00578e-28	3.3036e-28	9.7053e-30	1.73165e-32	9.70563e-30	1.68484e-32	0	1.45177e-31	0	0	0	0	0	0	0	0	0	0	0	
0	0	0	0	0	0	0	0	0	0	0	0	0	0	0	0	0	0	0	0	
0	0	0	0	0	0	0	0	0	0	0	0	0	0	0	0	0	0	0	0	
0	0	0	0	0	0	0	0	0	0	0	0	0	0	0	0	0	0	0	0	
0	0	0	0	0	0	0	0	0	0	0	0	0	0	0	0	0	0	0	0	
0	0	0	0	0	0	0	0	0	0	0	0	0	0	0	0	0	0	0	0	
0	0	0	0	0	0	0	0	0	0	0	0	0	0	0	0	0	0	0	0	
0	0	0	0	0	0	0	0	0	0	0	0	0	0	0	0	0	0	0	0	
0	0	0	0	0	0	0	0	0	0	0	0	0	0	0	0	0	0	0	0	
0	0	0	0	0	0	0	0	0	0	0	0	0	0	0	0	0	0	0	0	
0	0	0	0	0	0	0	0	0	0	0	0	0	0	0	0	0	0	0	0	
0	0	0	0	0	0	0	0	0	0	0	0	0	0	0	0	0	0	0	0	
0	0	0	0	0	0	0	0	0	0	0	0	0	0	0	0	0	0	0	0	
0	0	0	0	0	0	0	0	0	0	0	0	0	0	0	0	0	0	0	0	
0	0	0	0	0	0	0	0	0	0	0	0	0	0	0	0	0	0	0	0	
0	0	0	0	0	0	0	0	0	0	0	0	0	0	0	0	0	0	0	0	
0	0	0	0	0	0	0	0	0	0	0	0	0	0	0	0	0	0	0	0	
0	0	0	0	0	0	0	0	0	0	0	0	0	0	0	0	0	0	0	0	
0	0	0	0	0	0	0	0	0	0	0	0	0	0	0	0	0	0	0	0	
0	0	0	0	0	0	0	0	0	0	0	0	0	0	0	0	0	0	0	0	
0	0	0	0	0	0	0	0	0	0	0	0	0	0	0	0	0	0	0	0	
0	0	0	0	0	0	0	0	0	0	0	0	0	0	0	0	0	0	0	0	
0	0	0	0	0	0	0	0	0	0	0	0	0	0	0	0	0	0	0	0	
0	0	0	0	0	0	0	0	0	0	0	0	0	0	0	0	0	0	0	0	
0	0	0	0	0	0	0	0	0	0	0	0	0	0	0	0	0	0	0	0	
0	0	0	0	0	0	0	0	0	0	0	0	0	0	0	0	0	0	0	0	
0	0	0	0	0	0	0	0	0	0	0	0	0	0	0	0	0	0	0	0	
0	0	0	0	0	0	0	0	0	0	0	0	0	0	0	0	0	0	0	0	
0	0	0	0	0	0	0	0	0	0	0	0	0	0	0	0	0	0	0	0	
0	0	0	0	0	0	0	0	0	0	0	0	0	0	0	0	0	0	0	0	
0	0	0	0	0	0	0	0	0	0	0	0	0	0	0	0	0	0	0	0	
0	0	0	0	0	0	0	0	0	0	0	0	0	0	0	0	0	0	0	0	
0	0	0	0	0	0	0	0	0	0	0	0	0	0	0	0	0	0	0	0	
0	0	0	0	0	0	0	0	0	0	0	0	0	0	0	0	0	0	0	0	
0	0	0	0	0	0	0	0	0	0	0	0	0	0	0	0	0	0	0	0	
0	0	0	0	0	0	0	0	0	0	0	0	0	0	0	0	0	0	0	0	
0	0	0	0	0	0	0	0	0	0	0	0	0	0	0	0	0	0	0	2.62143e-24	
3.56838e-23	2.85253e-23	3.35594e-24	2.8187e-22	1.17314e-22	1.78819e-22	5.11838e-22	1.26812e-22	7.97464e-21	3.01604e-21	3.42252e-21	6.32195e-21	3.02085e-22	3.7406e-20	2.63513e-21	2.46046e-19	8.74806e-21	1.05935e-21	6.03889e-20	3.3875e-22	
6.48818e-20	1.65848e-17	2.17202e-19	7.01634e-20	7.0618e-21	1.99963e-20	1.64224e-18	1.92991e-17	6.58749e-21	8.67851e-21	1.43638e-20	5.14494e-22	2.38567e-16	3.91031e-21	4.02207e-23	6.02084e-22	8.52668e-23	3.99384e-21	6.72494e-27	1.4252e-20	
6.23502e-26	5.01672e-23	0	1.31249e-25	0	0	0	0	0	179.041	21.9298	415.391	1142.44	93.3999	22733.7	1736.45	1632.38	24777.2	1221.71	17196.6	
67603.3	3996.94	26453.9	2845.2	55073.8	6293.57	12067.7	52684.2	4849.82	37156.5	1725	7138.95	893.732	2487.33	786.563	2165.01	382.011	195.323	183.001	127.412	
34.7718	16.5297	28.9677	2.8058	5.95587	3.06116	0.468442	0.547147	0.0304645	0.0242776	0.00250985	0.00206801	0.000178199	9.03909e-06	1.48192e-05	1.80675e-09	0	0	0	400.996	
510.912	116.977	4438.18	902.045	1534.05	28958.3	938.943	9051.31	9696.3	2015.55	21572.3	6104.24	29613.7	10852.4	7939.48	30055	2291.55	38469.3	3135.24	13686.4	
5321.13	2034.3	2595.16	607.382	980.148	397.7	505.187	71.8172	134.025	128.539	31.25	13.7747	14.7012	3.98593	16.1934	1.09917	0.468665	0.0498736	0.0149204	0.00691699	
0.0072405	0.000209837	0.000148148	2.88341e-06	2.28277e-06	5.14517e-09	1.69534e-16	0	0	0.00330667	0.0458597	0.0588674	0.0273675	0.270896	0.192892	0.109772	0.425867	0.373232	0.375986	2.09999	
0.2189	0.752523	0.525551	0.509131	1.6836	0.200733	1.36166	0.191781	0.424118	0.377577	0.114232	0.212767	0.0557052	0.0933831	0.0141945	0.0367626	0.00799708	0.00755969	0.00225848	0.00497338	
0.000650951	0.000528378	0.00025244	0.000100195	3.23485e-05	5.92812e-05	2.95649e-06	2.89877e-06	4.92076e-07	3.81696e-07	5.14263e-08	1.40719e-09	6.1167e-09	2.89135e-11	2.86523e-11	8.83776e-13	0	0	0	1.17924e-11	
4.2089e-12	6.31045e-12	5.75293e-12	2.68546e-12	3.09597e-11	5.78348e-12	2.30526e-11	1.02035e-10	1.06774e-11	9.89194e-11	1.75562e-11	5.10306e-11	1.68277e-11	7.15938e-12	1.55466e-10	1.21271e-11	1.05033e-10	3.11315e-11	1.4386e-11	4.46019e-11	
1.47859e-12	2.08816e-11	1.42968e-12	1.21085e-11	1.16455e-12	1.83228e-12	1.23907e-12	2.68577e-13	1.37389e-13	9.09396e-15	2.9704e-14	1.13729e-15	1.94814e-14	1.59904e-16	3.2296e-16	2.3269e-17	2.31185e-17	3.00001e-18	6.50793e-19	2.94245e-20	
8.34504e-21	2.96672e-21	7.25736e-22	1.68448e-23	3.34691e-23	8.93263e-29	0	0	0	3.78409e-29	1.08404e-28	2.16653e-28	9.5973e-30	2.58499e-28	5.1916e-28	3.07932e-30	8.12792e-28	4.64717e-30	9.49545e-33	9.33993e-29	
1.20439e-30	0	0	4.68188e-34	0	0	0	0	0	0	0	0	0	0	0	0	0	0	0	0	
0	0	0	0	0	0	0	0	0	0	0	0	0	0	0	0	0	0	0	0	
0	0	0	0	0	0	0	0	0	0	0	0	0	0	0	0	0	0	0	0	
0	0	0	0	0	0	0	0	0	0	0	0	0	0	0	0	0	0	0	0	
0	0	0	0	0	0	0	0	0	0	0	0	0	0	0	0	0	0	0	0	
0	0	0	0	0	0	0	0	0	0	0	0	0	0	0	0	0	0	0	0	
0	0	0	0	0	0	0	0	0	0	0	0	0	0	0	0	0	0	0	0	
0	0	0	0	0	0	0	0	0	0	0	0	0	0	0	0	0	0	0	0	
0	0	0	0	0	0	0	0	0	0	0	0	0	0	0	0	0	0	0	0	
0	0	0	0	0	0	0	0	0	0	0	0	0	0	0	0	0	0	0	0	
0	0	0	0	0	0	0	0	0	0	0	0	0	0	0	0	0	0	0	0	
0	0	0	0	0	0	0	0	0	0	0	0	0	0	0	0	0	0	0	0	
0	0	0	0	0	0	0	0	0	0	0	0	0	0	0	0	0	0	0	0	
0	0	0	0	0	0	0	0	0	0	0	0	0	0	0	0	0	0	0	0	
0	0	0	0	0	0	0	0	0	0	0	0	0	0	0	0	0	0	0	0	
0	0	0	0	0	0	0	0	0	0	0	0	0	0	0	0	0	0	0	0	
0	0	0	0	0	0	0	0	0	0	0	0	0	0	0	0	0	0	0	0	
0	0	0	0	0	0	0	0	0	0	0	0	0	0	0	0	0	0	0	0	
0	0	0	0	0	0	0	0	0	0	0	0	0	0	0	0	0	0	0	0	
0	0	0	0	0	0	0	0	0	0	0	0	0	0	0	0	0	0	0	0	
0	0	0	0	0	0	0	0	0	0	0	0	0	0	0	0	0	0	0	0	
0	0	0	0	0	0	0	0	0	0	0	0	0	0	0	0	0	0	0	0	
0	0	0	0	0	0	0	0	0	0	0	0	0	0	0	0	0	0	0	0	
0	0	0	0	0	0	0	0	0	0	0	0	0	0	0	0	0	0	0	0	
0	0	0	0	0	0	0	0	0	0	0	0	0	0	0	0	0	0	0	0	
0	0	0	0	0	0	0	0	0	0	0	0	0	0	0	0	0	0	0	0	
0	0	0	0	0	0	0	0	0	0	0	0	0	0	0	0	0	0	0	0	
0	0	0	0	0	0	0	0	0	0	0	0	0	0	0	0	0	0	0	0	
0	0	0	0	0	0	0	0	0	0	0	0	0	0	0	0	0	0	0	0	
0	0	0	0	0	0	0	0	0	0	0	0	0	0	0	0	0	0	0	0	
0	0	0	0	0	0	0	0	0	0	0	0	0	0	0	0	0	0	0	0	
0	0	0	0	0	0	0	0	0	0	0	0	0	0	0	0	0	0	0	0	
0	0	0	0	0	0	0	0	0	0	0	0	0	0	0	0	0	0	0	0	
0	0	0	0	0	0	0	0	0	0	0	0	0	0	0	0	0	0	0	0	
0	0	0	0	0	0	0	0	0	0	0	0	0	0	0	0	0	0	0	0	
0	0	0	0	0	0	0	0	0	0	0	0	0	0	0	0	0	0	0	0	
0	0	0	0	0	0	0	0	0	0	0	0	0	0	0	0	0	0	0	0	
0	0	0	0	0	0	0	0	0	0	0	0	0	0	0	0	0	0	0	0	
0	0	0	0	0	0	0	0	0	0	0	0	0	0	0	0	0	0	0	0	
0	0	0	0	0	0	0	0	0	2.16638e-06	5.44453e-06	6.62703e-05	3.73679e-06	0.000252561	0.000387807	5.17461e-05	0.00132198	0.000368793	0.00104953	0.00109827	
9.48404e-05	0.00235808	0.000992993	0.00116866	0.00190958	0.00303244	0.00255257	0.00484556	0.00208856	0.00172509	0.00317265	0.00177194	0.00252606	0.00141236	0.00325426	0.00164146	0.00121688	0.000273251	0.000399286	6.36569e-05	
0.000196366	5.97086e-05	2.84994e-05	2.10887e-05	8.08654e-06	1.0164e-05	1.05506e-06	4.5979e-07	3.26155e-07	2.19391e-07	8.17861e-09	1.31388e-08	1.58164e-10	1.28703e-10	2.42373e-13	5.06127e-13	0	0	0	0.0808738	
0.742702	0.299687	0.408642	4.69928	0.852809	3.41206	5.81361	2.49508	13.5584	16.2833	5.13457	25.0158	5.18241	21.7501	7.53869	9.18123	15.7499	5.76467	18.0368	2.12364	
8.60732	6.29812	0.9089	4.72921	0.777444	2.55692	0.238658	0.196175	0.176544	0.235411	0.0265868	0.050117	0.0115258	0.00640665	0.00220442	0.00139539	0.000457927	0.000127333	5.27336e-05	1.45961e-05	
6.01975e-06	8.93362e-08	1.55856e-07	4.0243e-09	4.22475e-09	2.76253e-12	0	0	0	0.00010397	0.000269044	0.00128818	0.000476991	0.0028896	0.00449614	0.000810177	0.0103936	0.00607431	0.0101638	0.021461	
0.00345908	0.0332519	0.0232035	0.0233986	0.0134053	0.00525267	0.0357787	0.00214855	0.0103219	0.0015707	0.00429194	0.00261846	0.00208946	0.00153737	0.00020365	0.000656345	8.1399e-05	0.000291051	1.92435e-05	1.99536e-05	
5.45193e-06	1.18918e-05	2.0501e-06	5.00717e-07	2.69082e-07	1.56772e-07	3.10958e-08	5.17055e-08	2.17384e-09	6.01799e-09	1.67048e-10	7.36948e-10	9.6062e-12	2.85189e-13	2.16932e-14	1.27945e-16	0	0	0	4.30174e-13	
1.3264e-12	8.45598e-13	8.5636e-13	1.39643e-12	2.42765e-12	2.07162e-12	4.1078e-12	4.1122e-12	2.47487e-12	7.12863e-12	1.90066e-12	7.8471e-12	1.93113e-12	3.97217e-12	6.32122e-12	1.24459e-12	7.2803e-12	5.12286e-13	1.7098e-12	3.34543e-13	
1.6795e-12	4.18784e-13	2.75314e-13	2.70622e-14	9.24269e-15	1.36228e-14	2.94751e-15	2.71924e-14	5.82464e-16	1.27498e-16	1.03911e-16	1.81846e-16	1.83074e-16	2.73147e-18	2.72092e-18	3.01443e-18	4.20572e-19	5.98329e-19	5.06971e-20	3.9294e-20	
3.51502e-21	3.47125e-21	2.15791e-24	1.44651e-24	2.1421e-28	0	0	0	0	0	3.3983e-30	6.21246e-31	0	2.3916e-30	5.22733e-33	2.36977e-36	0	0	0	0	
0	0	0	0	0	0	0	0	0	0	0	0	0	0	0	0	0	0	0	0	
0	0	0	0	0	0	0	0	0	0	0	0	0	0	0	0	0	0	0	0	
0	0	0	0	0	0	0	0	0	0	0	0	0	0	0	0	0	0	0	0	
0	0	0	0	0	0	0	0	0	0	0	0	0	0	0	0	0	0	0	0	
0	0	0	0	0	0	0	0	0	0	0	0	0	0	0	0	0	0	0	0	
0	0	0	0	0	0	0	0	0	0	0	0	0	0	0	0	0	0	0	0	
0	0	0	0	0	0	0	0	0	0	0	0	0	0	0	0	0	0	0	0	
0	0	0	0	0	0	0	0	0	0	0	0	0	0	0	0	0	0	0	0	
0	0	0	0	0	0	0	0	0	0	0	0	0	0	0	0	0	0	0	0	
0	0	0	0	0	0	0	0	0	0	0	0	0	0	0	0	0	0	0	0	
0	0	0	0	0	0	0	0	0	0	0	0	0	0	0	0	0	0	0	0	
0	0	0	0	0	0	0	0	0	0	0	0	0	0	0	0	0	0	0	0	
0	0	0	0	0	0	0	0	0	0	0	0	0	0	0	0	0	0	0	0	
0	0	0	0	0	0	0	0	0	0	0	0	0	0	0	0	0	0	0	0	
0	0	0	0	0	0	0	0	0	0	0	0	0	0	0	0	0	0	0	0	
0	0	0	0	0	0	0	0	0	0	0	0	0	0	0	0	0	0	0	0	
0	0	0	0	0	0	0	0	0	0	0	0	0	0	0	0	0	0	0	0	
0	0	0	0	0	0	0	0	0	0	0	0	0	0	0	0	0	0	0	0	
0	0	0	0	0	0	0	0	0	0	0	0	0	0	0	0	0	0	0	0	
0	0	0	0	0	0	0	0	0	0	0	0	0	0	0	0	0	0	0	0	
0	0	0	0	0	0	0	0	0	0	0	0	0	0	0	0	0	0	0	0	
0	0	0	0	0	0	0	0	0	0	0	0	0	0	0	0	0	0	0	0	
0	0	0	0	0	0	0	0	0	0	0	0	0	0	0	0	0	0	0	0	
0	0	0	0	0	0	0	0	0	0	0	0	0	0	0	0	0	0	0	0	
0	0	0	0	0	0	0	0	0	0	0	0	0	0	0	0	0	0	0	0	
0	0	0	0	0	0	0	0	0	0	0	0	0	0	0	0	0	0	0	0	
0	0	0	0	0	0	0	0	0	0	0	0	0	0	0	0	0	0	0	0	
0	0	0	0	0	0	0	0	0	0	0	0	0	0	0	0	0	0	0	0	
0	0	0	0	0	0	0	0	0	0	0	0	0	0	0	0	0	0	0	0	
0	0	0	0	0	0	0	0	0	0	0	0	0	0	0	0	0	0	0	0	
0	0	0	0	0	0	0	0	0	0	0	0	0	0	0	0	0	0	0	0	
0	0	0	0	0	0	0	0	0	0	0	0	0	0	0	0	0	0	0	0	
0	0	0	0	0	0	0	0	0	0	0	0	0	0	0	0	0	0	0	0	
0	0	0	0	0	0	0	0	0	0	0	0	0	0	0	0	0	0	0	0	
0	0	0	0	0	0	0	0	0	0	0	0	0	0	0	0	0	0	0	0	
0	0	0	0	0	0	0	0	0	0	0	0	0	0	0	0	0	0	0	0	
0	0	0	0	0	0	0	0	0	0	0	0	0	0	0	0	0	0	0	0	
0	0	0	0	0	0	0	0	0	0	0	0	0	0	0	0	0	0	0	0	
0	0	0	0	0	0	0	0	0	0	0	0	0	0	0	0	0	0	0	0	
0	0	0	0	0	0	0	0	0	6.40746e-13	3.24262e-12	2.7886e-13	1.18652e-11	6.36317e-12	3.75005e-12	1.39251e-10	1.07384e-11	3.08952e-11	5.56333e-10	2.65023e-10	
6.67916e-10	4.54081e-11	5.91914e-09	1.2344e-09	5.1324e-11	4.01665e-09	4.80619e-10	1.03738e-10	2.35644e-10	2.72763e-10	2.43062e-10	2.99216e-08	3.3122e-10	1.54584e-09	1.30018e-10	4.87172e-11	2.71686e-09	4.9357e-10	6.34867e-11	7.22432e-12	
4.16353e-10	2.89041e-12	2.64717e-12	9.55577e-12	2.40516e-12	2.16612e-11	5.96948e-14	1.35886e-14	1.31527e-14	1.95354e-15	1.11512e-15	1.56918e-16	4.30349e-24	7.44065e-18	6.26405e-26	0	0	0	0	0.000144435	
0.00129711	2.57511e-05	0.00207547	0.00328363	0.000345947	0.00604952	0.00111232	0.00690621	0.0127962	0.000800224	0.0158622	0.00115855	0.00530171	0.00348529	0.00543569	0.00414803	0.0013711	0.00569119	0.00125016	0.00328439	
0.000368421	0.000503694	0.000533701	0.000213701	0.0009752	8.90133e-05	8.30209e-05	4.63245e-05	2.21861e-05	1.32079e-05	5.00774e-06	5.5206e-06	7.34881e-06	2.08669e-06	3.74026e-07	1.09036e-07	1.42352e-07	1.27109e-08	6.97416e-08	6.10383e-10	
5.05108e-09	7.68784e-12	5.06641e-12	5.51209e-14	9.28059e-13	3.7076e-17	0	0	0	1.66311e-07	5.60719e-06	1.77494e-06	3.07117e-06	2.30037e-05	1.94099e-06	2.38461e-05	2.6353e-05	1.09657e-05	0.000131994	4.01642e-06	
5.61867e-05	1.40226e-05	1.83261e-05	6.80125e-05	2.97869e-06	8.42839e-05	1.02937e-05	2.19588e-05	5.23564e-06	1.82264e-06	5.98385e-06	9.7415e-07	5.41854e-06	2.68674e-07	6.56993e-07	2.53089e-07	1.92558e-07	5.2528e-08	4.10067e-08	1.37676e-08	
1.1155e-08	4.78936e-09	3.408e-09	2.93956e-10	8.62898e-11	7.13782e-11	1.50688e-11	1.50181e-11	9.50483e-13	1.64595e-13	2.55197e-14	3.14766e-15	9.94383e-16	9.78638e-17	5.32953e-17	3.27112e-25	0	0	0	2.65065e-16	
8.82561e-16	2.2364e-15	1.12012e-15	6.10964e-15	4.02024e-15	1.27762e-15	2.69196e-14	8.21679e-15	3.66488e-15	1.33733e-15	2.99762e-15	1.08394e-15	1.2798e-15	1.30939e-15	1.01518e-15	5.45356e-16	4.07159e-16	5.1837e-16	1.27323e-16	1.10204e-16	
7.84372e-17	4.91489e-17	3.31536e-17	1.49516e-17	1.10681e-17	2.96435e-18	8.42654e-18	4.96003e-19	9.62776e-19	1.10516e-19	5.09348e-20	2.65999e-20	4.22687e-20	4.58785e-21	1.59035e-21	3.18847e-22	1.3055e-22	3.3565e-23	1.06153e-23	1.99151e-24	
3.84931e-25	8.08447e-26	3.21118e-26	1.99894e-27	8.62554e-30	0	0	0	0	0	0	0	0	0	0	0	0	0	0	0	
0	0	0	0	0	0	0	0	0	0	0	0	0	0	0	0	0	0	0	0	
0	0	0	0	0	0	0	0	0	0	0	0	0	0	0	0	0	0	0	0	
0	0	0	0	0	0	0	0	0	0	0	0	0	0	0	0	0	0	0	0	
0	0	0	0	0	0	0	0	0	0	0	0	0	0	0	0	0	0	0	0	
0	0	0	0	0	0	0	0	0	0	0	0	0	0	0	0	0	0	0	0	
0	0	0	0	0	0	0	0	0	0	0	0	0	0	0	0	0	0	0	0	
0	0	0	0	0	0	0	0	0	0	0	0	0	0	0	0	0	0	0	0	
0	0	0	0	0	0	0	0	0	0	0	0	0	0	0	0	0	0	0	0	
0	0	0	0	0	0	0	0	0	0	0	0	0	0	0	0	0	0	0	0	
0	0	0	0	0	0	0	0	0	0	0	0	0	0	0	0	0	0	0	0	
0	0	0	0	0	0	0	0	0	0	0	0	0	0	0	0	0	0	0	0	
0	0	0	0	0	0	0	0	0	0	0	0	0	0	0	0	0	0	0	0	
0	0	0	0	0	0	0	0	0	0	0	0	0	0	0	0	0	0	0	0	
0	0	0	0	0	0	0	0	0	0	0	0	0	0	0	0	0	0	0	0	
0	0	0	0	0	0	0	0	0	0	0	0	0	0	0	0	0	0	0	0	
0	0	0	0	0	0	0	0	0	0	0	0	0	0	0	0	0	0	0	0	
0	0	0	0	0	0	0	0	0	0	0	0	0	0	0	0	0	0	0	0	
0	0	0	0	0	0	0	0	0	0	0	0	0	0	0	0	0	0	0	0	
0	0	0	0	0	0	0	0	0	0	0	0	0	0	0	0	0	0	0	0	
0	0	0	0	0	0	0	0	0	0	0	0	0	0	0	0	0	0	0	0	
0	0	0	0	0	0	0	0	0	0	0	0	0	0	0	0	0	0	0	0	
0	0	0	0	0	0	0	0	0	0	0	0	0	0	0	0	0	0	0	0	
0	0	0	0	0	0	0	0	0	0	0	0	0	0	0	0	0	0	0	0	
0	0	0	0	0	0	0	0	0	0	0	0	0	0	0	0	0	0	0	0	
0	0	0	0	0	0	0	0	0	0	0	0	0	0	0	0	0	0	0	0	
0	0	0	0	0	0	0	0	0	0	0	0	0	0	0	0	0	0	0	0	
0	0	0	0	0	0	0	0	0	0	0	0	0	0	0	0	0	0	0	0	
0	0	0	0	0	0	0	0	0	0	0	0	0	0	0	0	0	0	0	0	
0	0	0	0	0	0	0	0	0	0	0	0	0	0	0	0	0	0	0	0	
0	0	0	0	0	0	0	0	0	0	0	0	0	0	0	0	0	0	0	0	
0	0	0	0	0	0	0	0	0	0	0	0	0	0	0	0	0	0	0	0	
0	0	0	0	0	0	0	0	0	0	0	0	0	0	0	0	0	0	0	0	
0	0	0	0	0	0	0	0	0	0	0	0	0	0	0	0	0	0	0	0	
0	0	0	0	0	0	0	0	0	0	0	0	0	0	0	0	0	0	0	0	
0	0	0	0	0	0	0	0	0	0	0	0	0	0	0	0	0	0	0	0	
0	0	0	0	0	0	0	0	0	0	0	0	0	0	0	0	0	0	0	0	
0	0	0	0	0	0	0	0	0	0	0	0	0	0	0	0	0	0	0	0	
0	0	0	0	0	0	0	0	0	0	0	0	0	0	0	0	0	0	0	0	
0	0	0	0	0	0	0	0	0	0	0	0	0	0	0	0	0	0	0	0	
0	0	0	0	0	0	0	0	0	5.94511e-23	0	3.09359e-24	8.64082e-22	1.48466e-25	1.90892e-21	0	1.75512e-22	3.10525e-21	6.87294e-24	7.88393e-22	
1.20221e-20	1.18335e-21	2.27375e-21	1.37288e-23	6.36983e-21	6.4067e-25	4.49279e-21	3.12879e-21	9.89059e-22	4.90235e-21	1.10657e-22	1.27416e-21	9.82309e-24	1.0152e-21	2.2335e-22	2.61893e-22	6.19257e-23	1.11737e-23	9.36568e-23	1.23572e-23	
1.0237e-23	4.80134e-23	1.68595e-24	1.64609e-24	1.34674e-24	6.41455e-26	7.30251e-25	1.16974e-28	3.68601e-26	0	8.39883e-27	0	4.74848e-28	0	0	0	0	0	0	8.82308e-10	
6.51069e-10	4.85924e-09	1.93131e-09	9.62147e-09	2.97749e-08	1.76161e-08	2.41789e-08	2.13448e-08	2.87303e-08	8.62625e-08	7.49447e-08	1.05353e-07	3.8384e-08	2.502e-07	1.06395e-07	7.32025e-08	1.94963e-07	2.54096e-08	1.69917e-07	1.83236e-08	
8.8987e-08	4.48072e-08	2.93306e-08	1.68154e-08	1.16192e-08	1.41842e-08	2.63874e-09	7.2959e-09	7.47127e-10	5.98859e-10	1.33966e-10	2.53187e-10	1.13236e-10	3.42176e-11	4.20201e-12	4.6865e-12	4.36616e-13	1.5109e-12	1.55029e-14	1.29452e-13	
7.01134e-16	7.79776e-15	1.28414e-17	2.35424e-17	2.38084e-19	0	0	0	0	6.88485e-09	8.62822e-10	1.07957e-09	2.93749e-08	7.28278e-10	7.65004e-09	1.45198e-08	1.47493e-09	6.85782e-09	5.43063e-09	1.68053e-08	
1.81353e-08	2.96122e-09	1.45489e-08	4.88674e-09	3.36666e-09	1.74571e-09	2.7838e-09	1.50189e-09	1.3988e-09	1.23916e-09	1.73183e-10	1.4112e-09	9.95384e-11	6.73027e-10	2.05408e-11	9.69022e-11	7.71388e-12	7.29899e-12	1.38356e-11	1.06996e-12	
1.26616e-12	2.9281e-13	2.03568e-13	7.55174e-14	2.24317e-13	3.33201e-15	5.36528e-14	8.21927e-16	2.70541e-16	1.32032e-16	2.09135e-17	1.25827e-18	9.59477e-20	2.12e-21	4.29899e-22	0	0	0	0	4.28514e-18	
1.76279e-17	3.41511e-17	7.58513e-18	1.22612e-17	5.11785e-17	2.11341e-17	7.00766e-17	8.70107e-17	8.12237e-18	5.75673e-17	3.1708e-17	4.24336e-18	6.8306e-17	5.35751e-18	1.32412e-17	8.01427e-18	1.31276e-17	4.29979e-18	5.22048e-19	2.19183e-18	
1.24404e-19	2.8622e-19	4.87891e-20	1.46304e-19	1.78288e-20	2.35802e-20	9.33317e-21	4.68628e-22	6.73073e-22	1.92837e-23	2.94491e-23	4.30235e-23	1.24298e-22	5.54115e-25	9.20317e-25	5.75492e-26	3.33599e-25	4.93949e-27	2.76363e-26	9.00281e-28	
2.97699e-27	1.07511e-29	1.17019e-29	8.51173e-32	0	0	0	0	0	0	0	0	0	0	0	0	0	0	0	0	
0	0	0	0	0	0	0	0	0	0	0	0	0	0	0	0	0	0	0	0	
0	0	0	0	0	0	0	0	0	0	0	0	0	0	0	0	0	0	0	0	
0	0	0	0	0	0	0	0	0	0	0	0	0	0	0	0	0	0	0	0	
0	0	0	0	0	0	0	0	0	0	0	0	0	0	0	0	0	0	0	0	
0	0	0	0	0	0	0	0	0	0	0	0	0	0	0	0	0	0	0	0	
0	0	0	0	0	0	0	0	0	0	0	0	0	0	0	0	0	0	0	0	
0	0	0	0	0	0	0	0	0	0	0	0	0	0	0	0	0	0	0	0	
0	0	0	0	0	0	0	0	0	0	0	0	0	0	0	0	0	0	0	0	
0	0	0	0	0	0	0	0	0	0	0	0	0	0	0	0	0	0	0	0	
0	0	0	0	0	0	0	0	0	0	0	0	0	0	0	0	0	0	0	0	
0	0	0	0	0	0	0	0	0	0	0	0	0	0	0	0	0	0	0	0	
0	0	0	0	0	0	0	0	0	0	0	0	0	0	0	0	0	0	0	0	
0	0	0	0	0	0	0	0	0	0	0	0	0	0	0	0	0	0	0	0	
0	0	0	0	0	0	0	0	0	0	0	0	0	0	0	0	0	0	0	0	
0	0	0	0	0	0	0	0	0	0	0	0	0	0	0	0	0	0	0	0	
0	0	0	0	0	0	0	0	0	0	0	0	0	0	0	0	0	0	0	0	
0	0	0	0	0	0	0	0	0	0	0	0	0	0	0	0	0	0	0	0	
0	0	0	0	0	0	0	0	0	0	0	0	0	0	0	0	0	0	0	0	
0	0	0	0	0	0	0	0	0	0	0	0	0	0	0	0	0	0	0	0	
0	0	0	0	0	0	0	0	0	0	0	0	0	0	0	0	0	0	0	0	
0	0	0	0	0	0	0	0	0	0	0	0	0	0	0	0	0	0	0	0	
0	0	0	0	0	0	0	0	0	0	0	0	0	0	0	0	0	0	0	0	
0	0	0	0	0	0	0	0	0	0	0	0	0	0	0	0	0	0	0	0	
0	0	0	0	0	0	0	0	0	0	0	0	0	0	0	0	0	0	0	0	
0	0	0	0	0	0	0	0	0	0	0	0	0	0	0	0	0	0	0	0	
0	0	0	0	0	0	0	0	0	0	0	0	0	0	0	0	0	0	0	0	
0	0	0	0	0	0	0	0	0	0	0	0	0	0	0	0	0	0	0	0	
0	0	0	0	0	0	0	0	0	0	0	0	0	0	0	0	0	0	0	0	
0	0	0	0	0	0	0	0	0	0	0	0	0	0	0	0	0	0	0	0	
0	0	0	0	0	0	0	0	0	0	0	0	0	0	0	0	0	0	0	0	
0	0	0	0	0	0	0	0	0	0	0	0	0	0	0	0	0	0	0	0	
0	0	0	0	0	0	0	0	0	0	0	0	0	0	0	0	0	0	0	0	
0	0	0	0	0	0	0	0	0	0	0	0	0	0	0	0	0	0	0	0	
0	0	0	0	0	0	0	0	0	0	0	0	0	0	0	0	0	0	0	0	
0	0	0	0	0	0	0	0	0	0	0	0	0	0	0	0	0	0	0	0	
0	0	0	0	0	0	0	0	0	0	0	0	0	0	0	0	0	0	0	0	
0	0	0	0	0	0	0	0	0	0	0	0	0	0	0	0	0	0	0	0	
0	0	0	0	0	0	0	0	0	0	0	0	0	0	0	0	0	0	0	0	
0	0	0	0	0	0	0	0	0	0	0	0	0	0	0	0	0	0	0	0	
0	0	0	0	0	0	0	0	0	0	0	0	0	0	0	0	0	0	0	0	
0	0	0	0	0	0	0	0	0	0	0	0	0	0	0	0	0	0	0	0	
0	0	0	0	0	0	0	0	0	0	0	0	0	0	0	0	0	0	0	2.09203e-16	
1.75129e-15	4.32334e-16	1.8375e-15	5.98976e-15	2.14246e-15	2.80069e-14	2.63866e-15	1.55575e-14	6.12469e-15	1.6119e-14	1.3775e-14	9.86201e-15	4.01473e-14	8.7277e-15	2.48033e-14	2.1924e-14	5.79398e-15	3.045e-14	1.88295e-15	1.93434e-14	
2.41765e-15	5.42866e-15	5.17438e-15	4.27137e-15	1.50854e-15	6.36732e-16	7.52408e-16	1.22251e-15	3.92108e-16	5.8583e-17	5.38669e-17	1.8167e-17	6.46092e-18	2.10429e-18	2.30059e-18	4.86733e-19	3.99304e-19	1.55949e-20	6.1756e-20	1.53721e-22	
1.85228e-21	5.17316e-24	1.85127e-23	1.70316e-25	7.67082e-26	0	0	0	0	3.05336e-16	2.26504e-14	4.97529e-15	2.53248e-15	7.94477e-14	7.27784e-15	2.91209e-13	4.34768e-14	2.42896e-15	5.88032e-14	6.52971e-14	
4.88128e-14	1.24736e-13	3.03747e-15	1.12269e-13	5.26455e-14	8.6268e-14	4.63703e-15	4.14946e-15	3.8587e-14	1.25883e-15	2.454e-14	1.09721e-15	1.21449e-15	3.41355e-16	3.03657e-16	6.27594e-17	2.59361e-16	6.48156e-17	3.61119e-17	3.11099e-18	
5.10053e-18	6.04725e-19	2.20297e-18	3.46696e-19	4.1388e-19	3.39732e-20	1.44258e-20	4.41116e-21	7.60338e-22	3.20031e-22	1.72001e-23	1.3234e-23	6.19897e-26	3.24127e-25	1.79593e-31	0	0	0	0	8.5967e-24	
1.1904e-22	3.07024e-22	1.25589e-23	6.59201e-21	4.4473e-22	1.82712e-22	2.53669e-21	7.41425e-23	1.86266e-21	1.05371e-22	3.71127e-22	5.54347e-22	5.03795e-23	7.96363e-22	2.09578e-22	1.58011e-22	3.16659e-22	2.22733e-23	1.89591e-22	1.13328e-23	
1.97396e-23	4.33888e-24	9.6044e-24	3.38854e-24	6.21791e-26	3.73402e-25	7.00933e-27	3.52106e-26	1.46841e-26	6.85389e-27	1.09727e-27	8.99891e-28	1.11907e-28	1.97891e-28	2.50468e-29	1.69148e-29	2.67316e-30	1.92543e-30	1.60775e-31	2.74082e-31	
1.88703e-32	2.66301e-36	8.52769e-34	3.65457e-38	0	0	0	0	0	0	0	0	0	0	0	0	0	0	0	0	
0	0	0	0	0	0	0	0	0	0	0	0	0	0	0	0	0	0	0	0	
0	0	0	0	0	0	0	0	0	0	0	0	0	0	0	0	0	0	0	0	
0	0	0	0	0	0	0	0	0	0	0	0	0	0	0	0	0	0	0	0	
0	0	0	0	0	0	0	0	0	0	0	0	0	0	0	0	0	0	0	0	
0	0	0	0	0	0	0	0	0	0	0	0	0	0	0	0	0	0	0	0	
0	0	0	0	0	0	0	0	0	0	0	0	0	0	0	0	0	0	0	0	
0	0	0	0	0	0	0	0	0	0	0	0	0	0	0	0	0	0	0	0	
0	0	0	0	0	0	0	0	0	0	0	0	0	0	0	0	0	0	0	0	
0	0	0	0	0	0	0	0	0	0	0	0	0	0	0	0	0	0	0	0	
0	0	0	0	0	0	0	0	0	0	0	0	0	0	0	0	0	0	0	0	
0	0	0	0	0	0	0	0	0	0	0	0	0	0	0	0	0	0	0	0	
0	0	0	0	0	0	0	0	0	0	0	0	0	0	0	0	0	0	0	0	
0	0	0	0	0	0	0	0	0	0	0	0	0	0	0	0	0	0	0	0	
0	0	0	0	0	0	0	0	0	0	0	0	0	0	0	0	0	0	0	0	
0	0	0	0	0	0	0	0	0	0	0	0	0	0	0	0	0	0	0	0	
0	0	0	0	0	0	0	0	0	0	0	0	0	0	0	0	0	0	0	0	
0	0	0	0	0	0	0	0	0	0	0	0	0	0	0	0	0	0	0	0	
0	0	0	0	0	0	0	0	0	0	0	0	0	0	0	0	0	0	0	0	
0	0	0	0	0	0	0	0	0	0	0	0	0	0	0	0	0	0	0	0	
0	0	0	0	0	0	0	0	0	0	0	0	0	0	0	0	0	0	0	0	
0	0	0	0	0	0	0	0	0	0	0	0	0	0	0	0	0	0	0	0	
0	0	0	0	0	0	0	0	0	0	0	0	0	0	0	0	0	0	0	0	
0	0	0	0	0	0	0	0	0	0	0	0	0	0	0	0	0	0	0	0	
0	0	0	0	0	0	0	0	0	0	0	0	0	0	0	0	0	0	0	0	
0	0	0	0	0	0	0	0	0	0	0	0	0	0	0	0	0	0	0	0	
0	0	0	0	0	0	0	0	0	0	0	0	0	0	0	0	0	0	0	0	
0	0	0	0	0	0	0	0	0	0	0	0	0	0	0	0	0	0	0	0	
0	0	0	0	0	0	0	0	0	0	0	0	0	0	0	0	0	0	0	0	
0	0	0	0	0	0	0	0	0	0	0	0	0	0	0	0	0	0	0	0	
0	0	0	0	0	0	0	0	0	0	0	0	0	0	0	0	0	0	0	0	
0	0	0	0	0	0	0	0	0	0	0	0	0	0	0	0	0	0	0	0	
0	0	0	0	0	0	0	0	0	0	0	0	0	0	0	0	0	0	0	0	
0	0	0	0	0	0	0	0	0	0	0	0	0	0	0	0	0	0	0	0	
0	0	0	0	0	0	0	0	0	0	0	0	0	0	0	0	0	0	0	0	
0	0	0	0	0	0	0	0	0	0	0	0	0	0	0	0	0	0	0	0	
0	0	0	0	0	0	0	0	0	0	0	0	0	0	0	0	0	0	0	0	
0	0	0	0	0	0	0	0	0	0	0	0	0	0	0	0	0	0	0	0	
0	0	0	0	0	0	0	0	0	0	0	0	0	0	0	0	0	0	0	0	
0	0	0	0	0	0	0	0	0	0	0	0	0	0	0	0	0	0	0	0	
0	0	0	0	0	0	0	0	0	0	0	0	0	0	0	0	0	0	0	0	
0	0	0	0	0	0	0	0	0	0	0	0	0	0	0	0	0	0	0	0	
0	0	0	0	0	0	0	0	0	0	0	0	0	0	0	0	0	0	0	7.43764e-23	
1.60612e-24	2.58418e-22	5.93584e-22	1.45515e-22	1.98542e-21	2.75665e-22	1.25544e-21	4.68666e-21	1.49149e-22	7.96284e-21	4.72952e-22	1.16463e-21	2.73504e-21	2.4427e-21	2.23653e-21	2.87614e-22	3.73121e-21	6.80617e-22	2.84545e-21	4.21566e-22	
1.256e-21	1.38707e-22	1.47689e-22	1.91386e-22	4.4745e-23	2.16056e-22	2.80209e-23	7.95231e-23	6.93638e-24	3.00141e-23	3.27312e-24	5.81565e-24	1.78655e-24	2.15383e-24	1.45875e-24	2.83931e-25	2.83136e-27	2.61822e-26	2.96384e-27	1.54364e-27	
1.65482e-28	4.88128e-37	2.32157e-30	5.31318e-38	0	0	0	0	0	8.59714e-21	1.44294e-21	4.74812e-22	1.84162e-21	2.04982e-21	9.40662e-21	2.72182e-20	1.05173e-21	1.48166e-20	9.98451e-21	7.93004e-21	
2.70463e-21	2.52288e-21	1.50217e-20	1.82827e-21	2.55513e-21	6.66206e-21	1.50912e-21	7.01987e-22	1.15817e-21	5.98837e-22	5.57528e-22	1.57709e-22	2.88935e-22	3.60328e-23	9.45071e-23	5.81484e-23	6.67375e-23	1.06933e-23	5.57794e-24	4.7195e-24	
1.02913e-24	6.13545e-25	2.57535e-25	4.38321e-25	1.73433e-26	8.66101e-27	3.0929e-27	9.48415e-28	1.32935e-28	1.27577e-28	1.48854e-29	4.46406e-30	1.2775e-32	1.32131e-34	0	0	0	0	0	1.47595e-29	
4.69544e-29	2.73027e-30	6.89101e-29	1.91014e-29	1.87763e-29	7.15387e-28	9.04715e-30	6.21322e-28	7.23742e-29	2.55416e-29	2.65598e-29	1.17289e-29	9.47155e-31	3.22886e-29	7.7031e-30	5.07754e-31	7.07944e-31	8.05243e-31	1.2155e-30	6.62644e-31	
1.30391e-31	7.85182e-32	7.13572e-32	5.65774e-33	2.39573e-32	1.22129e-33	6.77205e-33	1.27257e-33	7.72141e-35	1.1984e-34	9.36461e-34	1.67855e-34	1.64534e-36	1.34059e-35	2.36628e-37	6.32846e-36	7.51817e-38	2.3041e-38	4.24303e-40	2.51238e-39	
1.88994e-41	1.22209e-41	7.24437e-45	0	0	0	0	0	0	0	0	0	0	0	0	0	0	0	0	0	
0	0	0	0	0	0	0	0	0	0	0	0	0	0	0	0	0	0	0	0	
0	0	0	0	0	0	0	0	0	0	0	0	0	0	0	0	0	0	0	0	
0	0	0	0	0	0	0	0	0	0	0	0	0	0	0	0	0	0	0	0	
0	0	0	0	0	0	0	0	0	0	0	0	0	0	0	0	0	0	0	0	
0	0	0	0	0	0	0	0	0	0	0	0	0	0	0	0	0	0	0	0	
0	0	0	0	0	0	0	0	0	0	0	0	0	0	0	0	0	0	0	0	
0	0	0	0	0	0	0	0	0	0	0	0	0	0	0	0	0	0	0	0	
0	0	0	0	0	0	0	0	0	0	0	0	0	0	0	0	0	0	0	0	
0	0	0	0	0	0	0	0	0	0	0	0	0	0	0	0	0	0	0	0	
0	0	0	0	0	0	0	0	0	0	0	0	0	0	0	0	0	0	0	0	
0	0	0	0	0	0	0	0	0	0	0	0	0	0	0	0	0	0	0	0	
0	0	0	0	0	0	0	0	0	0	0	0	0	0	0	0	0	0	0	0	
0	0	0	0	0	0	0	0	0	0	0	0	0	0	0	0	0	0	0	0	
0	0	0	0	0	0	0	0	0	0	0	0	0	0	0	0	0	0	0	0	
0	0	0	0	0	0	0	0	0	0	0	0	0	0	0	0	0	0	0	0	
0	0	0	0	0	0	0	0	0	0	0	0	0	0	0	0	0	0	0	0	
0	0	0	0	0	0	0	0	0	0	0	0	0	0	0	0	0	0	0	0	
0	0	0	0	0	0	0	0	0	0	0	0	0	0	0	0	0	0	0	0	
0	0	0	0	0	0	0	0	0	0	0	0	0	0	0	0	0	0	0	0	
0	0	0	0	0	0	0	0	0	0	0	0	0	0	0	0	0	0	0	0	
0	0	0	0	0	0	0	0	0	0	0	0	0	0	0	0	0	0	0	0	
0	0	0	0	0	0	0	0	0	0	0	0	0	0	0	0	0	0	0	0	
0	0	0	0	0	0	0	0	0	0	0	0	0	0	0	0	0	0	0	0	
0	0	0	0	0	0	0	0	0	0	0	0	0	0	0	0	0	0	0	0	
0	0	0	0	0	0	0	0	0	0	0	0	0	0	0	0	0	0	0	0	
0	0	0	0	0	0	0	0	0	0	0	0	0	0	0	0	0	0	0	0	
0	0	0	0	0	0	0	0	0	0	0	0	0	0	0	0	0	0	0	0	
0	0	0	0	0	0	0	0	0	0	0	0	0	0	0	0	0	0	0	0	
0	0	0	0	0	0	0	0	0	0	0	0	0	0	0	0	0	0	0	0	
0	0	0	0	0	0	0	0	0	0	0	0	0	0	0	0	0	0	0	0	
0	0	0	0	0	0	0	0	0	0	0	0	0	0	0	0	0	0	0	0	
0	0	0	0	0	0	0	0	0	0	0	0	0	0	0	0	0	0	0	0	
0	0	0	0	0	0	0	0	0	0	0	0	0	0	0	0	0	0	0	0	
0	0	0	0	0	0	0	0	0	0	0	0	0	0	0	0	0	0	0	0	
0	0	0	0	0	0	0	0	0	0	0	0	0	0	0	0	0	0	0	0	
0	0	0	0	0	0	0	0	0	0	0	0	0	0	0	0	0	0	0	0	
0	0	0	0	0	0	0	0	0	0	0	0	0	0	0	0	0	0	0	0	
0	0	0	0	0	0	0	0	0	0	0	0	0	0	0	0	0	0	0	0	
0	0	0	0	0	0	0	0	0	0	0	0	0	0	0	0	0	0	0	0	
0	0	0	0	0	0	0	0	0	0	0	0	0	0	0	0	0	0	0	0	
0	0	0	0	0	0	0	0	0	0	0	0	0	0	0	0	0	0	0	0	
0	0	0	0	0	0	0	0	0	0	0	0	0	0	0	0	0	0	0	0	
0	0	0	0	0	0	0	0	0	0	0	0	0	0	0	0	0	0	0	0	
0	0	0	0	0	0	0	0	0	0	0	0	0	0	0	0	0	0	0	0	
0	0	0	0	0	0	0	0	0	3.28829e-31	3.26613e-31	1.77213e-30	2.08553e-30	1.14398e-30	2.75305e-30	2.74217e-30	2.03738e-30	1.01494e-29	6.77879e-30	2.18453e-29	
6.47421e-30	2.95032e-30	1.90553e-29	5.98194e-30	7.94663e-30	3.60168e-30	3.28689e-30	6.38271e-30	4.51315e-30	2.85411e-30	4.66443e-31	4.74098e-31	5.09523e-31	1.56771e-31	2.31113e-31	3.12069e-32	1.30052e-31	9.33115e-33	3.63622e-32	4.05145e-33	
5.53102e-33	5.44231e-34	3.43722e-33	8.72156e-35	6.67704e-34	1.93416e-35	2.43265e-35	2.5706e-36	2.59256e-38	4.94937e-38	8.13006e-41	1.28519e-38	1.06409e-41	6.34857e-42	0	0	0	0	0	7.78428e-35	
1.52329e-36	1.95462e-34	2.52176e-34	2.1566e-36	5.8784e-35	1.66484e-35	1.20874e-36	2.76327e-35	3.51661e-36	7.72822e-36	1.79912e-35	2.23915e-36	2.74797e-35	2.81758e-37	4.67513e-36	1.501e-36	1.01883e-36	1.47603e-36	4.753e-37	1.2875e-36	
1.13813e-37	1.66877e-37	8.20841e-38	1.20041e-38	1.03685e-38	3.16101e-39	4.49774e-39	2.77718e-39	5.90671e-40	4.39075e-40	1.26563e-39	1.12671e-41	7.0143e-41	2.26673e-42	9.47893e-42	4.60599e-44	6.33121e-44	1.62388e-45	1.18084e-44	5.99245e-47	
0	2.19002e-48	0	0	0	0	0	0	0	0	0	0	0	0	0	0	0	0	0	0	
0	0	0	0	0	0	0	0	0	0	0	0	0	0	0	0	0	0	0	0	
0	0	0	0	0	0	0	0	0	0	0	0	0	0	0	0	0	0	0	0	
0	0	0	0	0	0	0	0	0	0	0	0	0	0	0	0	0	0	0	0	
0	0	0	0	0	0	0	0	0	0	0	0	0	0	0	0	0	0	0	0	
0	0	0	0	0	0	0	0	0	0	0	0	0	0	0	0	0	0	0	0	
0	0	0	0	0	0	0	0	0	0	0	0	0	0	0	0	0	0	0	0	
0	0	0	0	0	0	0	0	0	0	0	0	0	0	0	0	0	0	0	0	
0	0	0	0	0	0	0	0	0	0	0	0	0	0	0	0	0	0	0	0	
0	0	0	0	0	0	0	0	0	0	0	0	0	0	0	0	0	0	0	0	
0	0	0	0	0	0	0	0	0	0	0	0	0	0	0	0	0	0	0	0	
0	0	0	0	0	0	0	0	0	0	0	0	0	0	0	0	0	0	0	0	
0	0	0	0	0	0	0	0	0	0	0	0	0	0	0	0	0	0	0	0	
0	0	0	0	0	0	0	0	0	0	0	0	0	0	0	0	0	0	0	0	
0	0	0	0	0	0	0	0	0	0	0	0	0	0	0	0	0	0	0	0	
0	0	0	0	0	0	0	0	0	0	0	0	0	0	0	0	0	0	0	0	
0	0	0	0	0	0	0	0	0	0	0	0	0	0	0	0	0	0	0	0	
0	0	0	0	0	0	0	0	0	0	0	0	0	0	0	0	0	0	0	0	
0	0	0	0	0	0	0	0	0	0	0	0	0	0	0	0	0	0	0	0	
0	0	0	0	0	0	0	0	0	0	0	0	0	0	0	0	0	0	0	0	
0	0	0	0	0	0	0	0	0	0	0	0	0	0	0	0	0	0	0	0	
0	0	0	0	0	0	0	0	0	0	0	0	0	0	0	0	0	0	0	0	
0	0	0	0	0	0	0	0	0	0	0	0	0	0	0	0	0	0	0	0	
0	0	0	0	0	0	0	0	0	0	0	0	0	0	0	0	0	0	0	0	
0	0	0	0	0	0	0	0	0	0	0	0	0	0	0	0	0	0	0	0	
0	0	0	0	0	0	0	0	0	0	0	0	0	0	0	0	0	0	0	0	
0	0	0	0	0	0	0	0	0	0	0	0	0	0	0	0	0	0	0	0	
0	0	0	0	0	0	0	0	0	0	0	0	0	0	0	0	0	0	0	0	
0	0	0	0	0	0	0	0	0	0	0	0	0	0	0	0	0	0	0	0	
0	0	0	0	0	0	0	0	0	0	0	0	0	0	0	0	0	0	0	0	
0	0	0	0	0	0	0	0	0	0	0	0	0	0	0	0	0	0	0	0	
0	0	0	0	0	0	0	0	0	0	0	0	0	0	0	0	0	0	0	0	
0	0	0	0	0	0	0	0	0	0	0	0	0	0	0	0	0	0	0	0	
0	0	0	0	0	0	0	0	0	0	0	0	0	0	0	0	0	0	0	0	
0	0	0	0	0	0	0	0	0	0	0	0	0	0	0	0	0	0	0	0	
0	0	0	0	0	0	0	0	0	0	0	0	0	0	0	0	0	0	0	0	
0	0	0	0	0	0	0	0	0	0	0	0	0	0	0	0	0	0	0	0	
0	0	0	0	0	0	0	0	0	0	0	0	0	0	0	0	0	0	0	0	
0	0	0	0	0	0	0	0	0	0	0	0	0	0	0	0	0	0	0	0	
0	0	0	0	0	0	0	0	0	0	0	0	0	0	0	0	0	0	0	0	
0	0	0	0	0	0	0	0	0	0	0	0	0	0	0	0	0	0	0	0	
0	0	0	0	0	0	0	0	0	0	0	0	0	0	0	0	0	0	0	0	
0	0	0	0	0	0	0	0	0	0	0	0	0	0	0	0	0	0	0	0	
0	0	0	0	0	0	0	0	0	0	0	0	0	0	0	0	0	0	0	0	
0	0	0	0	0	0	0	0	0	0	0	0	0	0	0	0	0	0	0	0	
0	0	0	0	0	0	0	0	0	1.25209e-38	1.12301e-38	2.89171e-40	6.89235e-44	1.71513e-38	3.82432e-41	4.57503e-44	1.61462e-43	1.19766e-42	8.55968e-44	3.57641e-45	
3.53893e-44	2.853e-44	8.52636e-46	9.98445e-44	1.79107e-46	1.04117e-48	0	4.43209e-49	0	0	0	0	0	0	0	0	0	0	0	0	
0	0	0	0	0	0	0	0	0	0	0	0	0	0	0	0	0	0	0	0	
0	0	0	0	0	0	0	0	0	0	0	0	0	0	0	0	0	0	0	0	
0	0	0	0	0	0	0	0	0	0	0	0	0	0	0	0	0	0	0	0	
0	0	0	0	0	0	0	0	0	0	0	0	0	0	0	0	0	0	0	0	
0	0	0	0	0	0	0	0	0	0	0	0	0	0	0	0	0	0	0	0	
0	0	0	0	0	0	0	0	0	0	0	0	0	0	0	0	0	0	0	0	
0	0	0	0	0	0	0	0	0	0	0	0	0	0	0	0	0	0	0	0	
0	0	0	0	0	0	0	0	0	0	0	0	0	0	0	0	0	0	0	0	
0	0	0	0	0	0	0	0	0	0	0	0	0	0	0	0	0	0	0	0	
0	0	0	0	0	0	0	0	0	0	0	0	0	0	0	0	0	0	0	0	
0	0	0	0	0	0	0	0	0	0	0	0	0	0	0	0	0	0	0	0	
0	0	0	0	0	0	0	0	0	0	0	0	0	0	0	0	0	0	0	0	
0	0	0	0	0	0	0	0	0	0	0	0	0	0	0	0	0	0	0	0	
0	0	0	0	0	0	0	0	0	0	0	0	0	0	0	0	0	0	0	0	
0	0	0	0	0	0	0	0	0	0	0	0	0	0	0	0	0	0	0	0	
0	0	0	0	0	0	0	0	0	0	0	0	0	0	0	0	0	0	0	0	
0	0	0	0	0	0	0	0	0	0	0	0	0	0	0	0	0	0	0	0	
0	0	0	0	0	0	0	0	0	0	0	0	0	0	0	0	0	0	0	0	
0	0	0	0	0	0	0	0	0	0	0	0	0	0	0	0	0	0	0	0	
0	0	0	0	0	0	0	0	0	0	0	0	0	0	0	0	0	0	0	0	
0	0	0	0	0	0	0	0	0	0	0	0	0	0	0	0	0	0	0	0	
0	0	0	0	0	0	0	0	0	0	0	0	0	0	0	0	0	0	0	0	
0	0	0	0	0	0	0	0	0	0	0	0	0	0	0	0	0	0	0	0	
0	0	0	0	0	0	0	0	0	0	0	0	0	0	0	0	0	0	0	0	
0	0	0	0	0	0	0	0	0	0	0	0	0	0	0	0	0	0	0	0	
0	0	0	0	0	0	0	0	0	0	0	0	0	0	0	0	0	0	0	0	
0	0	0	0	0	0	0	0	0	0	0	0	0	0	0	0	0	0	0	0	
0	0	0	0	0	0	0	0	0	0	0	0	0	0	0	0	0	0	0	0	
0	0	0	0	0	0	0	0	0	0	0	0	0	0	0	0	0	0	0	0	
0	0	0	0	0	0	0	0	0	0	0	0	0	0	0	0	0	0	0	0	
0	0	0	0	0	0	0	0	0	0	0	0	0	0	0	0	0	0	0	0	
0	0	0	0	0	0	0	0	0	0	0	0	0	0	0	0	0	0	0	0	
0	0	0	0	0	0	0	0	0	0	0	0	0	0	0	0	0	0	0	0	
0	0	0	0	0	0	0	0	0	0	0	0	0	0	0	0	0	0	0	0	
0	0	0	0	0	0	0	0	0	0	0	0	0	0	0	0	0	0	0	0	
0	0	0	0	0	0	0	0	0	0	0	0	0	0	0	0	0	0	0	0	
0	0	0	0	0	0	0	0	0	0	0	0	0	0	0	0	0	0	0	0	
0	0	0	0	0	0	0	0	0	0	0	0	0	0	0	0	0	0	0	0	
0	0	0	0	0	0	0	0	0	0	0	0	0	0	0	0	0	0	0	0	
0	0	0	0	0	0	0	0	0	0	0	0	0	0	0	0	0	0	0	0	
0	0	0	0	0	0	0	0	0	0	0	0	0	0	0	0	0	0	0	0	
0	0	0	0	0	0	0	0	0	0	0	0	0	0	0	0	0	0	0	0	
0	0	0	0	0	0	0	0	0	0	0	0	0	0	0	0	0	0	0	0	
0	0	0	0	0	0	0	0	0	0	0	0	0	0	0	0	0	0	0	0	
0	0	0	0	0	0	0	0	0	0	0	0	0	0	0	0	0	0	0	0	
0	0	0	0	0	0	0	0	0	0	0	0	0	0	0	0	0	0	0	0	
0	0	0	0	0	0	0	0	0	0	0	0	0	0	0	0	0	0	0	0	
0	0	0	0	0	0	0	0	0	0	0	0	0	0	0	0	0	0	0	0	
0	0	0	0	0	0	0	0	0	0	0	0	0	0	0	0	0	0	0	0	
0	0	0	0	0	0	0	0	0	0	0	0	0	0	0	0	0	0	0	0	
0	0	0	0	0	0	0	0	0	0	0	0	0	0	0	0	0	0	0	0	
0	0	0	0	0	0	0	0	0	0	0	0	0	0	0	0	0	0	0	0	
0	0	0	0	0	0	0	0	0	0	0	0	0	0	0	0	0	0	0	0	
0	0	0	0	0	0	0	0	0	0	0	0	0	0	0	0	0	0	0	0	
0	0	0	0	0	0	0	0	0	0	0	0	0	0	0	0	0	0	0	0	
0	0	0	0	0	0	0	0	0	0	0	0	0	0	0	0	0	0	0	0	
0	0	0	0	0	0	0	0	0	0	0	0	0	0	0	0	0	0	0	0	
0	0	0	0	0	0	0	0	0	0	0	0	0	0	0	0	0	0	0	0	
0	0	0	0	0	0	0	0	0	0	0	0	0	0	0	0	0	0	0	0	
0	0	0	0	0	0	0	0	0	0	0	0	0	0	0	0	0	0	0	0	
0	0	0	0	0	0	0	0	0	0	0	0	0	0	0	0	0	0	0	0	
0	0	0	0	0	0	0	0	0	0	0	0	0	0	0	0	0	0	0	0	
0	0	0	0	0	0	0	0	0	0	0	0	0	0	0	0	0	0	0	0	
0	0	0	0	0	0	0	0	0	0	0	0	0	0	0	0	0	0	0	0	
0	0	0	0	0	0	0	0	0	0	0	0	0	0	0	0	0	0	0	0	
0	0	0	0	0	0	0	0	0	0	0	0	0	0	0	0	0	0	0	0	
0	0	0	0	0	0	0	0	0	0	0	0	0	0	0	0	0	0	0	0	
0	0	0	0	0	0	0	0	0	0	0	0	0	0	0	0	0	0	0	0	
0	0	0	0	0	0	0	0	0	0	0	0	0	0	0	0	0	0	0	0	
0	0	0	0	0	0	0	0	0	0	0	0	0	0	0	0	0	0	0	0	
0	0	0	0	0	0	0	0	0	0	0	0	0	0	0	0	0	0	0	0	
0	0	0	0	0	0	0	0	0	0	0	0	0	0	0	0	0	0	0	0	
0	0	0	0	0	0	0	0	0	0	0	0	0	0	0	0	0	0	0	0	
0	0	0	0	0	0	0	0	0	0	0	0	0	0	0	0	0	0	0	0	
0	0	0	0	0	0	0	0	0	0	0	0	0	0	0	0	0	0	0	0	
0	0	0	0	0	0	0	0	0	0	0	0	0	0	0	0	0	0	0	
