-96.7145	-2582.75	1.90051
-96.0743	-2574.25	1.86793
-95.4653	-2566.25	1.80348
-94.8562	-2558.25	1.83152
-94.2548	-2549.75	1.85378
-93.6445	-2541.25	1.82353
-93.0123	-2533.25	1.75879
-92.3849	-2525.75	1.808
-91.8071	-2517.25	1.85061
-91.1796	-2509.25	1.89129
-90.5721	-2500.25	1.82203
-89.8774	-2493.25	1.78274
-89.2517	-2485.25	1.84426
-88.6398	-2477.25	1.80172
-87.9551	-2470.75	1.90658
-87.3626	-2460.75	2.06042
-86.7023	-2452.25	1.99206
-86.0722	-2443.25	1.99729
-85.4913	-2434.25	1.99261
-84.9105	-2425.25	1.95719
-84.2603	-2416.75	2.06857
-83.6757	-2406.25	2.06513
-82.9922	-2398.25	1.95282
-82.3314	-2390.25	1.99059
-81.7136	-2381.25	1.99577
-80.4767	-2363.25	2.21177
-79.9426	-2352.25	2.07641
-76.7702	-2308.75	2.1799
-76.2077	-2298.75	2.06132
-73.6566	-2261.25	2.35584
-72.4779	-2240.75	2.41483
-71.8848	-2231.25	2.26508
-71.2522	-2222.25	2.25342
-70.652	-2212.25	2.23574
-70.0129	-2203.25	2.21511
-69.4516	-2193.25	2.25265
-68.8902	-2183.25	2.31464
-68.358	-2172.25	2.28845
-67.7373	-2163.25	2.22224
-67.1458	-2153.25	2.29804
-66.5136	-2143.75	2.4018
-65.9394	-2132.75	2.44923
-65.3019	-2122.75	2.44771
-64.6598	-2112.75	2.48783
-64.0156	-2102.75	2.57532
-63.3615	-2091.75	2.56296
-62.6917	-2081.25	2.46968
-62.0077	-2071.25	2.43388
-61.4408	-2060.25	2.46018
-60.8542	-2049.75	2.48831
-60.2633	-2038.25	2.47113
-59.601	-2028.25	2.46044
-58.9725	-2017.25	2.57011
-58.3481	-2006.25	2.54136
-57.6899	-1996.25	2.53737
-57.0662	-1985.25	2.60698
-56.4617	-1973.75	2.64885
-55.8571	-1962.25	2.64623
-55.2944	-1950.25	2.61809
-54.7259	-1938.75	2.53756
-54.1312	-1927.75	2.60141
-53.5574	-1915.75	2.5469
-52.8947	-1906.25	2.65028
-52.2947	-1893.75	2.73633
-51.6192	-1883.25	2.79293
-51.022	-1870.25	2.82384
-50.3806	-1859.25	2.67461
-49.7391	-1848.25	2.68383
-49.1638	-1835.75	2.61481
-48.5463	-1825.25	2.4408
-47.9288	-1814.75	2.4959
-47.3229	-1803.25	2.55646
-46.6951	-1792.25	2.69041
-46.1257	-1779.25	2.68326
-45.4568	-1768.75	2.66038
-44.851	-1756.25	2.79648
-44.2214	-1744.25	2.76035
-43.5866	-1732.25	2.77037
-42.9518	-1720.25	2.7991
-42.2857	-1708.75	2.83982
-41.6746	-1695.25	2.89363
-41.021	-1683.25	2.872
-40.4085	-1670.25	2.84232
-39.7513	-1658.75	2.89252
-39.1184	-1646.25	2.9452
-38.4888	-1633.25	3.08583
-37.8876	-1619.25	3.11147
-37.2679	-1605.75	3.07927
-36.6464	-1592.25	3.23896
-36.0733	-1577.05	3.34031
-35.4784	-1562.75	3.56519
-34.9741	-1545.25	3.58638
-34.3105	-1532.25	3.21988
-33.5932	-1521.25	3.429
-33.0196	-1504.75	3.79069
-32.5046	-1488.25	3.60045
-31.9455	-1473.25	3.40162
-31.3569	-1458.75	3.3956
-30.7662	-1444.25	3.56837
-30.1905	-1428.25	3.89974
-29.5979	-1411.75	4.05229
-28.993	-1395.75	3.98181
-28.3124	-1381.25	3.97693
-27.6861	-1364.25	3.97797
-27.0885	-1346.75	3.93343
-24.0275	-1263.75	4.08102
-22.1649	-1212.25	4.07627
-20.8643	-1176.25	4.06791
-20.2502	-1158.25	4.10266
-19.659	-1140.25	4.0681
-19.048	-1122.75	4.16406
-18.4152	-1103.75	4.31787
-17.792	-1084.25	4.35293
-17.1477	-1065.75	4.40453
-16.5202	-1046.25	4.46396
-15.9021	-1026.25	4.57508
-15.2383	-1006.75	4.62148
-14.5947	-985.248	4.72569
-13.9345	-964.748	4.82229
-13.282	-943.248	5.04695
-12.6517	-920.248	5.06436
-11.9972	-898.748	5.15425
-11.3844	-875.248	5.52394
-10.7882	-850.748	5.71619
-10.1951	-825.248	5.97501
-9.60382	-798.748	6.36712
-9.01706	-771.748	6.50639
-8.38387	-743.448	6.70005
-7.71051	-718.248	6.86078
-7.12991	-685.748	7.20429
-6.5133	-655.748	7.35095
-5.96059	-620.748	7.60985
-5.29878	-590.048	8.07089
-4.71314	-551.748	9.17488
-4.1009	-512.948	10.0122
-3.4286	-473.048	12.0122
-2.87784	-418.348	15.063
-2.36532	-364.748	25.6012
-1.93133	-304.748	44.2061
-1.64734	-228.848	76.7833
-1.6869	-18.2479	375.773
22.1498	1253.2	3.81736
22.8183	1272.02	4.03568
24.1452	1306.17	3.73885
24.7779	1323.86	3.81745
25.4007	1341.4	3.77143
26.0274	1358.76	3.72697
27.2971	1389.74	3.62455
29.1549	1437.52	3.45031
31.0534	1483.72	3.23212
31.7058	1497.75	3.22395
32.3681	1511.28	3.19789
33.0216	1525.16	3.15084
33.6745	1538.56	3.0614
34.36	1550.67	3.10031
34.993	1564.75	2.97114
35.6403	1575.6	2.82437
36.23	1588.22	2.90815
36.828	1600.79	2.90847
37.4332	1613.41	2.93911
38.0205	1626.6	3.06837
38.5654	1640.88	3.04518
39.1402	1654.21	2.84739
39.7764	1665.41	2.77219
40.3648	1677.94	2.89671
40.9481	1690.68	2.86964
41.5663	1702.7	2.8157
42.2183	1713.66	2.91896
42.832	1726.75	2.95319
43.5193	1738.32	2.95125
44.1671	1751.35	3.00329
44.7926	1764.38	2.92913
46.023	1789.78	2.85558
46.6457	1801.52	2.7412
47.2435	1813.99	2.69637
47.8817	1825.21	2.64629
49.714	1860.97	2.76841
50.3147	1872.75	2.57511
