fixed_alpha/bp3-p3_n_l
1.4
1.44469
1.5176e-08
3.43915e-07
6.32958e-06
5.23235e-05
0.000313639
0.00145357
0.00487327
0.0177667
0.0468603
0.125334
0.342949
0.942628
2.43228
5.28554
9.77775
19.5478
24.4826
35.1416
52.5699
86.8408
103.295
91.8139
111.785
93.7846
91.9645
77.5664
76.3664
51.0365
46.318
43.7481
35.0186
20.8058
16.8839
12.1153
5.51648
2.12561
0.710704
0.246805
0.110404
0.0559462
0.0290854
0.00842585
0.00200315
0.000208769
2.38022e-05
2.49223e-06
1.42959e-07
7.34925e-09
1.51278e-11
6.38279e-19
