fixed_alpha/bp3-p4_n_l
1.4072
1.454
0
2.22689e-16
8.86533e-12
4.73288e-10
2.29662e-08
7.34488e-06
1.06594e-05
2.06494e-05
3.43202e-05
0.000136406
0.00146531
0.00586783
0.04058
0.149899
0.641379
0.770264
1.72121
3.75852
6.49952
7.75809
9.72772
13.4611
20.9716
24.9795
83.3149
105.166
49.8409
135.898
88.0036
84.8024
152.833
106.331
28.9685
96.4169
17.2075
18.2497
8.36296
1.3328
0.436371
0.257769
0.163449
0.158011
0.100234
0.0331023
0.00934094
0.00157895
0.0001736
1.07266e-05
6.10971e-07
1.47005e-18
