unknownMP	3
n_l	1.4	1.46	50
theta_0	-0.002	0.002	20
N_0	0	1	20

0	
0	0	0	0	0	0	0	0	0	0	0	0	0	0	0	0	0	0	0	0	
0	0	4.16992e-45	1.03421e-39	1.55254e-34	7.55483e-10	1.32968e-09	0.00188396	6.81509e-09	0.0603444	2.13601	1.52969	32.9955	53.0562	160.253	1088.88	252.354	16180.2	4.20499e+06	76797.9	
7.06669e+07	11612.4	6261.38	74586.1	102847	363025	494578	2.78155e+06	985322	0	0	0	0	0	0	0	0	0	0	0	
0	0	0	0	0	0	0	0	0	0	1.28564e-46	1.02372e-37	6.15429e-36	1.90236e-31	6.88577e-21	1.01765e-14	1.53705e-10	2.19898e-13	6.79083e-09	8.05997e-09	
1.14362e-07	5.26154e-07	9.55177e-07	3.53704e-06	2.72375e-05	1.64747e-05	5.88505e-05	1.68266e-05	0.000319378	0.000710463	0.0010394	0.00424785	0.00376267	0.0167062	0.0318109	0.00815125	3.36775	0.0173702	5.64047	0	
0	0	0	0	0	0	0	0	0	0	0	0	0	0	0	0	0	0	0	1.78882e-35	
1.96015e-34	8.84374e-35	3.22303e-18	9.30475e-27	2.33662e-16	5.09932e-15	1.1574e-15	1.68895e-13	4.23883e-14	1.88364e-12	2.88448e-13	2.56611e-12	5.13172e-12	3.79603e-11	2.05675e-11	4.37218e-11	2.45019e-10	5.85198e-11	1.34396e-09	1.48297e-10	
3.56764e-09	1.24753e-08	6.90093e-10	9.52813e-10	6.38547e-09	5.57237e-09	2.42167e-07	5.58536e-08	3.63091e-06	0	0	0	0	0	0	0	0	0	0	0	
0	0	0	0	0	0	0	4.76187e-34	5.86207e-31	1.32462e-24	5.94931e-25	4.31864e-23	4.88679e-21	1.89321e-20	1.75097e-19	1.03799e-18	7.67427e-18	1.93366e-17	5.48604e-17	5.41041e-16	
7.07066e-16	1.69716e-16	9.51661e-15	4.3367e-15	7.50007e-15	2.86632e-15	6.16373e-15	7.54597e-15	1.30266e-15	3.31016e-15	1.80322e-15	2.33827e-15	1.53521e-15	4.0209e-14	3.55292e-16	3.96888e-14	3.83833e-16	3.15357e-15	1.62691e-16	0	
0	0	0	0	0	0	0	0	0	0	0	0	0	0	0	2.91045e-48	8.43408e-40	9.4084e-34	1.06494e-29	6.49513e-27	
1.22424e-26	3.4315e-26	1.40965e-24	1.04811e-24	2.05125e-23	3.71752e-23	1.69695e-22	1.30095e-20	7.50602e-22	7.70429e-20	2.12002e-18	5.34189e-19	7.25422e-18	1.58868e-18	1.19458e-16	5.1367e-17	6.98807e-17	9.49043e-17	2.9789e-17	7.20957e-17	
8.96647e-17	4.00185e-17	6.51491e-17	1.38509e-17	5.72405e-18	1.25598e-17	1.93109e-18	1.51433e-18	3.05149e-18	0	0	0	0	0	0	0	0	0	0	0	
0	0	8.72738e-84	4.70669e-50	5.31084e-49	8.07873e-46	9.89661e-44	5.78397e-41	5.76465e-43	8.37252e-41	2.11455e-39	1.25108e-39	2.91154e-38	3.87186e-38	2.52435e-36	1.37122e-36	4.68917e-36	1.71223e-35	1.27453e-35	5.20288e-34	
1.75346e-34	5.07421e-34	1.35155e-33	6.76178e-34	2.08387e-33	1.40829e-33	2.0781e-34	3.84032e-33	3.75101e-33	1.75188e-33	6.75096e-34	3.55539e-33	6.70983e-37	1.2258e-35	1.00587e-37	4.02569e-37	1.71009e-38	4.04623e-39	2.20887e-39	0	
0	0	0	0	0	0	0	0	0	0	1.10336e-51	1.13265e-42	2.33199e-41	1.14417e-40	1.14648e-38	2.89166e-37	2.22387e-38	1.29871e-37	2.01961e-36	5.45672e-37	
4.5215e-36	3.97503e-36	2.08961e-36	3.55953e-35	2.26256e-36	3.09535e-35	1.21921e-35	5.63067e-35	2.35289e-36	8.75526e-35	1.05543e-35	3.08192e-35	8.08041e-36	3.82811e-34	8.57683e-36	7.83136e-37	6.51281e-36	9.09998e-38	4.3877e-37	2.34637e-39	
1.06257e-38	2.25568e-39	1.01785e-38	2.90719e-39	2.14892e-43	7.19533e-45	1.39383e-47	1.96618e-47	4.56611e-62	0	0	0	0	0	0	0	0	0	3.18088e-61	1.33622e-51	
2.47751e-42	8.20053e-34	1.43628e-29	7.76846e-28	6.63003e-29	1.27393e-26	4.37445e-25	5.2661e-25	5.93675e-25	5.56319e-23	7.70964e-24	1.6599e-22	2.24482e-22	8.49114e-22	6.22873e-21	9.89261e-22	1.51894e-20	1.69621e-21	3.7881e-20	7.47318e-21	
4.98518e-20	6.94224e-21	3.46738e-20	7.19e-21	1.85965e-20	2.96024e-21	2.66055e-21	1.49138e-21	2.65531e-22	5.39032e-22	1.73312e-23	2.48078e-24	6.00116e-25	3.94982e-25	6.13696e-27	2.57111e-28	8.98157e-30	1.21242e-32	4.3354e-41	0	
0	0	0	0	0	0	0	5.25831e-79	3.08062e-75	1.48078e-61	1.32844e-43	1.16552e-39	1.98355e-38	3.11334e-37	5.44398e-37	8.32927e-36	2.23494e-34	1.69272e-34	2.02762e-33	1.31523e-32	
5.65929e-33	1.39713e-30	3.39577e-31	7.42299e-31	4.78969e-30	7.02328e-31	4.67499e-32	5.64675e-32	3.77359e-30	6.91268e-30	2.73446e-30	4.62115e-31	2.10124e-29	2.64983e-29	3.46969e-31	7.16956e-32	3.17791e-31	4.07889e-33	1.12066e-31	5.64428e-34	
2.83877e-31	2.46125e-32	2.68798e-34	1.11265e-34	1.76031e-37	6.01036e-42	2.99021e-37	1.52397e-51	1.38797e-69	0	0	0	0	0	0	0	1.51193e-90	3.07067e-68	8.49599e-41	1.09378e-32	
3.72477e-30	7.29562e-29	1.08176e-31	6.30538e-28	7.72851e-27	2.87868e-27	2.21284e-26	6.35262e-26	1.58474e-26	1.3454e-24	2.44367e-24	1.67125e-24	5.41489e-24	3.21284e-24	3.82105e-23	1.75772e-24	2.4251e-23	1.06456e-23	2.34956e-23	2.83263e-24	
1.66137e-23	1.33639e-24	2.28519e-24	6.50808e-25	1.66234e-24	1.32984e-25	6.51307e-25	2.14248e-26	1.02069e-26	2.75702e-27	1.64118e-28	2.21965e-28	1.49536e-31	9.58536e-34	3.57062e-40	0	0	0	0	0	
0	0	0	0	0	0	0	0	0	0	0	0	0	0	0	0	0	0	0	0	
0	0	0	0	0	0	0	0	0	0	0	0	0	0	0	0	0	0	0	0	
0	0	0	0	0	0	0	0	0	0	0	0	0	0	0	0	0	0	0	0	
0	0	0	0	0	0	0	0	0	0	0	0	0	0	0	0	0	0	0	0	
0	0	0	0	0	0	0	0	0	0	0	0	0	0	0	0	0	0	0	0	
0	0	0	0	0	0	0	0	0	0	0	0	0	0	0	0	0	0	0	0	
0	0	0	0	0	0	0	0	0	0	0	0	0	0	0	0	0	0	0	0	
0	0	0	0	0	0	0	0	0	0	0	0	0	0	0	0	0	0	0	0	
0	0	0	0	0	0	0	0	0	0	0	0	0	0	0	0	0	0	0	0	
0	0	0	0	0	0	0	0	0	0	0	0	0	0	0	0	0	0	0	0	
0	0	0	0	0	0	0	0	0	0	0	0	0	0	0	0	0	0	0	0	
0	0	0	0	0	0	0	0	0	0	0	0	0	0	0	0	0	0	0	0	
0	0	0	0	0	0	0	0	0	0	0	0	0	0	0	0	0	0	0	0	
0	0	0	0	0	0	0	0	0	0	0	0	0	0	0	0	0	0	0	0	
0	0	0	0	0	0	0	0	0	0	0	0	0	0	0	0	0	0	0	0	
0	0	0	0	0	0	0	0	0	0	0	0	0	0	0	0	0	0	0	0	
0	0	0	0	0	0	0	0	0	0	0	0	0	0	0	0	0	0	0	0	
0	0	0	0	0	0	0	0	0	0	0	0	0	0	0	0	0	0	0	0	
0	0	0	0	0	0	0	0	0	0	0	0	0	0	0	0	0	0	0	0	
0	0	0	0	0	0	0	0	0	0	0	0	0	0	0	0	0	0	0	0	
0	0	0	0	0	0	0	0	0	0	0	0	0	0	0	0	0	0	0	0	
0	0	0	0	0	0	0	0	0	0	0	0	0	0	0	0	0	0	0	0	
0	0	0	0	0	0	0	0	0	0	0	0	0	0	0	0	0	0	0	0	
0	0	0	0	0	0	0	0	0	0	0	0	0	0	0	0	0	0	0	0	
0	0	0	0	0	0	0	0	0	0	0	0	0	0	0	0	0	0	0	0	
0	0	0	0	0	0	0	0	0	0	0	0	0	0	0	0	0	0	0	0	
0	0	1.2805e-38	5.34241e-35	9.1975e-33	7.84129e-11	4.01452e-11	1.11266e-06	2.48061e-07	6.68446e-05	0.000184732	0.00308493	0.00305188	0.130053	0.0161388	1.78029	0.340218	6.83986	7.63364	14.8495	
57.2099	83.6876	153.781	507.302	620.388	267.542	4852.52	285.676	443.324	0	0	0	0	0	0	0	0	0	0	0	
0	0	0	0	0	0	0	0	0	0	1.18947e-39	2.22232e-35	2.24704e-36	3.45374e-08	3.64524e-22	1.98986e-07	0.000475718	0.000119587	0.0106642	0.00204923	
1.89916	4.60614	39.8939	197.14	59.0301	3335.28	140.591	35569.8	1425.46	296158	1807.41	55282.2	59763.4	14.391	5322.86	189.847	26.9945	2.88272	0.0954187	0	
0	0	0	0	0	0	0	0	0	0	0	0	0	0	0	0	0	0	6.66089e-48	3.52323e-37	
1.22985e-37	9.77838e-33	2.68999e-21	8.40568e-31	6.01252e-19	4.36296e-18	1.44185e-17	2.98412e-17	1.42381e-12	2.19257e-15	3.4547e-11	5.38028e-11	6.61072e-09	7.72758e-07	2.29807e-08	1.59758e-08	2.51232e-07	4.54769e-05	0.00135199	1.67455e-07	
0.00176059	0.0037991	1.41835e-05	1.38768e-06	2.37886e-05	6.94965e-06	1.21646e-05	1.31892e-05	0.0134358	0	0	0	0	0	0	0	0	0	0	0	
0	0	0	0	0	0	0	1.72037e-39	2.17036e-33	6.65071e-30	1.38056e-28	8.74492e-29	1.59579e-26	1.89534e-25	1.66981e-24	1.43268e-22	5.74492e-24	2.50695e-23	8.1832e-23	9.14693e-22	
4.16355e-22	1.24613e-18	1.19715e-21	1.38911e-21	1.15792e-20	1.51557e-19	2.79635e-16	8.05809e-22	1.07909e-16	3.26064e-21	3.33517e-19	1.13128e-15	1.08329e-20	4.57782e-22	1.11185e-18	1.31286e-21	1.93982e-17	3.96763e-18	1.62201e-15	0	
0	0	0	0	0	0	0	0	0	0	0	0	0	0	0	5.19074e-53	1.23423e-30	1.03805e-31	1.15359e-29	1.5258e-26	
2.91295e-27	1.56069e-25	3.19283e-24	3.94185e-23	5.66558e-23	2.40784e-22	7.26703e-21	3.47018e-21	6.46383e-20	9.9809e-21	8.9746e-19	1.94613e-19	1.75436e-18	1.78139e-19	6.00354e-18	5.59497e-19	5.84851e-19	9.68676e-19	2.79763e-19	6.1073e-19	
3.10421e-19	2.06633e-19	1.11161e-19	3.58694e-20	2.02178e-19	1.23098e-19	2.13691e-20	1.00973e-20	1.01663e-20	0	0	0	0	0	0	0	0	0	0	0	
0	0	0	1.05037e-70	5.46553e-56	9.54325e-53	2.46067e-53	1.36593e-47	4.88655e-49	2.24515e-47	9.14114e-46	1.13049e-45	8.55116e-43	1.21428e-43	3.30619e-42	3.18609e-42	4.62459e-42	4.18449e-39	3.08601e-42	2.07731e-39	
5.64767e-39	3.87006e-38	2.05498e-36	1.51586e-38	1.29236e-37	6.89915e-37	9.59183e-38	1.36428e-34	3.99876e-38	7.02515e-38	3.34023e-38	6.04444e-38	2.71192e-41	1.77237e-39	1.26787e-38	1.43327e-43	4.29633e-40	8.78133e-43	8.22614e-43	0	
0	0	0	0	0	0	0	0	0	2.94623e-75	1.10395e-46	4.54595e-41	6.10869e-36	4.23533e-34	3.82701e-35	6.1898e-34	4.09789e-32	9.85099e-33	6.57081e-33	3.2348e-31	
6.1483e-33	1.48246e-32	1.15289e-32	3.17735e-32	5.84161e-33	1.89256e-30	2.17551e-31	1.14353e-32	5.95031e-33	6.07521e-32	4.44268e-33	5.28909e-33	3.2177e-33	1.06464e-33	3.23012e-34	6.87573e-34	8.57726e-35	1.7652e-35	5.03826e-36	4.48522e-37	
1.28894e-37	6.57058e-37	1.84593e-39	1.11078e-39	1.79146e-43	7.06753e-45	3.72538e-45	2.54069e-49	1.46152e-58	0	0	0	0	0	0	0	0	0	1.79776e-56	3.93556e-56	
6.05323e-43	1.83211e-39	6.00826e-35	1.92635e-32	1.68944e-30	5.94518e-32	1.78546e-30	2.3176e-30	2.60459e-29	3.97547e-28	4.89734e-29	4.63131e-28	2.69558e-26	3.00202e-27	3.89338e-26	2.84856e-27	1.50555e-26	2.23463e-26	8.3233e-26	4.31773e-26	
1.93268e-26	1.78979e-25	4.94854e-27	1.31824e-25	1.83092e-26	1.07088e-25	1.19441e-26	1.38938e-26	3.47228e-27	6.7327e-28	1.14053e-27	1.23557e-28	1.28201e-28	3.23607e-29	1.23678e-30	4.14677e-31	3.63835e-33	1.36889e-33	7.90158e-39	0	
0	0	0	0	0	0	0	1.83648e-81	1.03797e-77	1.97137e-40	7.49037e-33	2.85681e-37	9.45419e-30	3.27145e-28	1.5238e-27	1.19411e-26	2.95904e-26	2.46248e-27	1.3247e-28	3.81368e-25	
4.83843e-27	1.00057e-26	5.63281e-25	1.23668e-25	3.00407e-25	1.63718e-24	5.99343e-24	1.83101e-25	5.84773e-25	2.35141e-23	2.07151e-27	7.39729e-24	3.84658e-24	1.95592e-26	5.11365e-27	6.19297e-26	9.27389e-27	5.27405e-28	4.16264e-27	2.51368e-29	
6.07011e-28	5.55065e-31	2.00064e-30	6.25863e-33	7.2218e-31	2.95599e-37	1.44161e-40	3.43386e-56	0	0	0	0	0	0	0	0	4.10079e-76	9.19798e-47	4.66961e-45	5.36869e-40	
1.40866e-34	8.28379e-37	1.95814e-38	5.84898e-33	2.6657e-33	2.79944e-35	7.68837e-34	7.96915e-33	1.2609e-33	3.40282e-33	3.75685e-32	1.35134e-32	1.44875e-31	1.82219e-33	9.06896e-32	1.65361e-32	1.33758e-31	1.29354e-31	9.73124e-33	9.19048e-33	
3.80618e-33	3.20137e-33	2.34181e-34	9.17798e-34	3.49802e-33	3.96347e-35	2.96508e-34	1.82729e-35	4.47995e-36	4.7536e-37	6.70353e-38	3.93977e-41	9.96146e-41	3.24637e-44	0	0	0	0	0	0	
0	0	0	0	0	0	0	0	0	0	0	0	0	0	0	0	0	0	0	0	
0	0	0	0	0	0	0	0	0	0	0	0	0	0	0	0	0	0	0	0	
0	0	0	0	0	0	0	0	0	0	0	0	0	0	0	0	0	0	0	0	
0	0	0	0	0	0	0	0	0	0	0	0	0	0	0	0	0	0	0	0	
0	0	0	0	0	0	0	0	0	0	0	0	0	0	0	0	0	0	0	0	
0	0	0	0	0	0	0	0	0	0	0	0	0	0	0	0	0	0	0	0	
0	0	0	0	0	0	0	0	0	0	0	0	0	0	0	0	0	0	0	0	
0	0	0	0	0	0	0	0	0	0	0	0	0	0	0	0	0	0	0	0	
0	0	0	0	0	0	0	0	0	0	0	0	0	0	0	0	0	0	0	0	
0	0	0	0	0	0	0	0	0	0	0	0	0	0	0	0	0	0	0	0	
0	0	0	0	0	0	0	0	0	0	0	0	0	0	0	0	0	0	0	0	
0	0	0	0	0	0	0	0	0	0	0	0	0	0	0	0	0	0	0	0	
0	0	0	0	0	0	0	0	0	0	0	0	0	0	0	0	0	0	0	0	
0	0	0	0	0	0	0	0	0	0	0	0	0	0	0	0	0	0	0	0	
0	0	0	0	0	0	0	0	0	0	0	0	0	0	0	0	0	0	0	0	
0	0	0	0	0	0	0	0	0	0	0	0	0	0	0	0	0	0	0	0	
0	0	0	0	0	0	0	0	0	0	0	0	0	0	0	0	0	0	0	0	
0	0	0	0	0	0	0	0	0	0	0	0	0	0	0	0	0	0	0	0	
0	0	0	0	0	0	0	0	0	0	0	0	0	0	0	0	0	0	0	0	
0	0	0	0	0	0	0	0	0	0	0	0	0	0	0	0	0	0	0	0	
0	0	0	0	0	0	0	0	0	0	0	0	0	0	0	0	0	0	0	0	
0	0	0	0	0	0	0	0	0	0	0	0	0	0	0	0	0	0	0	0	
0	0	0	0	0	0	0	0	0	0	0	0	0	0	0	0	0	0	0	0	
0	0	0	0	0	0	0	0	0	0	0	0	0	0	0	0	0	0	0	0	
0	0	0	0	0	0	0	0	0	0	0	0	0	0	0	0	0	0	0	0	
0	0	0	0	0	0	0	0	0	0	0	0	0	0	0	0	0	0	0	0	
0	4.74778e-52	4.61658e-42	1.34671e-42	1.03469e-40	2.66143e-34	1.00402e-12	1.4522e-17	2.88179e-11	3.53177e-08	3.69798e-09	4.70059e-07	2.04605e-07	0.000150652	0.0148337	0.0679899	1.41513	4.66776	123.622	224.968	
181.047	1247.09	1932.61	25582.6	20750.5	2153.99	34779.4	12642.1	8047.78	0	0	0	0	0	0	0	0	0	0	0	
0	0	0	0	0	0	0	0	0	4.6473e-47	1.66285e-44	1.81529e-41	5.84085e-41	4.65862e-17	5.01784e-34	2.18343e-05	4.4593e-13	0.000122404	0.00616159	0.00630454	
0.170322	0.00992526	0.0159734	0.289218	0.161139	0.79389	0.130487	0.847468	0.154063	0.0590843	8.49038	0.306124	0.741573	1.58877	1.47588	1.51145	6.72353	4.22301	8.61308	0	
0	0	0	0	0	0	0	0	0	0	0	0	0	0	0	0	0	0	1.88983e-44	8.59048e-45	
4.1584e-41	3.85627e-39	2.35812e-32	3.0507e-37	1.48036e-31	1.45143e-30	8.23295e-27	1.12494e-27	1.0911e-28	1.07668e-23	6.8202e-24	5.98581e-23	2.57677e-19	2.53758e-20	3.85604e-18	7.17639e-19	6.77891e-18	1.78893e-17	4.27346e-14	3.95169e-17	
2.69946e-17	1.01123e-16	1.15855e-16	1.36658e-17	1.05525e-16	2.52726e-18	1.66311e-17	5.19636e-18	3.40182e-15	0	0	0	0	0	0	0	0	0	0	0	
0	0	0	0	0	0	2.28953e-48	1.96996e-39	2.20254e-34	2.70394e-28	3.99147e-26	2.30932e-28	1.19743e-24	8.17228e-24	1.75781e-24	1.86094e-22	2.78395e-23	8.57049e-22	1.57546e-22	1.29608e-21	
2.84815e-21	3.59136e-21	1.15329e-20	7.77082e-21	5.17096e-20	4.83501e-20	7.69035e-20	3.14574e-19	1.03541e-19	3.0827e-19	1.85455e-19	6.41727e-19	2.30111e-19	1.18065e-19	2.47896e-19	3.4113e-20	5.07882e-19	1.87563e-19	9.15408e-21	0	
0	0	0	0	0	0	0	0	0	0	0	0	0	0	0	1.42885e-44	3.28261e-34	1.00871e-30	1.08735e-30	1.44114e-28	
4.49271e-28	4.8967e-28	1.32402e-25	3.23408e-26	3.70039e-26	1.30347e-25	1.87912e-24	3.29053e-23	3.02036e-24	2.75224e-22	6.88359e-24	3.84636e-22	3.32007e-22	2.65981e-23	8.83492e-23	6.98071e-23	6.30828e-23	2.89703e-22	3.52305e-23	2.63117e-23	
1.13132e-22	2.00776e-22	2.8838e-24	1.25534e-24	6.92438e-25	3.12592e-25	2.7963e-26	4.9656e-27	3.22599e-27	0	0	0	0	0	0	0	0	0	0	0	
0	0	0	9.18208e-55	6.1497e-46	1.81377e-45	2.04446e-34	7.48138e-33	6.45898e-35	1.38805e-30	1.75332e-30	1.62309e-30	1.35378e-28	8.99855e-29	1.05302e-27	2.28279e-27	9.22268e-28	1.04687e-26	2.74107e-27	2.49283e-27	
2.31306e-26	2.48379e-26	5.40846e-26	4.18906e-26	2.68857e-25	8.79635e-26	4.08847e-24	1.46097e-25	1.52846e-24	1.95675e-25	1.76608e-25	4.24269e-25	1.00428e-25	6.07564e-27	1.3812e-26	1.39299e-27	3.84271e-29	1.8785e-28	3.35375e-31	0	
0	0	0	0	0	0	0	0	0	0	1.50825e-48	6.58416e-40	2.63916e-39	1.53326e-39	1.45491e-37	1.57599e-37	2.60854e-37	2.83764e-37	5.46876e-36	4.0036e-36	
4.78132e-36	7.15658e-36	5.77803e-36	1.38001e-35	1.2273e-35	5.51241e-34	1.29811e-35	4.04084e-35	7.79701e-36	5.45777e-36	6.98434e-36	9.27245e-36	3.51004e-36	5.98398e-37	4.29269e-37	9.8972e-37	8.37093e-39	2.67664e-38	1.71676e-40	4.37215e-40	
5.0828e-43	3.31288e-42	1.01991e-42	1.19968e-45	2.00803e-48	1.91897e-48	7.27285e-54	6.12755e-57	4.18507e-56	0	0	0	0	0	0	0	0	0	2.4577e-58	1.6754e-57	
1.1435e-45	7.49259e-31	2.2045e-29	4.3068e-24	1.15473e-23	7.66721e-22	2.53096e-21	6.16332e-20	9.93818e-21	9.86645e-19	8.11075e-19	5.62884e-19	8.46997e-17	1.69753e-17	3.07263e-16	1.27791e-16	7.36324e-16	4.45108e-16	3.87604e-16	7.75611e-15	
3.00568e-16	6.25313e-15	6.66039e-16	4.73174e-16	2.53836e-16	5.0428e-16	1.81015e-16	4.15226e-17	2.33537e-17	9.78127e-18	2.27357e-18	6.09734e-18	1.23349e-19	1.0235e-19	1.17155e-21	5.8553e-21	2.09078e-24	1.23152e-30	1.50532e-37	0	
0	0	0	0	0	0	4.78331e-90	1.60365e-88	7.84979e-59	1.00615e-31	3.14724e-31	5.06307e-29	5.4816e-28	1.13782e-25	2.46689e-25	9.52723e-25	7.09809e-22	2.93504e-23	1.01048e-22	5.86502e-20	
7.16744e-21	1.5511e-21	3.02085e-21	8.34762e-20	7.34799e-21	7.04316e-22	7.33315e-20	6.41922e-20	1.91136e-20	2.09083e-21	2.11461e-20	1.0935e-20	9.21557e-21	6.327e-21	2.79824e-20	3.02627e-22	1.28026e-21	1.33519e-22	2.98828e-22	1.6494e-23	
1.03417e-24	6.81388e-24	6.94367e-27	1.19113e-25	8.05929e-34	6.23239e-30	5.67788e-41	0	0	0	0	0	0	0	0	3.1301e-102	1.01659e-49	1.09286e-54	6.74004e-53	2.00005e-49	
1.24796e-46	1.13978e-45	4.24874e-43	1.22628e-44	9.24814e-43	2.4872e-42	5.82576e-42	4.13686e-43	6.46842e-42	4.82672e-41	1.94379e-40	3.91956e-42	6.40672e-42	7.77971e-41	1.16148e-41	1.75657e-41	2.04031e-42	1.34407e-41	7.90145e-42	2.09875e-43	
4.27147e-41	3.30461e-42	3.96336e-43	5.13146e-45	5.94085e-45	1.54088e-43	2.68826e-46	3.21588e-44	8.94112e-48	1.59927e-52	5.16214e-50	1.46337e-55	7.89002e-52	0	0	0	0	0	0	0	
0	0	0	0	0	0	0	0	0	0	0	0	0	0	0	0	0	0	0	0	
0	0	0	0	0	0	0	0	0	0	0	0	0	0	0	0	0	0	0	0	
0	0	0	0	0	0	0	0	0	0	0	0	0	0	0	0	0	0	0	0	
0	0	0	0	0	0	0	0	0	0	0	0	0	0	0	0	0	0	0	0	
0	0	0	0	0	0	0	0	0	0	0	0	0	0	0	0	0	0	0	0	
0	0	0	0	0	0	0	0	0	0	0	0	0	0	0	0	0	0	0	0	
0	0	0	0	0	0	0	0	0	0	0	0	0	0	0	0	0	0	0	0	
0	0	0	0	0	0	0	0	0	0	0	0	0	0	0	0	0	0	0	0	
0	0	0	0	0	0	0	0	0	0	0	0	0	0	0	0	0	0	0	0	
0	0	0	0	0	0	0	0	0	0	0	0	0	0	0	0	0	0	0	0	
0	0	0	0	0	0	0	0	0	0	0	0	0	0	0	0	0	0	0	0	
0	0	0	0	0	0	0	0	0	0	0	0	0	0	0	0	0	0	0	0	
0	0	0	0	0	0	0	0	0	0	0	0	0	0	0	0	0	0	0	0	
0	0	0	0	0	0	0	0	0	0	0	0	0	0	0	0	0	0	0	0	
0	0	0	0	0	0	0	0	0	0	0	0	0	0	0	0	0	0	0	0	
0	0	0	0	0	0	0	0	0	0	0	0	0	0	0	0	0	0	0	0	
0	0	0	0	0	0	0	0	0	0	0	0	0	0	0	0	0	0	0	0	
0	0	0	0	0	0	0	0	0	0	0	0	0	0	0	0	0	0	0	0	
0	0	0	0	0	0	0	0	0	0	0	0	0	0	0	0	0	0	0	0	
0	0	0	0	0	0	0	0	0	0	0	0	0	0	0	0	0	0	0	0	
0	0	0	0	0	0	0	0	0	0	0	0	0	0	0	0	0	0	0	0	
0	0	0	0	0	0	0	0	0	0	0	0	0	0	0	0	0	0	0	0	
0	0	0	0	0	0	0	0	0	0	0	0	0	0	0	0	0	0	0	0	
0	0	0	0	0	0	0	0	0	0	0	0	0	0	0	0	0	0	0	0	
0	0	0	0	0	0	0	0	0	0	0	0	0	0	0	0	0	0	0	0	
0	0	0	0	0	0	0	0	0	0	0	0	0	0	0	0	0	0	0	0	
0	3.87116e-54	2.65674e-43	2.67249e-44	1.70685e-19	2.80432e-13	2.05485e-06	4.7349e-12	5.09831e-06	4.83171e-05	7.56336e-05	0.000825448	0.00339664	0.00029952	0.00376272	0.0329506	26.4696	1.15128	1.49996	156.844	
6.97923	6.57067	23.6257	292.656	2.82053	5.08922	0.240173	10.6096	0.0542576	0	0	0	0	0	0	0	0	0	0	0	
0	0	0	0	0	0	0	0	0	1.68229e-44	8.24879e-46	6.40307e-38	9.73612e-36	2.1706e-29	1.90107e-23	3.43228e-22	4.5357e-26	3.63525e-19	6.27533e-22	2.8373e-21	
9.82505e-19	1.49165e-19	8.91019e-21	3.44899e-19	1.91621e-19	3.59127e-19	1.83489e-18	2.81737e-19	1.353e-17	1.3782e-17	2.7515e-16	5.61618e-17	5.41466e-18	2.52144e-16	5.77984e-20	2.5823e-20	4.92746e-20	3.06736e-20	8.70386e-21	0	
0	0	0	0	0	0	0	0	0	0	0	0	0	0	0	0	0	0	1.70091e-48	3.76684e-40	
4.24284e-40	9.17019e-37	1.33197e-35	2.29947e-35	1.53941e-33	2.61026e-32	1.14186e-30	8.64879e-32	1.01707e-31	3.01938e-30	1.04216e-29	5.79484e-29	4.42606e-28	7.43753e-28	3.63086e-25	1.64435e-26	3.46144e-24	8.97239e-25	1.13925e-23	1.55179e-24	
1.70068e-24	3.66345e-24	9.94092e-25	1.86749e-24	1.06413e-24	1.10324e-25	1.88947e-25	4.0423e-26	4.05404e-27	0	0	0	0	0	0	0	0	0	0	0	
0	0	0	0	0	0	2.14637e-44	1.83121e-38	3.05202e-35	2.12164e-31	1.30658e-30	3.27666e-31	1.53988e-28	1.02224e-28	1.09216e-27	2.56902e-27	7.87562e-27	2.4962e-26	1.21886e-27	8.33815e-26	
5.77356e-27	4.37084e-27	1.02102e-26	2.2966e-26	5.1564e-26	2.64605e-26	6.03138e-26	2.89607e-26	7.25068e-26	9.60992e-27	7.87273e-26	3.11229e-26	9.96798e-27	9.2749e-27	7.75788e-28	7.30585e-28	7.60551e-29	1.19939e-29	1.20606e-29	0	
0	0	0	0	0	0	0	0	0	0	0	0	0	0	1.18252e-54	5.3272e-37	9.09959e-23	3.64158e-21	4.98363e-22	7.08339e-20	
2.16965e-18	2.79981e-18	2.80163e-17	4.69045e-17	7.75697e-17	1.0261e-16	9.02138e-16	5.3724e-15	2.62289e-15	1.11114e-14	1.25467e-14	2.44648e-14	5.76017e-14	4.46443e-15	8.00966e-15	8.50784e-15	2.33264e-15	4.56686e-15	7.70485e-16	9.16507e-16	
4.99549e-16	1.93858e-16	1.73938e-17	1.45645e-17	1.43392e-17	6.36715e-19	4.67536e-19	4.38853e-19	1.03431e-20	0	0	0	0	0	0	0	0	0	0	0	
0	0	8.25328e-70	1.4702e-54	8.29823e-46	7.41797e-52	5.17965e-45	1.67437e-42	1.24039e-41	6.06159e-41	1.0593e-39	1.68686e-39	2.77957e-39	1.02926e-35	7.43425e-39	3.26637e-38	1.82184e-35	3.37772e-34	1.4549e-34	3.30917e-34	
1.33847e-34	1.28911e-33	1.46591e-33	1.19651e-33	1.06515e-33	3.03182e-34	1.72042e-33	1.33016e-34	6.08307e-34	2.65879e-34	1.19589e-34	8.0491e-35	5.33545e-35	7.11259e-36	5.0124e-35	1.02003e-38	1.89662e-36	8.81725e-41	4.91483e-39	0	
0	0	0	0	0	0	0	0	0	4.69136e-55	2.30571e-53	1.93863e-49	8.21799e-49	3.51607e-49	7.97666e-47	4.97662e-46	1.93936e-46	3.9667e-46	1.50325e-45	7.47564e-46	
1.11429e-45	2.06957e-45	5.8887e-45	9.02492e-45	3.77673e-45	1.04606e-43	5.32032e-45	2.63691e-44	1.25351e-45	7.20018e-45	5.5362e-46	6.49843e-45	1.0434e-46	2.4307e-46	8.31544e-47	2.53387e-48	3.49234e-47	1.77882e-49	3.52278e-48	7.74668e-49	
2.96848e-50	2.79784e-50	6.49859e-53	6.6049e-53	8.07274e-57	4.20285e-55	3.87408e-61	2.20874e-67	1.00209e-63	0	0	0	0	0	0	0	0	0	4.42656e-65	8.39503e-58	
4.17298e-34	1.43617e-17	2.11418e-19	4.36053e-17	1.18465e-16	4.59376e-15	6.08473e-15	1.92852e-13	4.85333e-12	4.91473e-13	3.30763e-13	1.01393e-12	2.55709e-11	2.0038e-10	3.37168e-11	2.01196e-10	4.39471e-12	2.9052e-10	1.49781e-10	1.64894e-10	
9.50782e-11	3.62954e-10	8.57092e-11	1.33844e-10	9.12938e-11	1.05768e-10	3.37665e-12	2.74855e-11	9.66221e-13	4.52338e-12	3.41396e-13	7.29751e-15	6.14045e-15	3.3623e-16	6.33694e-16	3.57452e-19	3.37979e-19	3.71737e-23	1.27673e-50	0	
0	0	0	0	0	0	1.66247e-108	2.56421e-86	4.43088e-34	1.76146e-31	1.12771e-23	9.80393e-22	2.37289e-24	9.79177e-22	1.92891e-19	1.02725e-19	1.24684e-19	6.51375e-17	2.01418e-18	4.67944e-17	
6.83139e-16	1.33522e-17	1.53095e-15	3.68739e-17	2.87326e-15	1.26491e-15	9.47967e-16	4.07297e-18	5.42964e-18	1.65119e-18	8.46777e-19	7.79158e-19	2.8987e-19	5.85963e-19	7.28721e-21	1.74378e-22	3.65845e-21	5.03857e-21	2.25562e-22	4.26677e-23	
6.31236e-24	1.51414e-27	1.17487e-27	1.64878e-29	3.62552e-29	1.89591e-34	1.02405e-43	0	0	0	0	0	0	0	0	1.72158e-73	8.3831e-68	2.34562e-65	1.58318e-60	5.19613e-64	
3.3274e-64	4.73129e-61	1.18081e-57	1.58824e-58	1.36971e-60	1.26544e-59	1.94438e-59	8.23015e-60	4.60665e-59	1.99217e-57	2.0466e-59	6.6825e-58	2.29927e-57	2.73046e-58	1.89438e-57	1.93354e-58	1.28337e-58	4.74252e-59	1.01764e-58	3.47021e-59	
3.85017e-59	2.18405e-60	1.14365e-60	2.1261e-60	5.99048e-61	1.48844e-62	2.6733e-61	1.46442e-64	4.3044e-65	1.29354e-67	1.59733e-65	9.66125e-72	0	0	0	0	0	0	0	0	
0	0	0	0	0	0	0	0	0	0	0	0	0	0	0	0	0	0	0	0	
0	0	0	0	0	0	0	0	0	0	0	0	0	0	0	0	0	0	0	0	
0	0	0	0	0	0	0	0	0	0	0	0	0	0	0	0	0	0	0	0	
0	0	0	0	0	0	0	0	0	0	0	0	0	0	0	0	0	0	0	0	
0	0	0	0	0	0	0	0	0	0	0	0	0	0	0	0	0	0	0	0	
0	0	0	0	0	0	0	0	0	0	0	0	0	0	0	0	0	0	0	0	
0	0	0	0	0	0	0	0	0	0	0	0	0	0	0	0	0	0	0	0	
0	0	0	0	0	0	0	0	0	0	0	0	0	0	0	0	0	0	0	0	
0	0	0	0	0	0	0	0	0	0	0	0	0	0	0	0	0	0	0	0	
0	0	0	0	0	0	0	0	0	0	0	0	0	0	0	0	0	0	0	0	
0	0	0	0	0	0	0	0	0	0	0	0	0	0	0	0	0	0	0	0	
0	0	0	0	0	0	0	0	0	0	0	0	0	0	0	0	0	0	0	0	
0	0	0	0	0	0	0	0	0	0	0	0	0	0	0	0	0	0	0	0	
0	0	0	0	0	0	0	0	0	0	0	0	0	0	0	0	0	0	0	0	
0	0	0	0	0	0	0	0	0	0	0	0	0	0	0	0	0	0	0	0	
0	0	0	0	0	0	0	0	0	0	0	0	0	0	0	0	0	0	0	0	
0	0	0	0	0	0	0	0	0	0	0	0	0	0	0	0	0	0	0	0	
0	0	0	0	0	0	0	0	0	0	0	0	0	0	0	0	0	0	0	0	
0	0	0	0	0	0	0	0	0	0	0	0	0	0	0	0	0	0	0	0	
0	0	0	0	0	0	0	0	0	0	0	0	0	0	0	0	0	0	0	0	
0	0	0	0	0	0	0	0	0	0	0	0	0	0	0	0	0	0	0	0	
0	0	0	0	0	0	0	0	0	0	0	0	0	0	0	0	0	0	0	0	
0	0	0	0	0	0	0	0	0	0	0	0	0	0	0	0	0	0	0	0	
0	0	0	0	0	0	0	0	0	0	0	0	0	0	0	0	0	0	0	0	
0	0	0	0	0	0	0	0	0	0	0	0	0	0	0	0	0	0	0	0	
0	0	0	0	0	0	0	0	0	0	0	0	0	0	0	0	0	0	0	0	
6.83679e-51	1.00771e-46	1.73354e-38	5.19602e-36	2.94921e-26	3.21713e-06	1.63142e-09	0.00253048	0.0719719	0.167674	3.51993	1.81981	1731.73	368.882	650.687	10803.6	681.026	126977	5675.37	73255.2	
157756	77273.5	81108.3	68477.3	1.43904e+06	883428	36735.4	7975.33	218.356	0	0	0	0	0	0	0	0	0	0	0	
0	0	0	0	0	0	0	0	0	3.5099e-52	8.66207e-46	8.99096e-43	1.32022e-35	3.49987e-39	1.02123e-25	2.71722e-31	4.80698e-25	4.50465e-25	4.40512e-25	6.68905e-22	
1.82007e-24	3.75015e-22	9.24725e-23	3.10101e-22	2.70351e-22	9.92643e-23	5.41308e-24	1.36991e-23	1.82523e-25	9.47312e-24	1.3468e-24	1.38405e-23	7.04263e-24	6.2166e-24	1.77695e-23	4.42136e-24	4.54362e-24	4.82567e-24	1.58051e-23	0	
0	0	0	0	0	0	0	0	0	0	0	0	0	0	0	0	0	1.87348e-48	4.70034e-32	3.15422e-30	
3.26402e-23	7.53977e-25	9.66821e-26	7.69884e-20	6.47937e-20	7.72352e-22	1.38038e-18	3.76265e-21	5.15043e-20	3.97202e-18	2.66387e-19	2.06469e-17	7.04701e-20	2.84619e-16	5.61552e-17	3.52363e-17	2.10702e-17	2.8002e-18	6.14054e-18	5.78575e-20	
3.24769e-19	4.04074e-20	6.1648e-20	1.77672e-19	2.30531e-21	3.41075e-20	1.2621e-22	1.66715e-21	1.64578e-21	0	0	0	0	0	0	0	0	0	0	0	
0	0	0	0	0	0	5.89292e-48	5.50592e-34	1.55064e-33	4.11387e-30	1.66601e-30	1.36327e-25	8.24374e-28	6.81465e-28	1.22048e-25	1.23066e-26	1.55381e-26	1.24058e-25	8.82959e-28	1.20462e-27	
1.85946e-27	1.43226e-26	4.66026e-27	4.91031e-26	3.89894e-27	7.52985e-26	2.91716e-27	1.1407e-25	1.24237e-27	1.94028e-25	2.4188e-27	7.83053e-26	6.38115e-29	7.08533e-27	1.74885e-30	2.81656e-28	8.45748e-32	9.0354e-31	1.11493e-32	0	
0	0	0	0	0	0	0	0	0	0	0	0	0	0	0	0	0	0	0	0	
0	0	0	0	0	0	0	0	0	0	0	0	0	1.30435e-35	0	3.27443e-34	8.54358e-30	5.12624e-33	1.75836e-31	2.18684e-32	
1.89932e-31	2.46732e-32	6.23726e-24	3.31478e-32	7.72647e-33	5.75933e-34	1.41294e-33	1.96568e-36	1.3488e-35	0	0	0	0	0	0	0	0	0	0	0	
0	0	1.25889e-62	1.10048e-56	5.3418e-54	3.88908e-49	3.80269e-50	4.50369e-49	1.30157e-47	1.83363e-46	4.55478e-46	1.03716e-45	1.5155e-45	3.86544e-43	2.2366e-45	3.99096e-44	1.90459e-44	9.74149e-43	3.45092e-44	3.06819e-42	
1.01901e-43	1.34115e-41	3.89083e-43	6.40551e-42	1.4107e-42	5.24052e-43	2.74633e-44	7.95848e-48	4.27377e-46	2.06544e-48	1.17591e-49	2.3079e-48	1.12321e-50	2.09254e-51	1.513e-53	5.09103e-53	4.00221e-54	2.14884e-57	2.26472e-56	0	
0	0	0	0	0	0	0	0	0	8.48297e-71	1.6101e-65	1.77223e-58	1.34138e-59	1.04316e-59	5.83788e-57	2.24382e-57	1.3207e-56	1.37195e-55	3.72181e-55	3.78876e-55	
2.37037e-54	1.53503e-53	2.0231e-54	1.17851e-55	6.01711e-55	1.71408e-55	3.70671e-54	3.95726e-56	2.58248e-55	1.69874e-54	1.36603e-56	3.30794e-55	4.16116e-55	2.52162e-55	2.0036e-56	7.37444e-52	7.71666e-56	1.88769e-53	1.01979e-55	2.75872e-54	
4.03227e-56	1.69884e-54	4.97233e-56	8.35014e-58	2.65695e-58	2.53345e-61	9.66809e-61	1.35808e-73	9.78206e-69	0	0	0	0	0	0	0	0	1.5763e-72	2.77603e-71	2.14787e-31	
7.86895e-21	8.94756e-23	5.14881e-20	4.39545e-18	1.37455e-15	1.31861e-15	9.42748e-16	3.84749e-13	3.45616e-13	5.93801e-13	9.76644e-12	3.87669e-13	3.15177e-12	2.88978e-12	7.19566e-12	1.4703e-11	1.16752e-12	2.28574e-11	2.70099e-13	2.43811e-11	
3.57292e-12	1.13039e-11	1.84662e-12	7.71877e-12	4.84377e-13	4.18073e-13	3.98335e-13	4.83361e-14	7.161e-15	1.87051e-15	2.98069e-16	2.71876e-16	2.72721e-20	8.85493e-19	3.68755e-22	3.48545e-20	9.06115e-27	3.4065e-30	0	0	
0	0	0	0	0	2.17091e-118	1.05579e-108	2.61282e-42	2.36743e-30	1.4651e-26	8.85127e-26	8.26579e-29	5.46553e-24	4.17594e-22	6.30585e-22	5.89088e-22	1.23373e-19	1.65382e-20	6.70637e-20	2.82681e-18	
3.92081e-19	1.93241e-18	3.26725e-18	2.33901e-18	1.11729e-17	2.17652e-18	3.97049e-18	1.38309e-18	1.23696e-17	8.73617e-19	2.66343e-18	1.95431e-19	2.82664e-18	5.11431e-20	2.17718e-19	3.13954e-20	4.82091e-21	9.62409e-22	1.52827e-20	2.27854e-21	
2.50819e-24	4.46491e-24	9.99117e-27	7.94618e-30	3.09406e-32	0	0	0	0	0	0	0	0	0	0	0	0	0	2.14855e-97	1.28129e-92	
0	2.30944e-93	0	0	4.61779e-93	6.91211e-98	0	1.82811e-92	8.54179e-96	1.00908e-94	1.50276e-96	0	0	0	0	0	0	0	0	0	
0	0	0	0	0	0	0	0	0	0	0	0	0	0	0	0	0	0	0	0	
0	0	0	0	0	0	0	0	0	0	0	0	0	0	0	0	0	0	0	0	
0	0	0	0	0	0	0	0	0	0	0	0	0	0	0	0	0	0	0	0	
0	0	0	0	0	0	0	0	0	0	0	0	0	0	0	0	0	0	0	0	
0	0	0	0	0	0	0	0	0	0	0	0	0	0	0	0	0	0	0	0	
0	0	0	0	0	0	0	0	0	0	0	0	0	0	0	0	0	0	0	0	
0	0	0	0	0	0	0	0	0	0	0	0	0	0	0	0	0	0	0	0	
0	0	0	0	0	0	0	0	0	0	0	0	0	0	0	0	0	0	0	0	
0	0	0	0	0	0	0	0	0	0	0	0	0	0	0	0	0	0	0	0	
0	0	0	0	0	0	0	0	0	0	0	0	0	0	0	0	0	0	0	0	
0	0	0	0	0	0	0	0	0	0	0	0	0	0	0	0	0	0	0	0	
0	0	0	0	0	0	0	0	0	0	0	0	0	0	0	0	0	0	0	0	
0	0	0	0	0	0	0	0	0	0	0	0	0	0	0	0	0	0	0	0	
0	0	0	0	0	0	0	0	0	0	0	0	0	0	0	0	0	0	0	0	
0	0	0	0	0	0	0	0	0	0	0	0	0	0	0	0	0	0	0	0	
0	0	0	0	0	0	0	0	0	0	0	0	0	0	0	0	0	0	0	0	
0	0	0	0	0	0	0	0	0	0	0	0	0	0	0	0	0	0	0	0	
0	0	0	0	0	0	0	0	0	0	0	0	0	0	0	0	0	0	0	0	
0	0	0	0	0	0	0	0	0	0	0	0	0	0	0	0	0	0	0	0	
0	0	0	0	0	0	0	0	0	0	0	0	0	0	0	0	0	0	0	0	
0	0	0	0	0	0	0	0	0	0	0	0	0	0	0	0	0	0	0	0	
0	0	0	0	0	0	0	0	0	0	0	0	0	0	0	0	0	0	0	0	
0	0	0	0	0	0	0	0	0	0	0	0	0	0	0	0	0	0	0	0	
0	0	0	0	0	0	0	0	0	0	0	0	0	0	0	0	0	0	0	0	
0	0	0	0	0	0	0	0	0	0	0	0	0	0	0	0	0	0	0	0	
0	0	0	0	0	0	0	0	0	0	0	0	0	0	0	0	0	0	0	0	
0	0	0	0	0	0	0	0	0	0	0	0	0	0	0	0	0	0	0	0	
4.50717e-42	1.22609e-39	1.97067e-37	9.28232e-35	2.30189e-32	1.40547e-15	1.04851e-19	2.26832e-17	2.24786e-12	5.17238e-17	2.30157e-14	6.02942e-13	5.48008e-20	7.08401e-12	7.3026e-16	8.77786e-12	1.56188e-15	1.59487e-14	1.51317e-15	1.77608e-10	
5.54965e-16	1.86359e-14	9.92305e-18	2.34119e-18	4.59738e-11	5.29445e-18	2.11458e-16	9.39347e-18	2.39296e-16	0	0	0	0	0	0	0	0	0	0	0	
0	0	0	0	0	0	0	0	6.10582e-38	2.17075e-52	1.55868e-33	2.1891e-33	2.70595e-34	6.65097e-32	9.0756e-31	4.94081e-31	1.05056e-30	1.20031e-29	1.2949e-29	4.19384e-28	
2.03151e-28	1.71718e-26	2.90781e-27	3.13635e-27	1.20726e-26	2.05528e-25	1.84942e-25	4.48825e-26	5.1108e-26	3.82322e-25	3.88248e-26	3.73235e-25	6.05838e-26	9.41912e-26	1.23146e-26	4.19254e-26	4.65396e-28	1.36386e-26	7.8402e-29	0	
0	0	0	0	0	0	0	0	0	0	0	0	0	0	0	0	0	4.08161e-48	5.39934e-38	3.98705e-30	
9.04572e-32	4.52368e-33	3.54088e-31	3.75899e-29	2.31986e-30	3.76928e-30	5.38116e-27	1.07632e-28	2.26493e-27	1.01562e-27	8.49888e-27	1.30178e-26	1.10074e-28	8.5431e-27	9.52062e-25	2.9792e-27	3.12721e-25	1.23319e-27	9.27447e-26	1.43966e-24	
2.44483e-28	7.72458e-28	3.58671e-28	2.41349e-28	2.56445e-28	3.46888e-29	2.67987e-29	2.83651e-29	2.50691e-30	0	0	0	0	0	0	0	0	0	0	0	
0	0	0	0	0	2.21037e-49	8.2095e-38	7.14876e-33	2.24283e-34	7.13465e-32	1.55452e-29	1.88936e-29	1.29773e-28	1.5377e-27	1.50737e-27	3.28911e-26	2.13946e-26	1.72447e-25	1.31047e-25	3.96314e-25	
7.77066e-25	2.06312e-24	2.50322e-24	2.00048e-23	7.84123e-24	4.77018e-23	3.96684e-23	1.32371e-22	2.18395e-23	1.61504e-22	3.17397e-23	1.94167e-22	3.10421e-23	9.14823e-23	1.84238e-23	2.072e-23	3.3452e-24	1.60028e-24	2.01738e-24	0	
0	0	0	0	0	0	0	0	0	0	0	0	0	0	0	0	0	0	0	0	
0	0	0	0	0	0	0	0	0	0	0	0	0	0	0	0	0	0	0	0	
0	0	0	0	0	0	0	0	0	0	0	0	0	0	0	0	0	0	0	0	
0	0	3.65574e-66	1.22402e-65	4.43645e-61	6.61182e-62	7.97231e-61	1.67996e-59	1.2637e-56	1.0158e-59	1.90546e-57	1.16208e-58	6.84556e-57	3.66235e-56	7.25448e-58	9.20976e-58	4.3563e-56	9.02563e-58	3.22926e-56	2.3442e-57	
8.4553e-58	1.11027e-59	2.6182e-57	6.81602e-60	1.74216e-62	4.97634e-62	1.73916e-64	1.87543e-65	2.76642e-65	1.61127e-66	1.77892e-66	2.10027e-67	9.7146e-68	2.06869e-68	3.02894e-70	4.46216e-71	4.97713e-75	1.60028e-72	4.96914e-83	0	
0	0	0	0	0	0	0	0	0	8.40581e-75	1.05409e-77	1.25629e-67	3.68152e-69	4.14055e-66	2.47465e-62	1.49797e-63	4.4612e-63	5.22292e-56	2.52143e-58	4.72042e-58	
2.08422e-57	1.29683e-53	7.17451e-51	2.15009e-56	7.95991e-48	6.55588e-61	1.67499e-55	5.68416e-46	1.54547e-48	1.31479e-41	1.69188e-48	2.83868e-38	6.59875e-52	4.61154e-45	8.80479e-41	4.05384e-44	5.28077e-50	1.60607e-43	1.29589e-49	1.33143e-47	
6.24348e-39	2.95276e-41	2.59579e-48	1.66296e-48	6.12626e-43	6.5363e-51	3.64047e-51	4.97602e-47	0	0	0	0	0	0	0	0	0	6.57859e-79	1.23702e-49	7.53117e-24	
9.41257e-24	7.33114e-23	2.95167e-20	5.01675e-18	1.63161e-19	6.87433e-18	7.27719e-16	1.59737e-16	1.51476e-15	1.8586e-14	9.52513e-16	2.98672e-16	3.43084e-15	2.87774e-15	2.25817e-15	5.31855e-14	1.93642e-13	1.48036e-14	7.94595e-15	3.15112e-13	
4.1724e-15	1.69338e-15	2.36905e-15	7.44152e-15	2.10143e-15	4.31987e-16	3.35472e-16	5.06809e-18	1.34507e-16	6.66386e-18	2.87915e-17	3.12935e-18	4.82107e-21	1.90486e-21	1.8554e-22	1.35678e-24	2.98683e-31	0	0	0	
0	0	0	0	0	3.73152e-100	1.54826e-83	2.0694e-40	8.21138e-39	2.40264e-34	3.91356e-30	3.70146e-33	1.00617e-31	2.82216e-29	4.95995e-29	7.96483e-29	9.27927e-28	1.21903e-27	1.81208e-27	2.97352e-26	
5.55493e-27	5.54409e-26	9.24676e-27	4.39305e-26	3.57328e-26	7.94759e-27	2.1462e-25	1.98867e-26	2.79258e-26	1.02022e-26	1.37101e-26	4.61099e-27	7.98612e-27	6.80567e-27	3.73321e-28	1.48487e-28	4.16299e-28	2.50731e-28	5.43277e-29	1.19786e-29	
1.67171e-30	1.10147e-31	6.03412e-35	1.23872e-35	4.35999e-39	0	0	0	0	0	0	0	0	0	0	0	0	0	0	0	
0	0	0	0	0	0	0	0	0	0	0	0	0	0	0	0	0	0	0	0	
0	0	0	0	0	0	0	0	0	0	0	0	0	0	0	0	0	0	0	0	
0	0	0	0	0	0	0	0	0	0	0	0	0	0	0	0	0	0	0	0	
0	0	0	0	0	0	0	0	0	0	0	0	0	0	0	0	0	0	0	0	
0	0	0	0	0	0	0	0	0	0	0	0	0	0	0	0	0	0	0	0	
0	0	0	0	0	0	0	0	0	0	0	0	0	0	0	0	0	0	0	0	
0	0	0	0	0	0	0	0	0	0	0	0	0	0	0	0	0	0	0	0	
0	0	0	0	0	0	0	0	0	0	0	0	0	0	0	0	0	0	0	0	
0	0	0	0	0	0	0	0	0	0	0	0	0	0	0	0	0	0	0	0	
0	0	0	0	0	0	0	0	0	0	0	0	0	0	0	0	0	0	0	0	
0	0	0	0	0	0	0	0	0	0	0	0	0	0	0	0	0	0	0	0	
0	0	0	0	0	0	0	0	0	0	0	0	0	0	0	0	0	0	0	0	
0	0	0	0	0	0	0	0	0	0	0	0	0	0	0	0	0	0	0	0	
0	0	0	0	0	0	0	0	0	0	0	0	0	0	0	0	0	0	0	0	
0	0	0	0	0	0	0	0	0	0	0	0	0	0	0	0	0	0	0	0	
0	0	0	0	0	0	0	0	0	0	0	0	0	0	0	0	0	0	0	0	
0	0	0	0	0	0	0	0	0	0	0	0	0	0	0	0	0	0	0	0	
0	0	0	0	0	0	0	0	0	0	0	0	0	0	0	0	0	0	0	0	
0	0	0	0	0	0	0	0	0	0	0	0	0	0	0	0	0	0	0	0	
0	0	0	0	0	0	0	0	0	0	0	0	0	0	0	0	0	0	0	0	
0	0	0	0	0	0	0	0	0	0	0	0	0	0	0	0	0	0	0	0	
0	0	0	0	0	0	0	0	0	0	0	0	0	0	0	0	0	0	0	0	
0	0	0	0	0	0	0	0	0	0	0	0	0	0	0	0	0	0	0	0	
0	0	0	0	0	0	0	0	0	0	0	0	0	0	0	0	0	0	0	0	
0	0	0	0	0	0	0	0	0	0	0	0	0	0	0	0	0	0	0	0	
0	0	0	0	0	0	0	0	0	0	0	0	0	0	0	0	0	0	0	0	
0	0	0	0	0	0	0	0	0	0	0	0	0	0	0	0	0	0	0	0	
0	0	0	0	0	0	0	0	0	0	0	0	0	0	0	0	0	0	0	0	
3.95284e-45	5.68878e-39	4.96235e-31	2.98716e-28	2.59518e-26	3.32773e-20	7.73099e-25	8.13243e-19	9.58542e-24	4.75682e-17	7.6665e-16	8.28769e-16	3.96516e-14	2.05562e-14	1.30536e-17	5.0919e-14	5.6214e-15	4.65967e-13	5.02288e-13	2.74286e-12	
6.67737e-13	1.41511e-20	8.19517e-15	7.50909e-12	7.25659e-12	2.09372e-11	4.84983e-14	4.75981e-12	1.07589e-12	0	0	0	0	0	0	0	0	0	0	0	
0	0	0	0	0	0	0	0	9.36747e-51	6.23742e-39	6.17745e-35	3.38406e-33	1.95814e-30	1.24878e-29	3.14725e-28	4.04261e-28	9.59486e-28	6.44268e-26	2.03503e-26	3.40247e-25	
1.41618e-25	1.21255e-24	2.12704e-24	2.44455e-24	2.87776e-23	2.23148e-23	7.32478e-24	2.91434e-23	3.32317e-23	1.83011e-23	3.98555e-23	8.11491e-23	5.06674e-23	8.80668e-24	2.32559e-23	2.19676e-23	2.92102e-24	3.86409e-24	1.90411e-24	0	
0	0	0	0	0	0	0	0	0	0	0	0	0	0	0	0	0	1.64554e-43	1.81014e-30	1.49268e-28	
1.49842e-26	2.29272e-25	3.81888e-25	9.39379e-24	8.0675e-23	8.05587e-23	8.94525e-22	1.55376e-20	4.71654e-21	1.32812e-19	6.40403e-20	6.4621e-18	2.51396e-18	7.78777e-18	6.55931e-17	4.90958e-16	2.86795e-16	4.50625e-15	2.45354e-15	1.25211e-16	
4.14075e-14	7.72596e-14	4.07285e-16	1.02748e-15	7.8273e-17	1.9535e-15	1.23006e-16	1.8999e-16	2.81756e-17	0	0	0	0	0	0	0	0	0	0	0	
0	0	0	0	0	4.2354e-53	5.47841e-36	4.59573e-34	3.18601e-36	6.37277e-32	2.47725e-30	1.16553e-30	6.88771e-29	1.45552e-28	3.5331e-28	2.74955e-28	2.71987e-26	1.10529e-26	2.58538e-26	1.13808e-25	
3.26194e-26	2.16499e-25	2.43548e-28	1.49951e-25	2.43675e-27	2.2447e-28	3.59959e-27	4.0629e-28	1.02642e-27	7.66881e-28	7.62301e-29	1.74568e-27	5.71745e-29	2.25647e-29	8.78351e-30	3.29599e-30	1.5248e-31	5.2835e-31	9.19039e-32	0	
0	0	0	0	0	0	0	0	0	0	0	0	0	0	0	0	0	0	0	0	
0	0	0	0	0	0	0	0	0	0	0	0	0	0	0	0	0	0	0	0	
0	0	0	0	0	0	0	0	0	0	0	0	0	0	0	0	0	0	0	0	
0	0	0	0	0	0	0	0	0	0	0	0	0	0	0	0	0	0	0	0	
0	0	0	0	0	0	0	0	0	0	0	0	0	0	0	0	0	0	0	0	
0	0	0	0	0	0	0	0	2.36333e-91	3.01423e-90	9.32543e-61	5.0461e-66	9.35921e-49	2.77148e-49	1.35417e-54	1.07683e-50	1.31398e-47	2.20021e-45	1.21762e-50	1.23387e-46	
6.34805e-47	2.41494e-49	3.02397e-47	1.04794e-48	5.98392e-47	1.63515e-47	5.97233e-51	9.7223e-51	1.17037e-46	1.57871e-50	1.18811e-46	5.54795e-53	1.46942e-47	1.87689e-52	3.21946e-51	2.64483e-48	1.05875e-49	1.85685e-49	2.23866e-50	3.34413e-48	
4.06423e-50	2.42525e-50	1.25075e-53	1.21636e-49	1.04157e-55	1.19996e-53	1.87034e-60	4.30488e-58	0	0	0	0	0	0	0	0	8.85426e-89	5.20114e-66	1.16468e-36	4.2978e-31	
1.67398e-23	1.82675e-24	1.7381e-24	8.81705e-22	4.2444e-19	2.94683e-19	3.9142e-20	1.26797e-18	1.15291e-18	2.72749e-18	8.51897e-18	5.94324e-18	9.10535e-16	2.29379e-18	2.32973e-15	1.60834e-17	3.69957e-17	1.03236e-16	3.71339e-18	8.13468e-18	
5.95469e-19	1.25442e-17	7.28281e-19	4.21504e-17	7.67161e-20	1.90575e-20	2.82461e-19	6.54355e-21	2.44589e-20	3.99621e-21	2.83562e-22	8.63515e-24	7.30946e-24	2.27974e-25	4.62254e-27	1.08086e-33	0	0	0	0	
0	0	0	0	0	1.46697e-99	1.00274e-51	3.24511e-34	8.71072e-38	1.3053e-35	6.78608e-30	2.22774e-28	3.17497e-28	1.99487e-28	2.3654e-26	4.14759e-26	1.06899e-26	3.05336e-25	1.90838e-25	4.0102e-25	
2.07226e-24	1.07961e-25	2.10081e-24	8.38937e-25	1.7982e-24	2.20184e-24	1.23878e-24	4.55953e-24	1.18691e-24	3.4601e-24	2.54682e-25	1.15422e-24	2.4152e-25	2.64875e-24	1.96842e-25	1.01558e-26	2.03396e-26	1.91232e-28	4.52545e-27	9.90268e-30	
1.50389e-31	2.55464e-31	7.35299e-35	3.45389e-35	0	0	0	0	0	0	0	0	0	0	0	0	0	0	0	0	
0	0	0	0	0	0	0	0	0	0	0	0	0	0	0	0	0	0	0	0	
0	0	0	0	0	0	0	0	0	0	0	0	0	0	0	0	0	0	0	0	
0	0	0	0	0	0	0	0	0	0	0	0	0	0	0	0	0	0	0	0	
0	0	0	0	0	0	0	0	0	0	0	0	0	0	0	0	0	0	0	0	
0	0	0	0	0	0	0	0	0	0	0	0	0	0	0	0	0	0	0	0	
0	0	0	0	0	0	0	0	0	0	0	0	0	0	0	0	0	0	0	0	
0	0	0	0	0	0	0	0	0	0	0	0	0	0	0	0	0	0	0	0	
0	0	0	0	0	0	0	0	0	0	0	0	0	0	0	0	0	0	0	0	
0	0	0	0	0	0	0	0	0	0	0	0	0	0	0	0	0	0	0	0	
0	0	0	0	0	0	0	0	0	0	0	0	0	0	0	0	0	0	0	0	
0	0	0	0	0	0	0	0	0	0	0	0	0	0	0	0	0	0	0	0	
0	0	0	0	0	0	0	0	0	0	0	0	0	0	0	0	0	0	0	0	
0	0	0	0	0	0	0	0	0	0	0	0	0	0	0	0	0	0	0	0	
0	0	0	0	0	0	0	0	0	0	0	0	0	0	0	0	0	0	0	0	
0	0	0	0	0	0	0	0	0	0	0	0	0	0	0	0	0	0	0	0	
0	0	0	0	0	0	0	0	0	0	0	0	0	0	0	0	0	0	0	0	
0	0	0	0	0	0	0	0	0	0	0	0	0	0	0	0	0	0	0	0	
0	0	0	0	0	0	0	0	0	0	0	0	0	0	0	0	0	0	0	0	
0	0	0	0	0	0	0	0	0	0	0	0	0	0	0	0	0	0	0	0	
0	0	0	0	0	0	0	0	0	0	0	0	0	0	0	0	0	0	0	0	
0	0	0	0	0	0	0	0	0	0	0	0	0	0	0	0	0	0	0	0	
0	0	0	0	0	0	0	0	0	0	0	0	0	0	0	0	0	0	0	0	
0	0	0	0	0	0	0	0	0	0	0	0	0	0	0	0	0	0	0	0	
0	0	0	0	0	0	0	0	0	0	0	0	0	0	0	0	0	0	0	0	
0	0	0	0	0	0	0	0	0	0	0	0	0	0	0	0	0	0	0	0	
0	0	0	0	0	0	0	0	0	0	0	0	0	0	0	0	0	0	0	0	
0	0	0	0	0	0	0	0	0	0	0	0	0	0	0	0	0	0	0	0	
0	0	0	0	0	0	0	0	0	0	0	0	0	0	0	0	0	0	0	0	
9.80776e-42	2.00325e-24	5.93411e-19	2.50748e-21	4.12248e-18	1.5584e-15	8.90845e-17	9.33625e-16	8.74975e-15	8.53476e-15	4.55376e-14	2.14723e-13	3.95359e-13	3.19446e-13	1.03799e-12	1.03151e-12	1.48794e-12	2.30163e-12	2.80803e-12	2.31049e-12	
3.45794e-12	1.05964e-12	1.23367e-12	9.98974e-13	7.50327e-13	3.41018e-13	1.82284e-13	1.32294e-13	4.2525e-14	0	0	0	0	0	0	0	0	0	0	0	
0	0	0	0	0	0	0	0	3.68189e-46	3.79969e-31	1.02302e-28	1.12297e-27	1.8213e-25	3.04853e-24	1.98132e-23	9.48764e-23	4.22187e-23	2.77812e-21	1.65452e-21	3.11084e-20	
2.40981e-19	1.08188e-19	7.50371e-18	1.15361e-18	5.92284e-17	3.54662e-17	3.34119e-16	1.26468e-16	4.0623e-16	4.80449e-16	1.40569e-15	5.06805e-16	3.08894e-16	2.10232e-16	2.22072e-16	3.42204e-17	6.45814e-17	1.36192e-16	8.79818e-18	0	
0	0	0	0	0	0	0	0	0	0	0	0	0	0	0	0	1.20841e-50	4.20388e-39	7.84504e-36	1.64378e-35	
1.60204e-33	1.37186e-30	1.48336e-29	1.58972e-30	1.6387e-27	1.44343e-28	1.60038e-27	5.24594e-25	2.23544e-28	4.27269e-24	1.26579e-26	2.16758e-27	4.74466e-24	1.16231e-26	1.52806e-26	2.67404e-26	2.25086e-26	1.87079e-26	1.04597e-25	2.44472e-26	
7.46896e-26	3.72117e-26	3.12106e-27	5.29675e-27	7.03998e-28	7.94725e-28	2.21719e-28	8.32496e-29	1.69421e-29	0	0	0	0	0	0	0	0	0	0	0	
0	0	0	0	0	1.14068e-49	9.33621e-46	8.81944e-44	1.48994e-41	1.41957e-41	5.75701e-40	9.95625e-38	1.22326e-38	1.50536e-36	9.89933e-36	3.34923e-36	2.34466e-35	2.72692e-30	2.47741e-32	2.87439e-30	
8.72899e-32	6.65489e-32	1.68745e-29	3.56629e-30	5.94444e-31	4.40242e-30	3.26026e-30	4.70725e-30	8.73717e-31	2.63801e-30	6.86242e-30	7.91189e-31	4.02201e-31	1.07354e-31	5.74286e-31	3.34834e-32	2.23016e-31	2.05668e-34	1.34364e-32	0	
0	0	0	0	0	0	0	0	0	0	0	0	0	0	0	0	0	0	0	0	
0	0	0	0	0	0	0	0	0	0	0	0	0	0	0	0	0	0	0	0	
0	0	0	0	0	0	0	0	0	0	0	0	0	0	0	0	0	0	0	0	
0	0	0	0	0	0	0	0	0	0	0	0	0	0	0	0	0	0	0	0	
0	0	0	0	0	0	0	0	0	0	0	0	0	0	0	0	0	0	0	0	
0	0	0	0	0	0	0	0	1.74928e-101	9.02992e-82	2.28267e-61	5.57067e-62	2.31997e-57	2.38105e-55	5.97616e-57	2.2512e-56	8.97441e-54	2.65053e-54	1.74201e-55	5.89326e-53	
4.4488e-54	1.35648e-54	1.9478e-53	2.75028e-54	1.99197e-54	3.05739e-53	6.54758e-54	7.14305e-54	8.56506e-54	3.83033e-53	1.02598e-53	2.51141e-54	2.89322e-53	1.31973e-53	3.35919e-53	3.68681e-53	7.12795e-53	5.93572e-55	2.18184e-54	7.19992e-56	
6.82699e-56	5.34267e-57	2.87903e-56	3.81732e-62	9.2743e-61	2.1215e-64	2.09348e-67	0	0	0	0	0	0	0	0	0	0	7.38125e-57	1.67335e-28	1.60547e-30	
4.21289e-29	6.03926e-26	4.71888e-23	9.4101e-23	3.27392e-24	8.03826e-22	2.9616e-21	1.23421e-23	1.34014e-20	2.36378e-21	3.15792e-23	5.81411e-19	8.63205e-21	4.02619e-21	1.73398e-18	5.25088e-22	1.05831e-17	9.89552e-19	7.6298e-17	1.44362e-17	
4.24427e-17	2.53429e-19	2.84025e-20	1.29775e-19	2.25384e-18	1.01173e-21	3.6027e-21	6.26428e-23	3.42647e-22	3.35218e-24	4.07772e-23	4.54627e-24	1.17317e-26	2.6401e-27	2.82809e-30	9.51487e-32	0	0	0	0	
0	0	0	0	0	1.35946e-99	7.07154e-48	1.29837e-43	1.82477e-14	3.14605e-15	3.82128e-39	2.72781e-14	1.08585e-08	2.4266e-09	2.06172e-08	1.09563e-07	4.36254e-07	2.30246e-08	2.26064e-06	1.61982e-06	
5.50021e-05	4.63055e-06	0.000112344	6.31431e-05	4.82273e-06	1.30285e-07	8.39178e-09	2.16156e-07	1.21169e-05	2.35211e-07	5.10758e-06	9.57358e-08	1.46168e-06	9.27353e-10	1.68875e-10	6.32783e-08	2.68055e-11	2.11561e-10	2.83131e-11	1.82389e-17	
3.13873e-29	4.84401e-12	5.83185e-31	4.94091e-34	0	0	0	0	0	0	0	0	0	0	0	0	0	0	0	0	
0	0	0	0	0	0	0	0	0	0	0	0	0	0	0	0	0	0	0	0	
0	0	0	0	0	0	0	0	0	0	0	0	0	0	0	0	0	0	0	0	
0	0	0	0	0	0	0	0	0	0	0	0	0	0	0	0	0	0	0	0	
0	0	0	0	0	0	0	0	0	0	0	0	0	0	0	0	0	0	0	0	
0	0	0	0	0	0	0	0	0	0	0	0	0	0	0	0	0	0	0	0	
0	0	0	0	0	0	0	0	0	0	0	0	0	0	0	0	0	0	0	0	
0	0	0	0	0	0	0	0	0	0	0	0	0	0	0	0	0	0	0	0	
0	0	0	0	0	0	0	0	0	0	0	0	0	0	0	0	0	0	0	0	
0	0	0	0	0	0	0	0	0	0	0	0	0	0	0	0	0	0	0	0	
0	0	0	0	0	0	0	0	0	0	0	0	0	0	0	0	0	0	0	0	
0	0	0	0	0	0	0	0	0	0	0	0	0	0	0	0	0	0	0	0	
0	0	0	0	0	0	0	0	0	0	0	0	0	0	0	0	0	0	0	0	
0	0	0	0	0	0	0	0	0	0	0	0	0	0	0	0	0	0	0	0	
0	0	0	0	0	0	0	0	0	0	0	0	0	0	0	0	0	0	0	0	
0	0	0	0	0	0	0	0	0	0	0	0	0	0	0	0	0	0	0	0	
0	0	0	0	0	0	0	0	0	0	0	0	0	0	0	0	0	0	0	0	
0	0	0	0	0	0	0	0	0	0	0	0	0	0	0	0	0	0	0	0	
0	0	0	0	0	0	0	0	0	0	0	0	0	0	0	0	0	0	0	0	
0	0	0	0	0	0	0	0	0	0	0	0	0	0	0	0	0	0	0	0	
0	0	0	0	0	0	0	0	0	0	0	0	0	0	0	0	0	0	0	0	
0	0	0	0	0	0	0	0	0	0	0	0	0	0	0	0	0	0	0	0	
0	0	0	0	0	0	0	0	0	0	0	0	0	0	0	0	0	0	0	0	
0	0	0	0	0	0	0	0	0	0	0	0	0	0	0	0	0	0	0	0	
0	0	0	0	0	0	0	0	0	0	0	0	0	0	0	0	0	0	0	0	
0	0	0	0	0	0	0	0	0	0	0	0	0	0	0	0	0	0	0	0	
0	0	0	0	0	0	0	0	0	0	0	0	0	0	0	0	0	0	0	0	
0	0	0	0	0	0	0	0	0	0	0	0	0	0	0	0	0	0	0	0	
0	0	0	0	0	0	0	0	0	0	0	0	0	0	0	0	0	0	0	0	
7.56447e-32	2.58872e-21	1.01454e-21	4.59703e-15	2.51865e-16	1.0715e-16	8.78446e-13	6.50558e-15	2.87758e-14	1.96254e-13	1.64467e-13	1.38004e-14	7.81669e-13	7.80576e-15	2.76221e-12	7.06703e-15	4.57941e-15	4.39835e-15	3.43507e-15	5.07623e-15	
8.3559e-15	1.69918e-14	2.4069e-14	8.2994e-15	6.60074e-15	3.77861e-15	4.61925e-15	2.49739e-15	4.42324e-16	0	0	0	0	0	0	0	0	0	0	0	
0	0	0	0	0	0	0	0	8.6463e-45	2.46562e-31	1.36949e-30	6.57482e-28	4.27953e-26	9.26082e-25	1.0783e-24	7.69464e-23	8.27569e-25	3.36952e-22	1.9171e-22	9.46058e-25	
1.55926e-21	2.07115e-23	5.0058e-21	6.39546e-23	9.34096e-21	3.01477e-21	1.36148e-19	7.2731e-20	9.4036e-18	8.78087e-20	5.2323e-19	4.60172e-18	6.00352e-19	6.36625e-18	1.45898e-18	6.87382e-20	6.25528e-19	8.18229e-20	2.52196e-20	0	
0	0	0	0	0	0	0	0	0	0	0	0	0	0	0	0	2.28674e-57	1.12433e-42	4.61755e-44	1.35203e-40	
1.13249e-38	2.64508e-37	1.64444e-36	2.46399e-36	1.79743e-35	1.8628e-35	7.68617e-34	1.45449e-33	3.16725e-35	1.34297e-32	1.26214e-34	3.65154e-33	5.3949e-36	2.31057e-37	7.19318e-36	4.42008e-38	4.23547e-36	5.32727e-38	3.1329e-37	1.03918e-37	
1.05721e-37	2.04406e-37	1.45647e-37	8.87187e-38	3.22113e-37	4.46701e-37	1.55068e-35	2.74358e-36	1.18628e-34	0	0	0	0	0	0	0	0	0	0	0	
0	0	0	0	7.03302e-68	9.65899e-50	3.53558e-51	1.60071e-46	2.12195e-43	1.07904e-44	1.97424e-42	5.88677e-40	1.40401e-40	5.37399e-39	4.97925e-39	2.3392e-37	1.89109e-37	1.61183e-36	2.32918e-36	3.40987e-36	
5.10571e-36	1.60767e-35	2.28318e-36	6.04633e-35	9.26571e-36	2.03718e-35	2.44194e-35	7.35614e-36	6.91872e-35	3.05625e-36	3.32397e-36	8.32126e-37	6.83566e-37	6.61532e-36	6.69869e-39	1.07027e-37	7.30755e-42	5.60636e-40	2.38653e-44	0	
0	0	0	0	0	0	0	0	0	0	0	0	0	0	0	0	0	0	0	0	
0	0	0	0	0	0	0	0	0	0	0	0	0	0	0	0	0	0	0	0	
0	0	0	0	0	0	0	0	0	0	0	0	0	0	0	0	0	0	0	0	
0	0	0	0	0	0	0	0	0	0	0	0	0	0	0	0	0	0	0	0	
0	0	0	0	0	0	0	0	0	0	0	0	0	0	0	0	0	0	0	0	
0	0	0	0	0	0	0	0	6.25521e-98	7.22024e-84	3.39261e-71	2.37763e-63	2.37872e-62	3.56458e-69	3.92302e-66	4.62388e-60	2.89496e-60	3.37221e-63	1.18288e-64	2.93698e-60	
1.01549e-62	1.24271e-65	2.34056e-65	1.12125e-64	1.67077e-67	1.13678e-64	3.10152e-66	2.38336e-70	2.99814e-67	8.70089e-73	1.07368e-72	4.43744e-75	2.35647e-73	1.94865e-76	7.91365e-71	3.41044e-76	4.27696e-71	6.64759e-77	2.34492e-76	6.24947e-79	
2.64472e-78	1.12893e-80	4.40657e-80	8.12602e-89	3.4605e-84	3.72975e-91	0	0	0	0	0	0	0	0	0	0	0	1.47551e-44	1.83595e-35	7.24294e-34	
9.82079e-33	4.37517e-31	1.89119e-30	1.06537e-30	1.61496e-29	3.55775e-28	1.44199e-27	1.22772e-26	1.8995e-25	3.96707e-28	5.64132e-26	6.39108e-24	4.20895e-25	2.95063e-24	2.5196e-24	5.81444e-25	4.55137e-24	7.41266e-25	3.36125e-24	2.30453e-25	
7.98637e-25	3.6235e-26	1.75496e-25	2.14201e-26	1.10766e-26	4.18224e-27	2.27091e-27	6.79371e-28	5.38076e-29	2.39372e-28	1.08772e-30	3.66062e-31	1.24886e-32	1.63537e-34	0	0	0	0	0	0	
0	0	0	0	0	5.2139e-66	3.91202e-31	7.04462e-15	4.59356e-19	1.99013e-20	8.01264e-13	6.1327e-11	1.88455e-10	8.37777e-12	2.85708e-09	2.16832e-11	1.23813e-08	8.94553e-07	3.61309e-08	6.91619e-07	
5.55311e-06	2.45858e-07	8.56638e-07	1.72238e-06	1.30346e-05	4.41906e-06	4.63324e-06	1.48197e-09	2.95604e-06	3.0893e-06	1.61111e-06	1.04167e-06	4.35562e-07	7.60791e-07	2.94047e-06	3.43592e-08	4.69977e-07	2.29215e-10	1.61132e-08	1.44013e-11	
1.61351e-10	1.44832e-21	1.55918e-12	0	0	0	0	0	0	0	0	0	0	0	0	0	0	0	0	0	
0	0	0	0	0	0	0	0	0	0	0	0	0	0	0	0	0	0	0	0	
0	0	0	0	0	0	0	0	0	0	0	0	0	0	0	0	0	0	0	0	
0	0	0	0	0	0	0	0	0	0	0	0	0	0	0	0	0	0	0	0	
0	0	0	0	0	0	0	0	0	0	0	0	0	0	0	0	0	0	0	0	
0	0	0	0	0	0	0	0	0	0	0	0	0	0	0	0	0	0	0	0	
0	0	0	0	0	0	0	0	0	0	0	0	0	0	0	0	0	0	0	0	
0	0	0	0	0	0	0	0	0	0	0	0	0	0	0	0	0	0	0	0	
0	0	0	0	0	0	0	0	0	0	0	0	0	0	0	0	0	0	0	0	
0	0	0	0	0	0	0	0	0	0	0	0	0	0	0	0	0	0	0	0	
0	0	0	0	0	0	0	0	0	0	0	0	0	0	0	0	0	0	0	0	
0	0	0	0	0	0	0	0	0	0	0	0	0	0	0	0	0	0	0	0	
0	0	0	0	0	0	0	0	0	0	0	0	0	0	0	0	0	0	0	0	
0	0	0	0	0	0	0	0	0	0	0	0	0	0	0	0	0	0	0	0	
0	0	0	0	0	0	0	0	0	0	0	0	0	0	0	0	0	0	0	0	
0	0	0	0	0	0	0	0	0	0	0	0	0	0	0	0	0	0	0	0	
0	0	0	0	0	0	0	0	0	0	0	0	0	0	0	0	0	0	0	0	
0	0	0	0	0	0	0	0	0	0	0	0	0	0	0	0	0	0	0	0	
0	0	0	0	0	0	0	0	0	0	0	0	0	0	0	0	0	0	0	0	
0	0	0	0	0	0	0	0	0	0	0	0	0	0	0	0	0	0	0	0	
0	0	0	0	0	0	0	0	0	0	0	0	0	0	0	0	0	0	0	0	
0	0	0	0	0	0	0	0	0	0	0	0	0	0	0	0	0	0	0	0	
0	0	0	0	0	0	0	0	0	0	0	0	0	0	0	0	0	0	0	0	
0	0	0	0	0	0	0	0	0	0	0	0	0	0	0	0	0	0	0	0	
0	0	0	0	0	0	0	0	0	0	0	0	0	0	0	0	0	0	0	0	
0	0	0	0	0	0	0	0	0	0	0	0	0	0	0	0	0	0	0	0	
0	0	0	0	0	0	0	0	0	0	0	0	0	0	0	0	0	0	0	0	
0	0	0	0	0	0	0	0	0	0	0	0	0	0	0	0	0	0	0	0	
0	0	0	0	0	0	0	0	0	0	0	0	0	0	0	0	0	0	0	0	
2.13369e-28	7.74804e-26	1.8664e-23	5.66111e-22	6.17349e-20	1.10736e-18	4.30617e-19	1.14402e-17	1.19482e-16	6.6313e-17	8.78755e-16	1.67521e-15	9.22929e-15	4.73454e-15	3.26455e-15	2.49716e-14	1.98699e-14	5.17833e-14	5.53513e-14	3.02118e-13	
1.02223e-13	7.65009e-14	3.95586e-14	1.25e-13	1.40144e-14	1.75936e-14	2.71785e-14	4.93631e-15	1.97137e-14	0	0	0	0	0	0	0	0	0	0	0	
0	0	0	0	0	0	0	1.16986e-52	9.04388e-36	5.20907e-31	1.75952e-27	5.04441e-29	8.75878e-26	2.06801e-25	1.73522e-24	2.06832e-23	3.38488e-23	7.66405e-22	2.51823e-22	2.07185e-21	
3.82681e-21	1.18408e-20	5.12887e-20	2.80065e-20	1.29613e-20	2.3757e-19	5.46281e-20	2.06522e-19	1.34103e-20	1.6065e-20	7.69906e-21	1.63012e-20	5.95495e-21	2.39467e-21	9.54461e-22	8.74417e-22	2.41979e-22	1.88055e-22	8.61797e-23	0	
0	0	0	0	0	0	0	0	0	0	0	0	0	0	0	0	1.2583e-59	1.36482e-51	2.60997e-49	4.11462e-46	
3.30758e-48	1.35665e-44	9.78963e-43	2.32012e-44	3.96175e-42	1.04203e-39	2.9304e-38	7.6276e-38	4.4447e-37	1.5105e-34	1.67409e-35	6.95032e-33	4.48627e-34	4.75755e-32	7.90707e-33	6.34585e-32	1.20409e-32	5.56842e-32	5.68144e-32	1.58883e-32	
7.61135e-33	1.19978e-34	1.43416e-33	2.78126e-34	2.66409e-35	1.03036e-34	1.65695e-35	6.30042e-36	6.41608e-36	0	0	0	0	0	0	0	0	0	0	0	
0	0	0	0	1.22319e-63	8.56855e-57	5.27355e-54	6.37417e-55	2.86024e-55	2.34608e-51	1.11683e-52	4.65912e-52	5.39459e-51	6.36589e-52	1.80211e-52	5.81821e-52	2.38194e-48	3.73084e-50	7.44481e-51	7.33368e-49	
9.74275e-51	4.2516e-51	1.76966e-49	8.12342e-50	2.61888e-51	2.11165e-49	1.17418e-51	9.40744e-50	1.17549e-50	2.57287e-51	4.37886e-50	1.60082e-50	2.26853e-50	2.31257e-45	2.0591e-51	1.84157e-44	1.735e-51	1.50027e-44	7.73822e-53	0	
0	0	0	0	0	0	0	0	0	0	0	0	0	0	0	0	0	0	0	0	
0	0	0	0	0	0	0	0	0	0	0	0	0	0	0	0	0	0	0	0	
0	0	0	0	0	0	0	0	0	0	0	0	0	0	0	0	0	0	0	0	
0	0	0	0	0	0	0	0	0	0	0	0	0	0	0	0	0	0	0	0	
0	0	0	0	0	0	0	0	0	0	0	0	0	0	0	0	0	0	0	0	
0	0	0	0	0	0	0	0	2.2795e-99	4.03945e-96	5.10966e-97	3.86144e-95	8.44382e-92	2.5325e-94	2.07203e-93	6.98995e-92	5.9393e-91	1.45229e-92	2.63814e-92	4.73534e-92	
2.50396e-90	3.88905e-90	8.49671e-92	1.68205e-89	2.9316e-90	3.44497e-92	6.49029e-90	4.43441e-94	4.19056e-92	1.22696e-91	4.26874e-93	2.50925e-93	2.00381e-93	4.72818e-95	9.74378e-95	1.2965e-94	1.86398e-96	1.22463e-95	1.11446e-98	0	
5.05952e-101	0	0	1.9166e-101	0	0	0	0	0	0	0	0	0	0	0	0	1.02093e-74	3.82866e-40	6.26175e-40	1.9659e-36	
7.51205e-38	2.26588e-35	7.37177e-35	7.31142e-35	4.11945e-34	2.27125e-33	8.9563e-34	5.18707e-33	2.31002e-32	1.33148e-33	4.5147e-32	4.08093e-32	3.63176e-32	1.23333e-31	7.14701e-33	3.25811e-32	3.59256e-33	3.05169e-32	1.05261e-33	2.0936e-33	
4.70155e-34	3.66869e-34	5.89125e-35	6.36528e-35	1.61565e-36	2.4356e-36	2.42135e-37	1.77476e-37	9.36288e-39	1.40794e-39	2.71115e-40	2.42807e-42	1.81593e-43	5.32444e-47	0	0	0	0	0	0	
0	0	0	0	1.26709e-94	1.95445e-64	9.49954e-33	1.62272e-39	2.76441e-21	2.30852e-24	1.55157e-25	3.01296e-20	4.89116e-18	1.8039e-18	4.03032e-16	7.65763e-16	2.06998e-16	1.09705e-13	2.02233e-19	2.20495e-14	
7.43023e-13	1.49108e-13	3.92542e-16	7.48576e-17	6.93667e-18	9.19079e-13	1.13032e-13	5.46413e-17	4.14714e-14	3.06554e-13	2.1179e-14	1.34016e-17	3.58948e-19	8.22473e-15	1.983e-15	4.14598e-20	1.95698e-16	1.53607e-17	1.44237e-17	9.55047e-20	
3.6083e-30	1.2299e-26	0	0	0	0	0	0	0	0	0	0	0	0	0	0	0	0	0	0	
0	0	0	0	0	0	0	0	0	0	0	0	0	0	0	0	0	0	0	0	
0	0	0	0	0	0	0	0	0	0	0	0	0	0	0	0	0	0	0	0	
0	0	0	0	0	0	0	0	0	0	0	0	0	0	0	0	0	0	0	0	
0	0	0	0	0	0	0	0	0	0	0	0	0	0	0	0	0	0	0	0	
0	0	0	0	0	0	0	0	0	0	0	0	0	0	0	0	0	0	0	0	
0	0	0	0	0	0	0	0	0	0	0	0	0	0	0	0	0	0	0	0	
0	0	0	0	0	0	0	0	0	0	0	0	0	0	0	0	0	0	0	0	
0	0	0	0	0	0	0	0	0	0	0	0	0	0	0	0	0	0	0	0	
0	0	0	0	0	0	0	0	0	0	0	0	0	0	0	0	0	0	0	0	
0	0	0	0	0	0	0	0	0	0	0	0	0	0	0	0	0	0	0	0	
0	0	0	0	0	0	0	0	0	0	0	0	0	0	0	0	0	0	0	0	
0	0	0	0	0	0	0	0	0	0	0	0	0	0	0	0	0	0	0	0	
0	0	0	0	0	0	0	0	0	0	0	0	0	0	0	0	0	0	0	0	
0	0	0	0	0	0	0	0	0	0	0	0	0	0	0	0	0	0	0	0	
0	0	0	0	0	0	0	0	0	0	0	0	0	0	0	0	0	0	0	0	
0	0	0	0	0	0	0	0	0	0	0	0	0	0	0	0	0	0	0	0	
0	0	0	0	0	0	0	0	0	0	0	0	0	0	0	0	0	0	0	0	
0	0	0	0	0	0	0	0	0	0	0	0	0	0	0	0	0	0	0	0	
0	0	0	0	0	0	0	0	0	0	0	0	0	0	0	0	0	0	0	0	
0	0	0	0	0	0	0	0	0	0	0	0	0	0	0	0	0	0	0	0	
0	0	0	0	0	0	0	0	0	0	0	0	0	0	0	0	0	0	0	0	
0	0	0	0	0	0	0	0	0	0	0	0	0	0	0	0	0	0	0	0	
0	0	0	0	0	0	0	0	0	0	0	0	0	0	0	0	0	0	0	0	
0	0	0	0	0	0	0	0	0	0	0	0	0	0	0	0	0	0	0	0	
0	0	0	0	0	0	0	0	0	0	0	0	0	0	0	0	0	0	0	0	
0	0	0	0	0	0	0	0	0	0	0	0	0	0	0	0	0	0	0	0	
0	0	0	0	0	0	0	0	0	0	0	0	0	0	0	0	0	0	0	0	
0	0	0	0	0	0	0	0	0	0	0	0	0	0	0	0	0	0	0	6.11565e-40	
6.1576e-27	5.75238e-26	1.75569e-24	6.48031e-22	1.2349e-22	6.45131e-21	1.67354e-19	2.44439e-19	1.20469e-18	9.51481e-19	4.09108e-17	1.14067e-17	2.4503e-17	4.21424e-17	9.47479e-17	1.82276e-16	2.0572e-16	2.29999e-16	9.39004e-16	4.30471e-16	
1.18841e-15	9.16658e-16	9.31523e-16	1.22719e-15	6.65689e-17	5.25814e-16	2.29623e-17	2.56759e-17	3.99612e-18	0	0	0	0	0	0	0	0	0	0	0	
0	0	0	0	0	0	0	4.71386e-52	3.18724e-37	1.23048e-31	1.45953e-30	2.67252e-29	3.61765e-28	9.30802e-28	1.25652e-26	2.67145e-25	6.20425e-26	8.10476e-25	4.49698e-24	1.64767e-23	
1.33802e-23	1.9656e-22	6.78662e-23	3.3002e-22	1.84138e-19	1.6265e-21	1.0538e-18	9.72085e-21	2.30406e-18	3.88179e-19	1.45144e-18	3.16998e-19	2.75084e-19	2.29844e-19	1.82164e-19	7.87514e-20	6.3799e-20	2.22826e-20	1.67046e-21	0	
0	0	0	0	0	0	0	0	0	0	0	0	0	0	0	8.77189e-73	2.09759e-57	1.6742e-44	4.22507e-40	1.2687e-44	
5.30342e-39	1.54602e-36	8.9859e-39	2.23052e-37	2.78069e-35	5.81272e-35	6.97101e-35	7.37736e-35	6.65413e-34	1.67591e-35	7.81383e-35	2.13158e-33	2.58372e-34	3.71029e-34	3.71608e-35	7.58639e-35	5.74712e-35	3.71245e-35	1.9911e-34	9.19835e-35	
6.02714e-35	2.51542e-35	3.83392e-35	1.63026e-35	4.27861e-37	4.87947e-36	2.24586e-37	4.89161e-37	4.97278e-39	0	0	0	0	0	0	0	0	0	0	0	
0	0	0	1.27937e-87	1.28484e-63	1.53151e-48	2.0007e-55	2.40952e-47	5.94485e-45	1.99836e-44	1.8805e-43	9.84654e-36	6.22214e-44	2.77168e-37	2.45957e-35	4.27381e-37	8.11472e-33	7.1459e-33	3.80809e-32	8.63696e-33	
1.07031e-31	3.73548e-33	3.7461e-33	6.46658e-35	2.9737e-33	2.02367e-34	1.58004e-35	1.36894e-35	1.30114e-36	1.24899e-36	9.34632e-39	1.44073e-37	3.71798e-39	2.06193e-37	9.80944e-39	2.53853e-40	9.87232e-39	6.8774e-42	7.6689e-40	0	
0	0	0	0	0	0	0	0	0	0	0	0	0	0	0	0	0	0	0	0	
0	0	0	0	0	0	0	0	0	0	0	0	0	0	0	0	0	0	0	0	
0	0	0	0	0	0	0	0	0	0	0	0	0	0	0	0	0	0	0	0	
0	0	0	0	0	0	0	0	0	0	0	0	0	0	0	0	0	0	0	0	
0	0	0	0	0	0	0	0	0	0	0	0	0	0	0	0	0	0	0	0	
0	0	0	0	0	0	0	0	0	0	0	0	0	0	0	0	0	0	0	0	
0	0	0	0	0	0	0	0	0	0	0	0	0	0	0	0	0	0	0	0	
0	0	0	0	0	0	0	0	0	0	0	0	0	0	0	0	1.21374e-56	5.79806e-58	3.04508e-50	2.59963e-48	
6.94445e-48	9.81068e-48	7.40022e-47	4.99543e-45	6.61004e-46	5.77924e-45	3.75349e-44	1.09977e-44	6.68144e-43	3.02502e-43	2.11515e-43	5.72191e-43	3.67683e-44	1.71534e-42	2.58964e-43	3.91222e-44	4.30852e-43	2.85148e-44	1.21258e-43	1.8775e-46	
5.80172e-45	1.61592e-47	9.16035e-47	1.34521e-49	3.69245e-49	1.4699e-51	2.0467e-50	8.0367e-53	1.19114e-53	3.47798e-56	4.24676e-56	1.06893e-57	9.97741e-61	0	0	0	0	0	0	0	
0	0	0	0	2.16524e-92	8.79676e-48	1.14396e-45	1.79673e-52	1.06025e-40	6.39018e-36	3.19584e-41	1.32709e-41	9.97892e-38	4.38869e-39	4.86374e-38	7.41535e-39	3.8279e-38	1.8882e-37	5.85016e-38	7.81498e-37	
1.77763e-38	6.291e-38	7.77075e-39	9.63041e-35	6.55458e-36	2.00711e-34	6.56638e-37	2.07495e-39	4.42405e-37	1.45703e-40	7.37392e-38	6.69092e-43	2.1917e-36	4.80558e-37	1.169e-38	2.77033e-38	8.9418e-41	4.10446e-40	3.53618e-46	3.19777e-42	
4.54755e-54	0	0	0	0	0	0	0	0	0	0	0	0	0	0	0	0	0	0	0	
0	0	0	0	0	0	0	0	0	0	0	0	0	0	0	0	0	0	0	0	
0	0	0	0	0	0	0	0	0	0	0	0	0	0	0	0	0	0	0	0	
0	0	0	0	0	0	0	0	0	0	0	0	0	0	0	0	0	0	0	0	
0	0	0	0	0	0	0	0	0	0	0	0	0	0	0	0	0	0	0	0	
0	0	0	0	0	0	0	0	0	0	0	0	0	0	0	0	0	0	0	0	
0	0	0	0	0	0	0	0	0	0	0	0	0	0	0	0	0	0	0	0	
0	0	0	0	0	0	0	0	0	0	0	0	0	0	0	0	0	0	0	0	
0	0	0	0	0	0	0	0	0	0	0	0	0	0	0	0	0	0	0	0	
0	0	0	0	0	0	0	0	0	0	0	0	0	0	0	0	0	0	0	0	
0	0	0	0	0	0	0	0	0	0	0	0	0	0	0	0	0	0	0	0	
0	0	0	0	0	0	0	0	0	0	0	0	0	0	0	0	0	0	0	0	
0	0	0	0	0	0	0	0	0	0	0	0	0	0	0	0	0	0	0	0	
0	0	0	0	0	0	0	0	0	0	0	0	0	0	0	0	0	0	0	0	
0	0	0	0	0	0	0	0	0	0	0	0	0	0	0	0	0	0	0	0	
0	0	0	0	0	0	0	0	0	0	0	0	0	0	0	0	0	0	0	0	
0	0	0	0	0	0	0	0	0	0	0	0	0	0	0	0	0	0	0	0	
0	0	0	0	0	0	0	0	0	0	0	0	0	0	0	0	0	0	0	0	
0	0	0	0	0	0	0	0	0	0	0	0	0	0	0	0	0	0	0	0	
0	0	0	0	0	0	0	0	0	0	0	0	0	0	0	0	0	0	0	0	
0	0	0	0	0	0	0	0	0	0	0	0	0	0	0	0	0	0	0	0	
0	0	0	0	0	0	0	0	0	0	0	0	0	0	0	0	0	0	0	0	
0	0	0	0	0	0	0	0	0	0	0	0	0	0	0	0	0	0	0	0	
0	0	0	0	0	0	0	0	0	0	0	0	0	0	0	0	0	0	0	0	
0	0	0	0	0	0	0	0	0	0	0	0	0	0	0	0	0	0	0	0	
0	0	0	0	0	0	0	0	0	0	0	0	0	0	0	0	0	0	0	0	
0	0	0	0	0	0	0	0	0	0	0	0	0	0	0	0	0	0	0	0	
0	0	0	0	0	0	0	0	0	0	0	0	0	0	0	0	0	0	0	0	
0	0	0	0	0	0	0	0	0	0	0	0	0	0	0	0	0	0	0	5.47345e-36	
1.1178e-37	3.95687e-28	2.99455e-26	7.49958e-27	6.17892e-24	4.88825e-25	3.40556e-23	2.13299e-24	1.70572e-22	1.15211e-22	3.80801e-21	1.89103e-22	1.09707e-20	8.91024e-22	1.58958e-20	2.15489e-21	6.19572e-20	2.00103e-20	4.604e-21	1.06888e-20	
1.26537e-20	8.7681e-21	1.69556e-21	8.31953e-22	1.84604e-21	3.9209e-22	2.08756e-23	2.54358e-22	2.51441e-23	0	0	0	0	0	0	0	0	0	0	0	
0	0	0	0	0	0	0	3.79359e-51	1.57954e-43	8.10226e-41	9.25293e-36	8.84415e-39	5.02421e-37	8.67554e-34	2.08571e-35	1.34023e-35	1.58494e-34	2.62706e-34	1.00685e-33	1.09281e-33	
7.39676e-33	2.53061e-33	1.69405e-32	2.11305e-33	5.47538e-32	6.18659e-33	1.25404e-33	3.06692e-33	6.45768e-33	2.63833e-33	8.44352e-33	2.84778e-32	4.79748e-33	8.25026e-34	2.52814e-33	1.9458e-33	1.0881e-32	1.79151e-33	3.69594e-32	0	
0	0	0	0	0	0	0	0	0	0	0	0	0	0	0	3.11819e-58	1.98476e-51	9.13914e-53	4.94745e-50	7.5763e-48	
1.10692e-46	8.90464e-47	5.20018e-45	1.10854e-45	1.65145e-44	6.86113e-44	1.30681e-43	1.95776e-43	7.67122e-43	6.13727e-43	7.22017e-42	2.00611e-41	4.63036e-40	4.83144e-41	3.90575e-40	1.66419e-40	2.67506e-41	5.08958e-40	4.35561e-41	1.30885e-40	
8.67126e-41	2.4619e-41	2.94619e-41	1.59664e-41	3.16083e-42	1.4373e-42	1.91519e-42	6.01403e-44	2.95472e-44	0	0	0	0	0	0	0	0	0	0	0	
0	0	0	1.32213e-69	2.03639e-69	2.69398e-59	1.41006e-62	3.89303e-54	1.4833e-56	1.62356e-54	7.25161e-52	7.78762e-51	3.39972e-51	5.9668e-50	2.25465e-50	7.41677e-49	1.92112e-49	1.42941e-48	7.22295e-49	3.98438e-48	
5.34621e-49	5.41031e-48	3.86463e-49	4.71316e-52	3.87939e-50	7.62501e-56	1.85201e-55	3.67964e-57	8.0281e-57	1.49411e-58	4.62064e-57	1.14753e-59	1.32462e-60	1.52977e-63	5.80009e-60	2.59735e-62	1.79183e-68	1.91203e-65	3.40959e-70	0	
0	0	0	0	0	0	0	0	0	0	0	0	0	0	0	0	0	0	0	0	
0	0	0	0	0	0	0	0	0	0	0	0	0	0	0	0	0	0	0	0	
0	0	0	0	0	0	0	0	0	0	0	0	0	0	0	0	0	0	0	0	
0	0	0	0	0	0	0	0	0	0	0	0	0	0	0	0	0	0	0	0	
0	0	0	0	0	0	0	0	0	0	0	0	0	0	0	0	0	0	0	0	
0	0	0	0	0	0	0	0	0	0	0	0	0	0	0	0	0	0	0	0	
0	0	0	0	0	0	0	0	0	0	0	0	0	0	0	0	0	0	0	0	
0	0	0	0	0	0	0	0	0	0	0	0	0	0	0	0	6.08358e-56	8.69994e-63	3.34984e-65	7.53349e-50	
8.75415e-48	2.50819e-50	6.65684e-51	4.64475e-47	2.13857e-46	2.08002e-48	1.82189e-48	6.62292e-46	4.08221e-48	2.43491e-47	4.28474e-46	3.24373e-48	3.19642e-47	1.75164e-48	4.97626e-50	6.49908e-50	7.00019e-52	4.79198e-49	7.37574e-51	1.96427e-56	
1.91694e-58	1.95006e-57	3.78001e-61	3.54336e-59	8.67107e-60	2.63857e-64	3.01006e-66	2.86409e-63	3.73467e-67	8.2712e-69	5.12825e-69	2.01076e-74	1.8192e-72	0	0	0	0	0	0	0	
0	0	0	0	6.01683e-58	5.7674e-62	2.24153e-61	1.78076e-52	2.21875e-49	9.97532e-47	1.2247e-48	6.19741e-47	2.24438e-45	3.17445e-47	8.2955e-47	1.47176e-45	2.93842e-46	8.3224e-45	4.13443e-45	1.88018e-45	
1.78391e-44	5.47664e-45	3.36249e-44	3.37291e-45	7.47048e-45	2.8571e-45	1.67711e-45	2.0561e-45	2.22324e-46	9.06553e-46	1.29653e-46	4.51911e-47	4.20861e-49	9.68293e-49	1.6795e-49	1.26875e-50	8.4747e-51	1.03492e-51	1.97457e-60	2.7238e-54	
0	0	0	0	0	0	0	0	0	0	0	0	0	0	0	0	0	0	0	0	
0	0	0	0	0	0	0	0	0	0	0	0	0	0	0	0	0	0	0	0	
0	0	0	0	0	0	0	0	0	0	0	0	0	0	0	0	0	0	0	0	
0	0	0	0	0	0	0	0	0	0	0	0	0	0	0	0	0	0	0	0	
0	0	0	0	0	0	0	0	0	0	0	0	0	0	0	0	0	0	0	0	
0	0	0	0	0	0	0	0	0	0	0	0	0	0	0	0	0	0	0	0	
0	0	0	0	0	0	0	0	0	0	0	0	0	0	0	0	0	0	0	0	
0	0	0	0	0	0	0	0	0	0	0	0	0	0	0	0	0	0	0	0	
0	0	0	0	0	0	0	0	0	0	0	0	0	0	0	0	0	0	0	0	
0	0	0	0	0	0	0	0	0	0	0	0	0	0	0	0	0	0	0	0	
0	0	0	0	0	0	0	0	0	0	0	0	0	0	0	0	0	0	0	0	
0	0	0	0	0	0	0	0	0	0	0	0	0	0	0	0	0	0	0	0	
0	0	0	0	0	0	0	0	0	0	0	0	0	0	0	0	0	0	0	0	
0	0	0	0	0	0	0	0	0	0	0	0	0	0	0	0	0	0	0	0	
0	0	0	0	0	0	0	0	0	0	0	0	0	0	0	0	0	0	0	0	
0	0	0	0	0	0	0	0	0	0	0	0	0	0	0	0	0	0	0	0	
0	0	0	0	0	0	0	0	0	0	0	0	0	0	0	0	0	0	0	0	
0	0	0	0	0	0	0	0	0	0	0	0	0	0	0	0	0	0	0	0	
0	0	0	0	0	0	0	0	0	0	0	0	0	0	0	0	0	0	0	0	
0	0	0	0	0	0	0	0	0	0	0	0	0	0	0	0	0	0	0	0	
0	0	0	0	0	0	0	0	0	0	0	0	0	0	0	0	0	0	0	0	
0	0	0	0	0	0	0	0	0	0	0	0	0	0	0	0	0	0	0	0	
0	0	0	0	0	0	0	0	0	0	0	0	0	0	0	0	0	0	0	0	
0	0	0	0	0	0	0	0	0	0	0	0	0	0	0	0	0	0	0	0	
0	0	0	0	0	0	0	0	0	0	0	0	0	0	0	0	0	0	0	0	
0	0	0	0	0	0	0	0	0	0	0	0	0	0	0	0	0	0	0	0	
0	0	0	0	0	0	0	0	0	0	0	0	0	0	0	0	0	0	0	0	
0	0	0	0	0	0	0	0	0	0	0	0	0	0	0	0	0	0	0	0	
0	0	0	0	0	0	0	0	0	0	0	0	0	0	0	0	0	0	0	3.81806e-44	
7.0598e-45	1.72763e-36	6.7022e-39	6.65665e-35	3.59723e-33	1.17734e-34	2.94239e-32	4.34184e-33	8.40906e-32	3.00589e-32	2.27817e-30	1.68926e-31	8.64584e-30	3.23092e-31	3.34922e-30	1.27269e-31	3.75472e-31	2.48028e-30	3.96666e-31	8.70206e-28	
5.53234e-31	1.6378e-27	2.33601e-28	1.63761e-26	2.55902e-27	1.07311e-26	4.11042e-27	2.45993e-27	1.09194e-27	0	0	0	0	0	0	0	0	0	0	0	
0	0	0	0	0	0	1.9818e-64	7.21095e-45	2.27201e-46	7.42644e-36	6.57516e-36	3.1989e-43	4.0439e-31	4.1925e-34	2.86487e-30	7.73502e-29	4.09391e-30	1.83266e-28	4.65762e-29	1.33821e-27	
1.61671e-27	5.22117e-27	1.83757e-27	8.78841e-28	1.56111e-26	1.45984e-31	2.21544e-26	6.94997e-28	4.15098e-27	4.54483e-27	4.71035e-29	2.61475e-30	1.22457e-29	1.11749e-28	2.8987e-31	1.29134e-31	5.9241e-33	2.3407e-33	2.71248e-33	0	
0	0	0	0	0	0	0	0	0	0	0	0	0	0	0	2.03055e-59	1.00439e-55	3.162e-54	2.4617e-52	1.30188e-52	
7.06559e-51	7.80864e-50	2.26036e-49	1.73253e-48	3.43535e-48	2.62339e-48	2.05669e-47	2.26351e-47	6.85662e-47	1.62594e-46	1.0515e-46	1.96076e-46	1.1275e-46	2.17664e-46	2.80123e-46	1.50014e-46	9.07271e-46	5.64508e-45	1.2197e-45	1.83044e-47	
6.13547e-47	5.06468e-47	9.87333e-47	3.06216e-44	9.44312e-49	1.14396e-42	1.17509e-48	1.62123e-41	5.78299e-50	0	0	0	0	0	0	0	0	0	0	0	
0	0	9.95918e-115	1.22793e-86	1.95228e-71	6.97209e-68	2.88054e-67	2.69911e-68	1.16866e-64	2.15359e-62	8.7208e-63	4.63748e-61	1.28168e-59	1.51994e-60	7.37615e-59	7.04581e-59	4.41214e-58	2.04221e-58	1.25839e-57	6.05859e-58	
2.3009e-57	6.26833e-58	1.35509e-57	4.96663e-58	1.61483e-57	2.99117e-58	4.57074e-58	3.6176e-59	7.55031e-59	5.87135e-61	6.67102e-61	8.30319e-63	5.95503e-63	3.77618e-65	5.78303e-70	3.10635e-66	2.17748e-74	1.83999e-72	1.91708e-76	0	
0	0	0	0	0	0	0	0	0	0	0	0	0	0	0	0	0	0	0	0	
0	0	0	0	0	0	0	0	0	0	0	0	0	0	0	0	0	0	0	0	
0	0	0	0	0	0	0	0	0	0	0	0	0	0	0	0	0	0	0	0	
0	0	0	0	0	0	0	0	0	0	0	0	0	0	0	0	0	0	0	0	
0	0	0	0	0	0	0	0	0	0	0	0	0	0	0	0	0	0	0	0	
0	0	0	0	0	0	0	0	0	0	0	0	0	0	0	0	0	0	0	0	
0	0	0	0	0	0	0	0	0	0	0	0	0	0	0	0	0	0	0	0	
0	0	0	0	0	0	0	0	0	0	0	0	0	0	0	9.55624e-89	2.26881e-50	2.40652e-56	1.00053e-56	3.98727e-57	
1.45911e-47	4.07471e-46	1.28305e-45	1.05745e-45	1.81342e-44	5.41431e-45	2.93865e-45	3.01587e-44	9.1226e-45	6.44839e-44	1.59298e-44	2.92591e-44	1.14292e-42	7.89376e-45	1.12176e-45	1.32589e-45	5.67273e-48	4.73016e-48	2.13257e-50	8.92863e-50	
1.43175e-52	1.23483e-50	2.89582e-53	2.38312e-54	2.62796e-54	4.05337e-56	5.98262e-59	4.37275e-58	7.1199e-59	1.93098e-61	5.89362e-65	4.90973e-72	0	0	0	0	0	0	0	0	
0	0	0	7.9712e-110	3.12476e-75	4.5017e-79	8.13121e-87	2.98259e-61	4.87154e-61	1.22004e-62	9.61385e-62	4.75008e-55	1.36159e-60	2.32664e-56	6.34438e-60	3.15904e-59	2.47397e-58	1.95237e-52	6.93576e-59	3.84106e-57	
1.4255e-53	3.04391e-61	4.94727e-61	8.15976e-62	3.9653e-52	1.45595e-53	4.19363e-58	9.70015e-55	1.09953e-58	2.89013e-55	4.34349e-59	4.41051e-61	5.24741e-63	9.32187e-65	5.78609e-61	2.97671e-65	9.20664e-59	9.53867e-70	9.14844e-94	6.11254e-77	
0	0	0	0	0	0	0	0	0	0	0	0	0	0	0	0	0	0	0	0	
0	0	0	0	0	0	0	0	0	0	0	0	0	0	0	0	0	0	0	0	
0	0	0	0	0	0	0	0	0	0	0	0	0	0	0	0	0	0	0	0	
0	0	0	0	0	0	0	0	0	0	0	0	0	0	0	0	0	0	0	0	
0	0	0	0	0	0	0	0	0	0	0	0	0	0	0	0	0	0	0	0	
0	0	0	0	0	0	0	0	0	0	0	0	0	0	0	0	0	0	0	0	
0	0	0	0	0	0	0	0	0	0	0	0	0	0	0	0	0	0	0	0	
0	0	0	0	0	0	0	0	0	0	0	0	0	0	0	0	0	0	0	0	
0	0	0	0	0	0	0	0	0	0	0	0	0	0	0	0	0	0	0	0	
0	0	0	0	0	0	0	0	0	0	0	0	0	0	0	0	0	0	0	0	
0	0	0	0	0	0	0	0	0	0	0	0	0	0	0	0	0	0	0	0	
0	0	0	0	0	0	0	0	0	0	0	0	0	0	0	0	0	0	0	0	
0	0	0	0	0	0	0	0	0	0	0	0	0	0	0	0	0	0	0	0	
0	0	0	0	0	0	0	0	0	0	0	0	0	0	0	0	0	0	0	0	
0	0	0	0	0	0	0	0	0	0	0	0	0	0	0	0	0	0	0	0	
0	0	0	0	0	0	0	0	0	0	0	0	0	0	0	0	0	0	0	0	
0	0	0	0	0	0	0	0	0	0	0	0	0	0	0	0	0	0	0	0	
0	0	0	0	0	0	0	0	0	0	0	0	0	0	0	0	0	0	0	0	
0	0	0	0	0	0	0	0	0	0	0	0	0	0	0	0	0	0	0	0	
0	0	0	0	0	0	0	0	0	0	0	0	0	0	0	0	0	0	0	0	
0	0	0	0	0	0	0	0	0	0	0	0	0	0	0	0	0	0	0	0	
0	0	0	0	0	0	0	0	0	0	0	0	0	0	0	0	0	0	0	0	
0	0	0	0	0	0	0	0	0	0	0	0	0	0	0	0	0	0	0	0	
0	0	0	0	0	0	0	0	0	0	0	0	0	0	0	0	0	0	0	0	
0	0	0	0	0	0	0	0	0	0	0	0	0	0	0	0	0	0	0	0	
0	0	0	0	0	0	0	0	0	0	0	0	0	0	0	0	0	0	0	0	
0	0	0	0	0	0	0	0	0	0	0	0	0	0	0	0	0	0	0	0	
0	0	0	0	0	0	0	0	0	0	0	0	0	0	0	0	0	0	0	0	
0	0	0	0	0	0	0	0	0	0	0	0	0	0	0	0	0	0	8.47174e-55	6.02359e-46	
1.99355e-39	3.35316e-36	2.95585e-39	2.66601e-35	1.14022e-34	4.56343e-33	9.88286e-34	4.15724e-32	4.49313e-33	1.62829e-31	8.69701e-32	6.88437e-33	3.12211e-31	8.29632e-32	6.74125e-33	4.4337e-34	2.04448e-33	4.66226e-36	2.02338e-34	2.68248e-42	
1.16231e-36	3.73166e-44	9.22018e-44	4.21935e-47	3.92249e-47	5.07016e-48	2.37732e-49	7.58495e-50	1.27169e-52	0	0	0	0	0	0	0	0	0	0	0	
0	0	0	0	0	0	0	0	0	0	0	0	0	0	0	0	0	0	0	0	
0	0	0	0	0	0	0	0	0	0	0	0	0	0	0	0	0	0	0	0	
0	0	0	0	0	0	0	0	0	0	0	0	0	0	6.10529e-62	9.81857e-48	1.9458e-48	1.56078e-51	3.35875e-45	1.36698e-43	
6.15965e-44	1.04057e-42	2.15053e-42	1.75875e-40	1.28059e-41	8.0907e-40	2.40729e-40	1.92471e-39	1.84994e-39	2.36051e-38	2.22423e-38	4.69161e-38	7.08988e-39	5.64984e-38	1.60856e-39	4.36272e-39	2.3761e-39	2.20778e-40	5.43243e-40	8.50495e-40	
1.66188e-39	1.05765e-41	6.00039e-41	1.54204e-41	6.45102e-44	1.13219e-41	1.63229e-46	8.59172e-43	7.02122e-44	0	0	0	0	0	0	0	0	0	0	0	
0	0	0	0	0	0	0	0	0	0	0	0	0	0	0	0	0	0	0	0	
0	0	0	0	0	0	0	0	0	0	0	0	0	0	0	0	0	0	0	0	
0	0	0	0	0	0	0	0	0	0	0	0	0	0	0	0	0	0	0	0	
0	0	0	0	0	0	0	0	0	0	0	0	0	0	0	0	0	0	0	0	
0	0	0	0	0	0	0	0	0	0	0	0	0	0	0	0	0	0	0	0	
0	0	0	0	0	0	0	0	0	0	0	0	0	0	0	0	0	0	0	0	
0	0	0	0	0	0	0	0	0	0	0	0	0	0	0	0	0	0	0	0	
0	0	0	0	0	0	0	0	0	0	0	0	0	0	0	0	0	0	0	0	
0	0	0	0	0	0	0	0	0	0	0	0	0	0	0	0	0	0	0	0	
0	0	0	0	0	0	0	0	0	0	0	0	0	0	0	1.6618e-85	3.23211e-87	5.33887e-64	7.24114e-69	2.35946e-72	
3.84897e-63	6.83169e-61	9.72145e-62	3.99689e-64	1.51048e-61	2.31648e-60	2.18988e-61	7.68885e-62	2.4697e-62	2.47361e-60	1.91977e-60	6.35458e-64	3.38866e-62	1.11666e-64	5.14975e-65	3.12769e-63	1.7129e-66	1.21776e-67	1.14628e-65	2.76183e-68	
3.42217e-69	1.18127e-70	6.4132e-70	8.22526e-70	4.79182e-71	9.53176e-72	1.87827e-71	8.14174e-73	1.95403e-73	6.50125e-87	1.00366e-76	0	0	0	0	0	0	0	0	0	
0	0	0	7.88734e-94	2.06354e-101	1.36615e-68	1.10144e-72	1.72997e-73	2.55048e-84	3.45379e-70	6.82616e-62	6.81804e-69	2.01063e-70	9.25154e-63	4.60293e-70	4.10707e-66	2.91461e-76	9.66826e-88	3.56746e-72	2.61639e-88	
7.08671e-89	5.41188e-74	2.85888e-90	2.4462e-88	4.32167e-91	3.80938e-86	3.6965e-86	1.03099e-90	1.10341e-85	5.93376e-88	1.4769e-86	1.06102e-87	4.82662e-120	8.65325e-120	6.78707e-88	0	1.11674e-122	0	2.85058e-128	0	
0	0	0	0	0	0	0	0	0	0	0	0	0	0	0	0	0	0	0	0	
0	0	0	0	0	0	0	0	0	0	0	0	0	0	0	0	0	0	0	0	
0	0	0	0	0	0	0	0	0	0	0	0	0	0	0	0	0	0	0	0	
0	0	0	0	0	0	0	0	0	0	0	0	0	0	0	0	0	0	0	0	
0	0	0	0	0	0	0	0	0	0	0	0	0	0	0	0	0	0	0	0	
0	0	0	0	0	0	0	0	0	0	0	0	0	0	0	0	0	0	0	0	
0	0	0	0	0	0	0	0	0	0	0	0	0	0	0	0	0	0	0	0	
0	0	0	0	0	0	0	0	0	0	0	0	0	0	0	0	0	0	0	0	
0	0	0	0	0	0	0	0	0	0	0	0	0	0	0	0	0	0	0	0	
0	0	0	0	0	0	0	0	0	0	0	0	0	0	0	0	0	0	0	0	
0	0	0	0	0	0	0	0	0	0	0	0	0	0	0	0	0	0	0	0	
0	0	0	0	0	0	0	0	0	0	0	0	0	0	0	0	0	0	0	0	
0	0	0	0	0	0	0	0	0	0	0	0	0	0	0	0	0	0	0	0	
0	0	0	0	0	0	0	0	0	0	0	0	0	0	0	0	0	0	0	0	
0	0	0	0	0	0	0	0	0	0	0	0	0	0	0	0	0	0	0	0	
0	0	0	0	0	0	0	0	0	0	0	0	0	0	0	0	0	0	0	0	
0	0	0	0	0	0	0	0	0	0	0	0	0	0	0	0	0	0	0	0	
0	0	0	0	0	0	0	0	0	0	0	0	0	0	0	0	0	0	0	0	
0	0	0	0	0	0	0	0	0	0	0	0	0	0	0	0	0	0	0	0	
0	0	0	0	0	0	0	0	0	0	0	0	0	0	0	0	0	0	0	0	
0	0	0	0	0	0	0	0	0	0	0	0	0	0	0	0	0	0	0	0	
0	0	0	0	0	0	0	0	0	0	0	0	0	0	0	0	0	0	0	0	
0	0	0	0	0	0	0	0	0	0	0	0	0	0	0	0	0	0	0	0	
0	0	0	0	0	0	0	0	0	0	0	0	0	0	0	0	0	0	0	0	
0	0	0	0	0	0	0	0	0	0	0	0	0	0	0	0	0	0	0	0	
0	0	0	0	0	0	0	0	0	0	0	0	0	0	0	0	0	0	0	0	
0	0	0	0	0	0	0	0	0	0	0	0	0	0	0	0	0	0	0	0	
0	0	0	0	0	0	0	0	0	0	0	0	0	0	0	0	0	0	0	0	
0	0	0	0	0	0	0	0	0	0	0	0	0	0	0	0	0	0	0	4.72028e-65	
0	1.78898e-63	1.78882e-62	3.80384e-62	1.21319e-60	2.28681e-61	2.12393e-59	6.46711e-60	7.39196e-60	2.7518e-57	2.6578e-53	1.73298e-55	2.16558e-52	2.89417e-52	7.56126e-52	2.21179e-52	6.2496e-51	1.21706e-50	5.47325e-50	1.38137e-49	
3.52652e-51	1.1351e-50	1.65013e-50	6.58947e-51	3.19941e-51	2.45355e-53	2.92737e-53	1.87192e-56	8.43891e-56	0	0	0	0	0	0	0	0	0	0	0	
0	0	0	0	0	0	0	0	0	0	0	0	0	0	0	0	0	0	0	0	
0	0	0	0	0	0	0	0	0	0	0	0	0	0	0	0	0	0	0	0	
0	0	0	0	0	0	0	0	0	0	0	0	0	0	0	0	0	0	0	0	
0	0	0	0	0	0	0	0	0	0	0	0	0	0	0	0	0	0	0	0	
0	0	0	0	0	0	0	0	0	0	0	0	0	0	0	0	0	0	0	0	
0	0	0	0	0	0	0	0	0	0	0	0	0	0	0	0	0	0	0	0	
0	0	0	0	0	0	0	0	0	0	0	0	0	0	0	0	0	0	0	0	
0	0	0	0	0	0	0	0	0	0	0	0	0	0	0	0	0	0	0	0	
0	0	0	0	0	0	0	0	0	0	0	0	0	0	0	0	0	0	0	0	
0	0	0	0	0	0	0	0	0	0	0	0	0	0	0	0	0	0	0	0	
0	0	0	0	0	0	0	0	0	0	0	0	0	0	0	0	0	0	0	0	
0	0	0	0	0	0	0	0	0	0	0	0	0	0	0	0	0	0	0	0	
0	0	0	0	0	0	0	0	0	0	0	0	0	0	0	0	0	0	0	0	
0	0	0	0	0	0	0	0	0	0	0	0	0	0	0	0	0	0	0	0	
0	0	0	0	0	0	0	0	0	0	0	0	0	0	0	0	0	0	0	0	
0	0	0	0	0	0	0	0	0	0	0	0	0	0	0	3.23752e-88	1.49077e-94	0	1.21598e-96	8.15151e-95	
1.37829e-100	2.22703e-92	2.61455e-92	1.98525e-95	3.61518e-97	3.44057e-96	1.5036e-99	1.85901e-97	5.85242e-103	0	0	0	0	0	0	0	0	0	0	0	
0	0	0	0	0	0	0	0	0	0	0	0	0	0	0	0	0	0	0	0	
0	0	0	0	0	0	0	0	0	0	0	0	0	0	0	0	0	0	0	0	
0	0	0	0	0	0	0	0	0	0	0	0	0	0	0	0	0	0	0	0	
0	0	0	0	0	0	0	0	0	0	0	0	0	0	0	0	0	0	0	0	
0	0	0	0	0	0	0	0	0	0	0	0	0	0	0	0	0	0	0	0	
0	0	0	0	0	0	0	0	0	0	0	0	0	0	0	0	0	0	0	0	
0	0	0	0	0	0	0	0	0	0	0	0	0	0	0	0	0	0	0	0	
0	0	0	0	0	0	0	0	0	0	0	0	0	0	0	0	0	0	0	0	
0	0	0	0	0	0	0	0	0	0	0	0	0	0	0	0	0	0	0	0	
0	0	0	0	0	0	0	0	0	0	0	0	0	0	0	0	0	0	0	0	
0	0	0	0	0	0	0	0	0	0	0	0	0	0	0	0	0	0	0	0	
0	0	0	0	0	0	0	0	0	0	0	0	0	0	0	0	0	0	0	0	
0	0	0	0	0	0	0	0	0	0	0	0	0	0	0	0	0	0	0	0	
0	0	0	0	0	0	0	0	0	0	0	0	0	0	0	0	0	0	0	0	
0	0	0	0	0	0	0	0	0	0	0	0	0	0	0	0	0	0	0	0	
0	0	0	0	0	0	0	0	0	0	0	0	0	0	0	0	0	0	0	0	
0	0	0	0	0	0	0	0	0	0	0	0	0	0	0	0	0	0	0	0	
0	0	0	0	0	0	0	0	0	0	0	0	0	0	0	0	0	0	0	0	
0	0	0	0	0	0	0	0	0	0	0	0	0	0	0	0	0	0	0	0	
0	0	0	0	0	0	0	0	0	0	0	0	0	0	0	0	0	0	0	0	
0	0	0	0	0	0	0	0	0	0	0	0	0	0	0	0	0	0	0	0	
0	0	0	0	0	0	0	0	0	0	0	0	0	0	0	0	0	0	0	0	
0	0	0	0	0	0	0	0	0	0	0	0	0	0	0	0	0	0	0	0	
0	0	0	0	0	0	0	0	0	0	0	0	0	0	0	0	0	0	0	0	
0	0	0	0	0	0	0	0	0	0	0	0	0	0	0	0	0	0	0	0	
0	0	0	0	0	0	0	0	0	0	0	0	0	0	0	0	0	0	0	0	
0	0	0	0	0	0	0	0	0	0	0	0	0	0	0	0	0	0	0	0	
0	0	0	0	0	0	0	0	0	0	0	0	0	0	0	0	0	0	0	0	
0	0	0	0	0	0	0	0	0	0	0	0	0	0	0	0	0	0	0	0	
0	0	0	0	0	0	0	0	0	0	0	0	0	0	0	0	0	0	0	0	
0	0	0	0	0	0	0	0	0	0	0	0	0	0	0	0	0	0	0	0	
0	0	0	0	0	0	0	0	0	0	0	0	0	0	0	0	0	0	0	0	
0	0	0	0	0	0	0	0	0	0	0	0	0	0	0	0	0	0	0	0	
0	0	0	0	0	0	0	0	0	0	0	0	0	0	0	0	0	0	0	0	
0	0	0	0	0	0	0	0	0	0	0	0	0	0	0	0	0	0	0	0	
0	0	0	0	0	0	0	0	0	0	0	0	0	0	0	0	0	0	0	0	
0	0	0	0	0	0	0	0	0	0	0	0	0	0	0	0	0	0	0	0	
0	0	0	0	0	0	0	0	0	0	0	0	0	0	0	0	0	0	0	0	
0	0	0	0	0	0	0	0	0	0	0	0	0	0	0	0	0	0	0	0	
0	0	0	0	0	0	0	0	0	0	0	0	0	0	0	0	0	0	0	0	
0	0	0	0	0	0	0	0	0	0	0	0	0	0	0	0	0	0	0	0	
0	0	0	0	0	0	0	0	0	0	0	0	0	0	0	0	0	0	0	0	
0	0	0	0	0	0	0	0	0	0	0	0	0	0	0	0	0	0	0	0	
0	0	0	0	0	0	0	0	0	0	0	0	0	0	0	0	0	0	0	0	
0	0	0	0	0	0	0	0	0	0	0	0	0	0	0	0	0	0	0	0	
0	0	0	0	0	0	0	0	0	0	0	0	0	0	0	0	0	0	0	0	
0	0	0	0	0	0	0	0	0	0	0	0	0	0	0	0	0	0	0	0	
0	0	0	0	0	0	0	0	0	0	0	0	0	0	0	0	0	0	0	0	
0	0	0	0	0	0	0	0	0	0	0	0	0	0	0	0	0	0	0	0	
0	0	0	0	0	0	0	0	0	0	0	0	0	0	0	0	0	0	0	0	
0	0	0	0	0	0	0	0	0	0	0	0	0	0	0	0	0	0	0	0	
0	0	0	0	0	0	0	0	0	0	0	0	0	0	0	0	0	0	0	0	
0	0	0	0	0	0	0	0	0	0	0	0	0	0	0	0	0	0	0	0	
0	0	0	0	0	0	0	0	0	0	0	0	0	0	0	0	0	0	0	0	
0	0	0	0	0	0	0	0	0	0	0	0	0	0	0	0	0	0	0	0	
0	0	0	0	0	0	0	0	0	0	0	0	0	0	0	0	0	0	0	0	
0	0	0	0	0	0	0	0	0	0	0	0	0	0	0	0	0	0	0	0	
0	0	0	0	0	0	0	0	0	0	0	0	0	0	0	0	0	0	0	0	
0	0	0	0	0	0	0	0	0	0	0	0	0	0	0	0	0	0	0	0	
0	0	0	0	0	0	0	0	0	0	0	0	0	0	0	0	0	0	0	0	
0	0	0	0	0	0	0	0	0	0	0	0	0	0	0	0	0	0	0	0	
0	0	0	0	0	0	0	0	0	0	0	0	0	0	0	0	0	0	0	0	
0	0	0	0	0	0	0	0	0	0	0	0	0	0	0	0	0	0	0	0	
0	0	0	0	0	0	0	0	0	0	0	0	0	0	0	0	0	0	0	0	
0	0	0	0	0	0	0	0	0	0	0	0	0	0	0	0	0	0	0	0	
0	0	0	0	0	0	0	0	0	0	0	0	0	0	0	0	0	0	0	0	
0	0	0	0	0	0	0	0	0	0	0	0	0	0	0	0	0	0	0	0	
0	0	0	0	0	0	0	0	0	0	0	0	0	0	0	0	0	0	0	0	
0	0	0	0	0	0	0	0	0	0	0	0	0	0	0	0	0	0	0	0	
0	0	0	0	0	0	0	0	0	0	0	0	0	0	0	0	0	0	0	0	
0	0	0	0	0	0	0	0	0	0	0	0	0	0	0	0	0	0	0	0	
0	0	0	0	0	0	0	0	0	0	0	0	0	0	0	0	0	0	0	0	
0	0	0	0	0	0	0	0	0	0	0	0	0	0	0	0	0	0	0	0	
0	0	0	0	0	0	0	0	0	0	0	0	0	0	0	0	0	0	0	0	
0	0	0	0	0	0	0	0	0	0	0	0	0	0	0	0	0	0	0	0	
0	0	0	0	0	0	0	0	0	0	0	0	0	0	0	0	0	0	0	0	
0	0	0	0	0	0	0	0	0	0	0	0	0	0	0	0	0	0	0	0	
0	0	0	0	0	0	0	0	0	0	0	0	0	0	0	0	0	0	0	0	
0	0	0	0	0	0	0	0	0	0	0	0	0	0	0	0	0	0	0	0	
0	0	0	0	0	0	0	0	0	0	0	0	0	0	0	0	0	0	0	0	
0	0	0	0	0	0	0	0	0	0	0	0	0	0	0	0	0	0	0	0	
0	0	0	0	0	0	0	0	0	0	0	0	0	0	0	0	0	0	0	0	
0	0	0	0	0	0	0	0	0	0	0	0	0	0	0	0	0	0	0	0	
0	0	0	0	0	0	0	0	0	0	0	0	0	0	0	0	0	0	0	0	
0	0	0	0	0	0	0	0	0	0	0	0	0	0	0	0	0	0	0	0	
0	0	0	0	0	0	0	0	0	0	0	0	0	0	0	0	0	0	0	0	
0	0	0	0	0	0	0	0	0	0	0	0	0	0	0	0	0	0	0	0	
0	0	0	0	0	0	0	0	0	0	0	0	0	0	0	0	0	0	0	0	
0	0	0	0	0	0	0	0	0	0	0	0	0	0	0	0	0	0	0	0	
0	0	0	0	0	0	0	0	0	0	0	0	0	0	0	0	0	0	0	0	
0	0	0	0	0	0	0	0	0	0	0	0	0	0	0	0	0	0	0	0	
0	0	0	0	0	0	0	0	0	0	0	0	0	0	0	0	0	0	0	0	
0	0	0	0	0	0	0	0	0	0	0	0	0	0	0	0	0	0	0	0	
0	0	0	0	0	0	0	0	0	0	0	0	0	0	0	0	0	0	0	0	
0	0	0	0	0	0	0	0	0	0	0	0	0	0	0	0	0	0	0	0	
0	0	0	0	0	0	0	0	0	0	0	0	0	0	0	0	0	0	0	0	
0	0	0	0	0	0	0	0	0	0	0	0	0	0	0	0	0	0	0	0	
0	0	0	0	0	0	0	0	0	0	0	0	0	0	0	0	0	0	0	0	
0	0	0	0	0	0	0	0	0	0	0	0	0	0	0	0	0	0	0	0	
0	0	0	0	0	0	0	0	0	0	0	0	0	0	0	0	0	0	0	0	
0	0	0	0	0	0	0	0	0	0	0	0	0	0	0	0	0	0	0	0	
0	0	0	0	0	0	0	0	0	0	0	0	0	0	0	0	0	0	0	0	
0	0	0	0	0	0	0	0	0	0	0	0	0	0	0	0	0	0	0	0	
0	0	0	0	0	0	0	0	0	0	0	0	0	0	0	0	0	0	0	0	
0	0	0	0	0	0	0	0	0	0	0	0	0	0	0	0	0	0	0	0	
0	0	0	0	0	0	0	0	0	0	0	0	0	0	0	0	0	0	0	0	
0	0	0	0	0	0	0	0	0	0	0	0	0	0	0	0	0	0	0	0	
0	0	0	0	0	0	0	0	0	0	0	0	0	0	0	0	0	0	0	0	
0	0	0	0	0	0	0	0	0	0	0	0	0	0	0	0	0	0	0	0	
0	0	0	0	0	0	0	0	0	0	0	0	0	0	0	0	0	0	0	0	
0	0	0	0	0	0	0	0	0	0	0	0	0	0	0	0	0	0	0	0	
0	0	0	0	0	0	0	0	0	0	0	0	0	0	0	0	0	0	0	0	
0	0	0	0	0	0	0	0	0	0	0	0	0	0	0	0	0	0	0	0	
0	0	0	0	0	0	0	0	0	0	0	0	0	0	0	0	0	0	0	0	
0	0	0	0	0	0	0	0	0	0	0	0	0	0	0	0	0	0	0	0	
0	0	0	0	0	0	0	0	0	0	0	0	0	0	0	0	0	0	0	0	
0	0	0	0	0	0	0	0	0	0	0	0	0	0	0	0	0	0	0	0	
0	0	0	0	0	0	0	0	0	0	0	0	0	0	0	0	0	0	0	0	
0	0	0	0	0	0	0	0	0	0	0	0	0	0	0	0	0	0	0	0	
0	0	0	0	0	0	0	0	0	0	0	0	0	0	0	0	0	0	0	0	
0	0	0	0	0	0	0	0	0	0	0	0	0	0	0	0	0	0	0	0	
0	0	0	0	0	0	0	0	0	0	0	0	0	0	0	0	0	0	0	0	
0	0	0	0	0	0	0	0	0	0	0	0	0	0	0	0	0	0	0	0	
0	0	0	0	0	0	0	0	0	0	0	0	0	0	0	0	0	0	0	0	
0	0	0	0	0	0	0	0	0	0	0	0	0	0	0	0	0	0	0	0	
0	0	0	0	0	0	0	0	0	0	0	0	0	0	0	0	0	0	0	0	
0	0	0	0	0	0	0	0	0	0	0	0	0	0	0	0	0	0	0	0	
0	0	0	0	0	0	0	0	0	0	0	0	0	0	0	0	0	0	0	0	
0	0	0	0	0	0	0	0	0	0	0	0	0	0	0	0	0	0	0	0	
0	0	0	0	0	0	0	0	0	0	0	0	0	0	0	0	0	0	0	0	
0	0	0	0	0	0	0	0	0	0	0	0	0	0	0	0	0	0	0	0	
0	0	0	0	0	0	0	0	0	0	0	0	0	0	0	0	0	0	0	0	
0	0	0	0	0	0	0	0	0	0	0	0	0	0	0	0	0	0	0	0	
0	0	0	0	0	0	0	0	0	0	0	0	0	0	0	0	0	0	0	0	
0	0	0	0	0	0	0	0	0	0	0	0	0	0	0	0	0	0	0	0	
0	0	0	0	0	0	0	0	0	0	0	0	0	0	0	0	0	0	0	0	
0	0	0	0	0	0	0	0	0	0	0	0	0	0	0	0	0	0	0	0	
0	0	0	0	0	0	0	0	0	0	0	0	0	0	0	0	0	0	0	0	
0	0	0	0	0	0	0	0	0	0	0	0	0	0	0	0	0	0	0	0	
0	0	0	0	0	0	0	0	0	0	0	0	0	0	0	0	0	0	0	0	
0	0	0	0	0	0	0	0	0	0	0	0	0	0	0	0	0	0	0	0	
0	0	0	0	0	0	0	0	0	0	0	0	0	0	0	0	0	0	0	0	
0	0	0	0	0	0	0	0	0	0	0	0	0	0	0	0	0	0	0	0	
0	0	0	0	0	0	0	0	0	0	0	0	0	0	0	0	0	0	0	0	
0	0	0	0	0	0	0	0	0	0	0	0	0	0	0	0	0	0	0	0	
0	0	0	0	0	0	0	0	0	0	0	0	0	0	0	0	0	0	0	0	
0	0	0	0	0	0	0	0	0	0	0	0	0	0	0	0	0	0	0	0	
0	0	0	0	0	0	0	0	0	0	0	0	0	0	0	0	0	0	0	0	
0	0	0	0	0	0	0	0	0	0	0	0	0	0	0	0	0	0	0	0	
0	0	0	0	0	0	0	0	0	0	0	0	0	0	0	0	0	0	0	0	
0	0	0	0	0	0	0	0	0	0	0	0	0	0	0	0	0	0	0	0	
0	0	0	0	0	0	0	0	0	0	0	0	0	0	0	0	0	0	0	0	
0	0	0	0	0	0	0	0	0	0	0	0	0	0	0	0	0	0	0	0	
0	0	0	0	0	0	0	0	0	0	0	0	0	0	0	0	0	0	0	0	
0	0	0	0	0	0	0	0	0	0	0	0	0	0	0	0	0	0	0	0	
0	0	0	0	0	0	0	0	0	0	0	0	0	0	0	0	0	0	0	0	
0	0	0	0	0	0	0	0	0	0	0	0	0	0	0	0	0	0	0	0	
0	0	0	0	0	0	0	0	0	0	0	0	0	0	0	0	0	0	0	0	
0	0	0	0	0	0	0	0	0	0	0	0	0	0	0	0	0	0	0	0	
0	0	0	0	0	0	0	0	0	0	0	0	0	0	0	0	0	0	0	0	
0	0	0	0	0	0	0	0	0	0	0	0	0	0	0	0	0	0	0	0	
0	0	0	0	0	0	0	0	0	0	0	0	0	0	0	0	0	0	0	0	
0	0	0	0	0	0	0	0	0	0	0	0	0	0	0	0	0	0	0	0	
0	0	0	0	0	0	0	0	0	0	0	0	0	0	0	0	0	0	0	0	
0	0	0	0	0	0	0	0	0	0	0	0	0	0	0	0	0	0	0	0	
0	0	0	0	0	0	0	0	0	0	0	0	0	0	0	0	0	0	0	0	
0	0	0	0	0	0	0	0	0	0	0	0	0	0	0	0	0	0	0	0	
0	0	0	0	0	0	0	0	0	0	0	0	0	0	0	0	0	0	0	0	
0	0	0	0	0	0	0	0	0	0	0	0	0	0	0	0	0	0	0	0	
0	0	0	0	0	0	0	0	0	0	0	0	0	0	0	0	0	0	0	0	
0	0	0	0	0	0	0	0	0	0	0	0	0	0	0	0	0	0	0	0	
0	0	0	0	0	0	0	0	0	0	0	0	0	0	0	0	0	0	0	0	
0	0	0	0	0	0	0	0	0	0	0	0	0	0	0	0	0	0	0	0	
0	0	0	0	0	0	0	0	0	0	0	0	0	0	0	0	0	0	0	0	
0	0	0	0	0	0	0	0	0	0	0	0	0	0	0	0	0	0	0	0	
0	0	0	0	0	0	0	0	0	0	0	0	0	0	0	0	0	0	0	0	
0	0	0	0	0	0	0	0	0	0	0	0	0	0	0	0	0	0	0	0	
0	0	0	0	0	0	0	0	0	0	0	0	0	0	0	0	0	0	0	0	
0	0	0	0	0	0	0	0	0	0	0	0	0	0	0	0	0	0	0	0	
0	0	0	0	0	0	0	0	0	0	0	0	0	0	0	0	0	0	0	0	
0	0	0	0	0	0	0	0	0	0	0	0	0	0	0	0	0	0	0	0	
0	0	0	0	0	0	0	0	0	0	0	0	0	0	0	0	0	0	0	0	
0	0	0	0	0	0	0	0	0	0	0	0	0	0	0	0	0	0	0	0	
0	0	0	0	0	0	0	0	0	0	0	0	0	0	0	0	0	0	0	0	
0	0	0	0	0	0	0	0	0	0	0	0	0	0	0	0	0	0	0	0	
0	0	0	0	0	0	0	0	0	0	0	0	0	0	0	0	0	0	0	0	
0	0	0	0	0	0	0	0	0	0	0	0	0	0	0	0	0	0	0	0	
0	0	0	0	0	0	0	0	0	0	0	0	0	0	0	0	0	0	0	0	
0	0	0	0	0	0	0	0	0	0	0	0	0	0	0	0	0	0	0	0	
0	0	0	0	0	0	0	0	0	0	0	0	0	0	0	0	0	0	0	0	
0	0	0	0	0	0	0	0	0	0	0	0	0	0	0	0	0	0	0	0	
0	0	0	0	0	0	0	0	0	0	0	0	0	0	0	0	0	0	0	0	
0	0	0	0	0	0	0	0	0	0	0	0	0	0	0	0	0	0	0	0	
0	0	0	0	0	0	0	0	0	0	0	0	0	0	0	0	0	0	0	0	
0	0	0	0	0	0	0	0	0	0	0	0	0	0	0	0	0	0	0	0	
0	0	0	0	0	0	0	0	0	0	0	0	0	0	0	0	0	0	0	0	
0	0	0	0	0	0	0	0	0	0	0	0	0	0	0	0	0	0	0	0	
0	0	0	0	0	0	0	0	0	0	0	0	0	0	0	0	0	0	0	0	
0	0	0	0	0	0	0	0	0	0	0	0	0	0	0	0	0	0	0	0	
0	0	0	0	0	0	0	0	0	0	0	0	0	0	0	0	0	0	0	0	
0	0	0	0	0	0	0	0	0	0	0	0	0	0	0	0	0	0	0	0	
0	0	0	0	0	0	0	0	0	0	0	0	0	0	0	0	0	0	0	0	
0	0	0	0	0	0	0	0	0	0	0	0	0	0	0	0	0	0	0	0	
0	0	0	0	0	0	0	0	0	0	0	0	0	0	0	0	0	0	0	0	
0	0	0	0	0	0	0	0	0	0	0	0	0	0	0	0	0	0	0	0	
0	0	0	0	0	0	0	0	0	0	0	0	0	0	0	0	0	0	0	0	
0	0	0	0	0	0	0	0	0	0	0	0	0	0	0	0	0	0	0	0	
0	0	0	0	0	0	0	0	0	0	0	0	0	0	0	0	0	0	0	0	
0	0	0	0	0	0	0	0	0	0	0	0	0	0	0	0	0	0	0	0	
0	0	0	0	0	0	0	0	0	0	0	0	0	0	0	0	0	0	0	0	
0	0	0	0	0	0	0	0	0	0	0	0	0	0	0	0	0	0	0	0	
0	0	0	0	0	0	0	0	0	0	0	0	0	0	0	0	0	0	0	0	
0	0	0	0	0	0	0	0	0	0	0	0	0	0	0	0	0	0	0	0	
0	0	0	0	0	0	0	0	0	0	0	0	0	0	0	0	0	0	0	0	
0	0	0	0	0	0	0	0	0	0	0	0	0	0	0	0	0	0	0	0	
0	0	0	0	0	0	0	0	0	0	0	0	0	0	0	0	0	0	0	0	
0	0	0	0	0	0	0	0	0	0	0	0	0	0	0	0	0	0	0	0	
0	0	0	0	0	0	0	0	0	0	0	0	0	0	0	0	0	0	0	0	
0	0	0	0	0	0	0	0	0	0	0	0	0	0	0	0	0	0	0	0	
0	0	0	0	0	0	0	0	0	0	0	0	0	0	0	0	0	0	0	0	
0	0	0	0	0	0	0	0	0	0	0	0	0	0	0	0	0	0	0	0	
0	0	0	0	0	0	0	0	0	0	0	0	0	0	0	0	0	0	0	0	
0	0	0	0	0	0	0	0	0	0	0	0	0	0	0	0	0	0	0	0	
0	0	0	0	0	0	0	0	0	0	0	0	0	0	0	0	0	0	0	0	
0	0	0	0	0	0	0	0	0	0	0	0	0	0	0	0	0	0	0	0	
0	0	0	0	0	0	0	0	0	0	0	0	0	0	0	0	0	0	0	0	
0	0	0	0	0	0	0	0	0	0	0	0	0	0	0	0	0	0	0	0	
0	0	0	0	0	0	0	0	0	0	0	0	0	0	0	0	0	0	0	0	
0	0	0	0	0	0	0	0	0	0	0	0	0	0	0	0	0	0	0	0	
0	0	0	0	0	0	0	0	0	0	0	0	0	0	0	0	0	0	0	0	
0	0	0	0	0	0	0	0	0	0	0	0	0	0	0	0	0	0	0	0	
0	0	0	0	0	0	0	0	0	0	0	0	0	0	0	0	0	0	0	0	
0	0	0	0	0	0	0	0	0	0	0	0	0	0	0	0	0	0	0	0	
0	0	0	0	0	0	0	0	0	0	0	0	0	0	0	0	0	0	0	0	
0	0	0	0	0	0	0	0	0	0	0	0	0	0	0	0	0	0	0	0	
0	0	0	0	0	0	0	0	0	0	0	0	0	0	0	0	0	0	0	0	
0	0	0	0	0	0	0	0	0	0	0	0	0	0	0	0	0	0	0	0	
0	0	0	0	0	0	0	0	0	0	0	0	0	0	0	0	0	0	0	0	
0	0	0	0	0	0	0	0	0	0	0	0	0	0	0	0	0	0	0	0	
0	0	0	0	0	0	0	0	0	0	0	0	0	0	0	0	0	0	0	0	
0	0	0	0	0	0	0	0	0	0	0	0	0	0	0	0	0	0	0	0	
0	0	0	0	0	0	0	0	0	0	0	0	0	0	0	0	0	0	0	0	
0	0	0	0	0	0	0	0	0	0	0	0	0	0	0	0	0	0	0	0	
0	0	0	0	0	0	0	0	0	0	0	0	0	0	0	0	0	0	0	0	
0	0	0	0	0	0	0	0	0	0	0	0	0	0	0	0	0	0	0	0	
0	0	0	0	0	0	0	0	0	0	0	0	0	0	0	0	0	0	0	0	
0	0	0	0	0	0	0	0	0	0	0	0	0	0	0	0	0	0	0	0	
0	0	0	0	0	0	0	0	0	0	0	0	0	0	0	0	0	0	0	0	
0	0	0	0	0	0	0	0	0	0	0	0	0	0	0	0	0	0	0	0	
0	0	0	0	0	0	0	0	0	0	0	0	0	0	0	0	0	0	0	0	
0	0	0	0	0	0	0	0	0	0	0	0	0	0	0	0	0	0	0	0	
0	0	0	0	0	0	0	0	0	0	0	0	0	0	0	0	0	0	0	0	
0	0	0	0	0	0	0	0	0	0	0	0	0	0	0	0	0	0	0	0	
0	0	0	0	0	0	0	0	0	0	0	0	0	0	0	0	0	0	0	0	
0	0	0	0	0	0	0	0	0	0	0	0	0	0	0	0	0	0	0	0	
0	0	0	0	0	0	0	0	0	0	0	0	0	0	0	0	0	0	0	0	
0	0	0	0	0	0	0	0	0	0	0	0	0	0	0	0	0	0	0	0	
0	0	0	0	0	0	0	0	0	0	0	0	0	0	0	0	0	0	0	0	
0	0	0	0	0	0	0	0	0	0	0	0	0	0	0	0	0	0	0	0	
0	0	0	0	0	0	0	0	0	0	0	0	0	0	0	0	0	0	0	0	
0	0	0	0	0	0	0	0	0	0	0	0	0	0	0	0	0	0	0	0	
0	0	0	0	0	0	0	0	0	0	0	0	0	0	0	0	0	0	0	0	
0	0	0	0	0	0	0	0	0	0	0	0	0	0	0	0	0	0	0	0	
0	0	0	0	0	0	0	0	0	0	0	0	0	0	0	0	0	0	0	0	
0	0	0	0	0	0	0	0	0	0	0	0	0	0	0	0	0	0	0	0	
0	0	0	0	0	0	0	0	0	0	0	0	0	0	0	0	0	0	0	0	
0	0	0	0	0	0	0	0	0	0	0	0	0	0	0	0	0	0	0	0	
0	0	0	0	0	0	0	0	0	0	0	0	0	0	0	0	0	0	0	0	
0	0	0	0	0	0	0	0	0	0	0	0	0	0	0	0	0	0	0	0	
0	0	0	0	0	0	0	0	0	0	0	0	0	0	0	0	0	0	0	0	
0	0	0	0	0	0	0	0	0	0	0	0	0	0	0	0	0	0	0	0	
0	0	0	0	0	0	0	0	0	0	0	0	0	0	0	0	0	0	0	0	
0	0	0	0	0	0	0	0	0	0	0	0	0	0	0	0	0	0	0	0	
0	0	0	0	0	0	0	0	0	0	0	0	0	0	0	0	0	0	0	0	
0	0	0	0	0	0	0	0	0	0	0	0	0	0	0	0	0	0	0	0	
0	0	0	0	0	0	0	0	0	0	0	0	0	0	0	0	0	0	0	0	
0	0	0	0	0	0	0	0	0	0	0	0	0	0	0	0	0	0	0	0	
0	0	0	0	0	0	0	0	0	0	0	0	0	0	0	0	0	0	0	0	
0	0	0	0	0	0	0	0	0	0	0	0	0	0	0	0	0	0	0	0	
0	0	0	0	0	0	0	0	0	0	0	0	0	0	0	0	0	0	0	
