#x	y	misses

-96.6381	-2553.84	6123
-96.1659	-2542.66	0
-95.4983	-2535.66	4
-94.8783	-2527.66	215
-94.2601	-2519.66	1092
-93.6428	-2511.66	2253
-93.024	-2503.66	3375
-92.4091	-2495.11	1203
-91.7982	-2486.47	18
-91.1597	-2478.13	713
-90.5172	-2469.51	1546
-89.8424	-2461.66	7219
-89.2561	-2451.66	0
-88.6282	-2442.66	0
-87.959	-2434.66	2770
-87.3242	-2425.66	838
-86.6885	-2416.66	332
-86.0496	-2407.66	194
-85.3911	-2398.66	1350
-84.7326	-2389.66	3030
-84.0871	-2380.66	4086
-83.4879	-2371.66	2913
-82.8442	-2363.66	9762
-82.2311	-2354.66	5856
-81.6511	-2344.66	0
-81.0282	-2335.66	3
-80.3939	-2326.66	9
-79.78	-2317.16	0
-79.1604	-2307.66	0
-78.514	-2298.66	0
-77.8676	-2289.66	39
-77.3063	-2279.66	0
-76.6906	-2271.34	0
-76.1262	-2261.66	0
-75.5068	-2252.66	0
-74.8873	-2243.66	0
-74.2558	-2234.66	0
-73.6597	-2224.66	0
-73.0221	-2215.66	0
-72.3688	-2206.66	0
-71.7348	-2197.16	0
-71.1413	-2186.66	0
-70.4931	-2177.66	0
-69.8841	-2167.66	0
-69.2764	-2157.66	0
-68.7086	-2146.66	0
-68.0723	-2137.16	0
-67.4364	-2126.66	0
-66.7694	-2117.06	0
-66.1576	-2106.07	0
-65.573	-2094.66	0
-65.0272	-2082.14	0
-64.4038	-2071.22	0
-63.8022	-2059.66	2134
-63.1513	-2049.66	954
-62.5144	-2039.43	0
-61.9143	-2028.16	1961
-61.2609	-2017.17	2401
-60.5803	-2006.66	176
-59.9147	-1995.66	0
-59.3108	-1983.66	3874
-58.6835	-1972.64	8733
-58.0197	-1962.66	2508
-57.3604	-1952.04	99
-56.7166	-1940.93	0
-56.0936	-1929.41	705
-55.4757	-1918.42	1245
-54.8552	-1907.51	1176
-54.2191	-1896.66	138
-53.5796	-1885.66	0
-52.9402	-1874.66	0
-52.2474	-1865.66	0
-51.6331	-1854.48	0
-51.0417	-1842.66	0
-50.4147	-1832.16	0
-49.8585	-1819.66	0
-49.2117	-1808.66	0
-48.5587	-1797.16	0
-47.9359	-1784.66	0
-47.3151	-1772.16	0
-46.6799	-1760.16	0
-46.0896	-1746.66	0
-45.4986	-1733.16	0
-44.8925	-1720.16	2013
-44.2424	-1707.66	1285
-43.5808	-1695.16	0
-42.9327	-1682.16	0
-42.2835	-1670.16	0
-41.656	-1657.66	0
-41.0566	-1644.16	0
-40.4333	-1631.17	155
-39.8103	-1618.16	261
-39.1887	-1605.16	0
-38.5835	-1591.66	2109
-37.9636	-1578.66	1036
-37.3308	-1565.16	486
-36.6816	-1552.16	0
-36.0338	-1539.16	0
-35.4271	-1525.16	0
-34.7923	-1512.16	0
-34.1894	-1497.16	0
-33.5132	-1484.16	0
-32.8868	-1469.16	0
-32.2696	-1454.66	0
-31.6893	-1439.16	0
-31.0342	-1426.66	0
-30.6179	-1409.16	10413
-30.0696	-1394.16	20041
-29.3739	-1378.66	9642
-28.6781	-1363.16	2978
-27.9651	-1348.54	0
-27.3326	-1332.66	0
-26.7098	-1316.66	0
-26.1457	-1297.66	9451
-25.5158	-1280.66	14824
-24.8641	-1264.66	6287
-24.2436	-1246.66	10973
-23.5698	-1230.92	2365
-22.9358	-1213.26	3073
-22.2918	-1197.16	904
-21.6509	-1181.16	0
-21.0322	-1164.16	0
-20.4446	-1145.66	0
-19.8793	-1126.16	686
-19.218	-1109.05	0
-18.6261	-1087.16	556
-17.9803	-1068.16	0
-17.3428	-1048.39	0
-16.7136	-1028.15	0
-16.0947	-1006.65	488
-15.4095	-987.162	0
-14.7508	-966.032	0
-14.1005	-944.502	0
-13.4579	-922.782	0
-12.822	-900.662	0
-12.2296	-875.162	0
-11.597	-851.662	0
-10.9722	-827.662	0
-10.3456	-803.162	0
-9.75615	-776.162	0
-9.13803	-748.162	0
-8.47802	-718.692	0
-7.8172	-689.292	0
-7.16762	-659.162	0
-6.58114	-623.922	0
-5.98316	-589.662	0
-5.31404	-552.702	0
-4.67685	-511.662	0
-4.0583	-465.662	0
-3.37585	-414.222	0
-2.72094	-358.322	0
-2.04477	-296.542	0
-1.25072	-220.302	12591
-0.47874	-135.892	25830
1.23292	-29.1517	25830
2.48011	190.608	10670
3.07625	294.338	11084
3.51849	389.838	0
4.14693	448.418	0
4.74648	496.408	0
5.32849	537.338	0
5.92351	577.838	0
6.57182	616.158	0
7.19388	657.338	0
7.84507	691.838	0
8.45124	725.838	0
9.12111	754.338	0
9.7679	780.838	0
10.3701	808.338	0
11.0302	831.838	0
11.6529	853.838	0
12.3043	873.838	0
12.9399	894.338	0
13.4957	916.838	0
14.0218	940.838	0
14.6824	962.338	0
15.371	982.338	0
16.044	1003.34	136
16.6925	1022.84	4117
17.3236	1042.84	4596
17.9183	1064.84	0
18.5696	1083.84	3371
19.2302	1102.34	9046
19.8581	1121.34	8472
20.4406	1140.34	4281
21.012	1159.84	272
21.6428	1178.34	394
22.3045	1195.34	2906
22.9492	1212.84	5759
23.6023	1227.84	13324
24.209	1244.84	11812
24.8261	1261.85	10127
25.4071	1281.06	464
25.9977	1299.84	0
26.6389	1317.84	0
27.2948	1335.1	0
27.9296	1352.84	0
28.5135	1370.32	0
29.1201	1386.84	0
29.739	1403.34	0
30.3745	1419.34	0
31.0327	1434.34	0
31.6992	1447.84	0
32.3252	1462.84	0
32.962	1477.35	0
33.6116	1490.84	0
34.2871	1503.33	0
34.9267	1516.84	59
35.5536	1529.34	464
36.1805	1541.84	1294
36.8073	1554.34	5382
37.4043	1567.84	3156
37.9851	1581.84	464
38.5589	1594.84	464
39.0995	1608.85	0
39.6725	1623.84	0
40.2889	1637.84	0
40.8931	1652.34	0
41.5823	1663.84	0
42.2445	1676.34	0
42.8499	1690.34	0
43.4711	1702.84	0
44.1074	1714.84	0
44.7064	1727.34	0
45.2966	1739.84	0
45.9131	1751.84	0
46.5307	1764.84	1205
47.1925	1776.34	75
47.8052	1788.34	570
48.4298	1798.85	0
48.9695	1811.86	3992
49.642	1822.34	76
50.2677	1834.32	173
50.9245	1845.34	0
51.5706	1856.84	0
52.2475	1867.34	0
52.8906	1878.34	0
53.4461	1890.34	0
54.0202	1901.84	894
54.6912	1911.34	0
55.2947	1922.84	0
55.9015	1934.34	0
