fixed_alpha/bp3-p1_n_l
1.4
1.46
0
0
0
0
7.88734e-99
6.01683e-63
8.79676e-53
4.00702e-36
7.04462e-20
1.82482e-19
3.14607e-20
8.01264e-18
6.13543e-16
1.10469e-13
2.43498e-14
2.34743e-13
1.09584e-12
4.48636e-12
9.17579e-12
2.29677e-11
2.31144e-11
6.05552e-10
4.87641e-11
1.13201e-09
6.49002e-10
1.78574e-10
2.98008e-10
4.82417e-09
4.65776e-08
8.88181e-07
2.36491e-06
7.72569e-05
7.96948e-05
0.0180464
0.00619498
0.00870166
0.152304
0.0110233
1.7874
42.1223
4.46608
708.267
1.45506
1.49244
1.69462
15.6859
12.4907
5.70983
28.0247
9.94046
