#n_l	N_0	probability

1.40767	0.9025	0
1.4086	0.9025	0
1.40954	0.9025	1.18197e-48
1.41048	0.9025	7.95976e-38
1.41141	0.9025	1.00826e-35
1.41235	0.9025	1.09868e-34
1.41328	0.9025	1.89734e-33
1.41422	0.9025	2.39084e-33
1.41516	0.9025	6.47638e-32
1.41609	0.9025	6.24146e-31
1.41703	0.9025	1.50093e-30
1.41796	0.9025	2.37487e-30
1.4189	0.9025	1.96456e-29
1.41984	0.9025	3.09736e-29
1.42077	0.9025	1.24296e-28
1.42171	0.9025	1.52415e-28
1.42264	0.9025	3.84724e-28
1.42358	0.9025	1.75802e-27
1.42452	0.9025	3.66726e-27
1.42545	0.9025	1.17767e-26
1.42639	0.9025	1.53119e-26
1.42732	0.9025	2.42461e-26
1.42826	0.9025	3.32317e-26
1.4292	0.9025	4.74818e-26
1.43013	0.9025	8.52366e-26
1.43107	0.9025	1.16342e-25
1.432	0.9025	2.39941e-25
1.43294	0.9025	1.32249e-25
1.43388	0.9025	3.67226e-25
1.43481	0.9025	8.93002e-26
1.43575	0.9025	1.12423e-25
1.43668	0.9025	1.73528e-25
1.43762	0.9025	2.11291e-25
1.43856	0.9025	1.58875e-25
1.43949	0.9025	1.22885e-25
1.44043	0.9025	3.75973e-26
1.44136	0.9025	3.83658e-26
1.4423	0.9025	2.38181e-25
1.44324	0.9025	2.1578e-26
1.44417	0.9025	7.96736e-27
1.44511	0.9025	2.85465e-27
1.44604	0.9025	2.39869e-27
1.44698	0.9025	1.09057e-27
1.44792	0.9025	2.12897e-28
1.44885	0.9025	5.90478e-29
1.44979	0.9025	1.25717e-29
1.45072	0.9025	1.91951e-30
1.45166	0.9025	1.23053e-31
1.4526	0.9025	1.47114e-32
1.45353	0.9025	8.56919e-34
1.40767	0.9075	0
1.4086	0.9075	0
1.40954	0.9075	7.0059e-47
1.41048	0.9075	2.96906e-36
1.41141	0.9075	7.8574e-34
1.41235	0.9075	4.38842e-33
1.41328	0.9075	3.86294e-32
1.41422	0.9075	2.40893e-31
1.41516	0.9075	2.23179e-30
1.41609	0.9075	2.38107e-29
1.41703	0.9075	8.41549e-29
1.41796	0.9075	3.25366e-28
1.4189	0.9075	1.35067e-27
1.41984	0.9075	2.04624e-27
1.42077	0.9075	8.90525e-27
1.42171	0.9075	5.33457e-26
1.42264	0.9075	5.01162e-26
1.42358	0.9075	5.43649e-26
1.42452	0.9075	1.61994e-25
1.42545	0.9075	2.85363e-25
1.42639	0.9075	9.66956e-25
1.42732	0.9075	1.71125e-24
1.42826	0.9075	2.53395e-24
1.4292	0.9075	2.23643e-24
1.43013	0.9075	7.27484e-24
1.43107	0.9075	9.70569e-24
1.432	0.9075	1.18794e-23
1.43294	0.9075	1.29322e-23
1.43388	0.9075	1.13272e-23
1.43481	0.9075	1.13694e-23
1.43575	0.9075	1.63176e-23
1.43668	0.9075	8.43842e-24
1.43762	0.9075	2.01545e-23
1.43856	0.9075	1.23178e-23
1.43949	0.9075	1.91503e-23
1.44043	0.9075	7.75312e-24
1.44136	0.9075	2.84644e-24
1.4423	0.9075	2.09937e-24
1.44324	0.9075	2.65634e-24
1.44417	0.9075	7.22813e-25
1.44511	0.9075	2.21792e-25
1.44604	0.9075	1.69126e-25
1.44698	0.9075	4.31645e-26
1.44792	0.9075	2.17544e-26
1.44885	0.9075	8.15692e-27
1.44979	0.9075	1.9752e-27
1.45072	0.9075	1.64928e-28
1.45166	0.9075	2.60062e-29
1.4526	0.9075	4.10452e-30
1.45353	0.9075	1.41829e-31
1.40767	0.9125	0
1.4086	0.9125	0
1.40954	0.9125	2.02723e-42
1.41048	0.9125	2.83886e-33
1.41141	0.9125	8.05177e-32
1.41235	0.9125	2.19075e-31
1.41328	0.9125	1.01625e-30
1.41422	0.9125	3.43295e-29
1.41516	0.9125	7.72309e-28
1.41609	0.9125	6.10297e-27
1.41703	0.9125	3.12176e-26
1.41796	0.9125	1.53826e-25
1.4189	0.9125	1.25545e-25
1.41984	0.9125	6.2718e-25
1.42077	0.9125	5.04262e-25
1.42171	0.9125	2.76594e-24
1.42264	0.9125	5.58632e-24
1.42358	0.9125	4.87535e-24
1.42452	0.9125	2.15095e-23
1.42545	0.9125	4.769e-23
1.42639	0.9125	9.43085e-23
1.42732	0.9125	1.81054e-22
1.42826	0.9125	2.74049e-22
1.4292	0.9125	5.96483e-22
1.43013	0.9125	6.84166e-22
1.43107	0.9125	1.30087e-21
1.432	0.9125	1.52312e-21
1.43294	0.9125	8.7724e-22
1.43388	0.9125	2.19257e-21
1.43481	0.9125	1.41374e-21
1.43575	0.9125	1.86719e-21
1.43668	0.9125	1.28273e-21
1.43762	0.9125	1.21991e-21
1.43856	0.9125	1.03233e-21
1.43949	0.9125	1.00969e-21
1.44043	0.9125	5.98284e-22
1.44136	0.9125	7.41506e-22
1.4423	0.9125	6.24697e-22
1.44324	0.9125	1.46264e-22
1.44417	0.9125	6.60576e-23
1.44511	0.9125	2.25304e-23
1.44604	0.9125	1.22196e-23
1.44698	0.9125	5.71482e-24
1.44792	0.9125	2.09564e-24
1.44885	0.9125	4.80922e-25
1.44979	0.9125	6.79991e-26
1.45072	0.9125	7.68489e-27
1.45166	0.9125	5.73972e-28
1.4526	0.9125	4.89342e-29
1.45353	0.9125	4.25949e-30
1.40767	0.9175	0
1.4086	0.9175	0
1.40954	0.9175	1.63405e-38
1.41048	0.9175	2.57223e-31
1.41141	0.9175	7.83003e-31
1.41235	0.9175	1.60555e-29
1.41328	0.9175	5.6261e-28
1.41422	0.9175	8.07522e-27
1.41516	0.9175	4.07205e-26
1.41609	0.9175	2.30398e-25
1.41703	0.9175	9.82974e-25
1.41796	0.9175	4.19451e-24
1.4189	0.9175	5.85522e-24
1.41984	0.9175	1.90604e-23
1.42077	0.9175	1.11522e-22
1.42171	0.9175	8.50004e-23
1.42264	0.9175	3.9014e-22
1.42358	0.9175	1.61542e-21
1.42452	0.9175	2.00271e-21
1.42545	0.9175	3.91846e-21
1.42639	0.9175	7.5607e-21
1.42732	0.9175	1.10545e-20
1.42826	0.9175	2.32937e-20
1.4292	0.9175	4.15521e-20
1.43013	0.9175	4.22471e-20
1.43107	0.9175	7.38282e-20
1.432	0.9175	6.74517e-20
1.43294	0.9175	8.24883e-20
1.43388	0.9175	6.97718e-20
1.43481	0.9175	8.56108e-20
1.43575	0.9175	1.03007e-19
1.43668	0.9175	6.44707e-20
1.43762	0.9175	1.16404e-19
1.43856	0.9175	1.00701e-19
1.43949	0.9175	8.31433e-20
1.44043	0.9175	6.37789e-20
1.44136	0.9175	4.43693e-20
1.4423	0.9175	1.06436e-20
1.44324	0.9175	1.26508e-20
1.44417	0.9175	7.75253e-21
1.44511	0.9175	2.95845e-21
1.44604	0.9175	1.27641e-21
1.44698	0.9175	7.42353e-22
1.44792	0.9175	3.24369e-22
1.44885	0.9175	2.48032e-22
1.44979	0.9175	6.22571e-23
1.45072	0.9175	2.69776e-24
1.45166	0.9175	2.69925e-25
1.4526	0.9175	1.65698e-26
1.45353	0.9175	2.42489e-28
1.40767	0.9225	0
1.4086	0.9225	0
1.40954	0.9225	3.35771e-36
1.41048	0.9225	8.26221e-30
1.41141	0.9225	1.00049e-27
1.41235	0.9225	6.47398e-28
1.41328	0.9225	3.24192e-26
1.41422	0.9225	1.03072e-24
1.41516	0.9225	2.84761e-23
1.41609	0.9225	9.67978e-23
1.41703	0.9225	3.07308e-22
1.41796	0.9225	1.16735e-22
1.4189	0.9225	6.18123e-22
1.41984	0.9225	8.76061e-22
1.42077	0.9225	2.34876e-21
1.42171	0.9225	5.56636e-21
1.42264	0.9225	5.47084e-20
1.42358	0.9225	7.50685e-20
1.42452	0.9225	1.65998e-19
1.42545	0.9225	4.6762e-19
1.42639	0.9225	2.53522e-18
1.42732	0.9225	3.97099e-18
1.42826	0.9225	5.80176e-18
1.4292	0.9225	3.14619e-17
1.43013	0.9225	1.19626e-17
1.43107	0.9225	1.24644e-17
1.432	0.9225	1.31073e-17
1.43294	0.9225	2.90214e-17
1.43388	0.9225	3.50746e-17
1.43481	0.9225	1.05551e-17
1.43575	0.9225	3.62777e-17
1.43668	0.9225	3.1765e-18
1.43762	0.9225	2.11014e-17
1.43856	0.9225	2.2453e-18
1.43949	0.9225	5.25488e-18
1.44043	0.9225	2.55975e-18
1.44136	0.9225	3.57114e-18
1.4423	0.9225	1.11973e-17
1.44324	0.9225	2.147e-18
1.44417	0.9225	3.9007e-19
1.44511	0.9225	8.31337e-19
1.44604	0.9225	2.76748e-19
1.44698	0.9225	8.52354e-20
1.44792	0.9225	1.41e-20
1.44885	0.9225	2.01136e-21
1.44979	0.9225	2.15297e-22
1.45072	0.9225	1.96507e-23
1.45166	0.9225	1.39651e-24
1.4526	0.9225	6.57868e-26
1.45353	0.9225	2.23258e-27
1.40767	0.9275	0
1.4086	0.9275	0
1.40954	0.9275	1.58176e-31
1.41048	0.9275	1.30376e-28
1.41141	0.9275	8.50797e-28
1.41235	0.9275	1.44992e-25
1.41328	0.9275	1.20966e-23
1.41422	0.9275	1.32036e-22
1.41516	0.9275	3.06556e-22
1.41609	0.9275	1.02524e-21
1.41703	0.9275	2.00798e-21
1.41796	0.9275	2.77505e-21
1.4189	0.9275	1.49366e-20
1.41984	0.9275	9.33046e-20
1.42077	0.9275	5.5917e-19
1.42171	0.9275	9.83584e-19
1.42264	0.9275	7.15101e-18
1.42358	0.9275	2.48676e-17
1.42452	0.9275	2.33077e-17
1.42545	0.9275	8.73355e-17
1.42639	0.9275	1.92288e-16
1.42732	0.9275	2.71246e-16
1.42826	0.9275	4.18329e-16
1.4292	0.9275	3.62209e-16
1.43013	0.9275	6.03282e-16
1.43107	0.9275	9.08621e-16
1.432	0.9275	1.75044e-15
1.43294	0.9275	6.068e-16
1.43388	0.9275	9.66088e-16
1.43481	0.9275	2.04614e-15
1.43575	0.9275	3.71524e-16
1.43668	0.9275	1.3362e-15
1.43762	0.9275	2.05763e-16
1.43856	0.9275	3.00946e-16
1.43949	0.9275	8.61192e-17
1.44043	0.9275	4.32054e-17
1.44136	0.9275	3.70215e-17
1.4423	0.9275	4.11476e-17
1.44324	0.9275	7.51871e-17
1.44417	0.9275	3.17038e-17
1.44511	0.9275	1.75532e-17
1.44604	0.9275	2.72895e-18
1.44698	0.9275	1.04882e-18
1.44792	0.9275	2.6913e-19
1.44885	0.9275	7.82602e-20
1.44979	0.9275	2.49091e-20
1.45072	0.9275	3.39055e-21
1.45166	0.9275	2.80966e-22
1.4526	0.9275	1.2556e-23
1.45353	0.9275	1.74738e-25
1.40767	0.9325	0
1.4086	0.9325	0
1.40954	0.9325	9.2666e-30
1.41048	0.9325	4.09535e-26
1.41141	0.9325	1.47375e-25
1.41235	0.9325	3.6296e-24
1.41328	0.9325	3.93116e-22
1.41422	0.9325	7.93786e-22
1.41516	0.9325	1.32536e-20
1.41609	0.9325	2.10018e-20
1.41703	0.9325	7.13166e-20
1.41796	0.9325	3.93521e-19
1.4189	0.9325	9.12179e-19
1.41984	0.9325	4.83057e-18
1.42077	0.9325	1.55132e-17
1.42171	0.9325	5.15994e-17
1.42264	0.9325	1.14526e-16
1.42358	0.9325	2.48635e-16
1.42452	0.9325	9.67649e-16
1.42545	0.9325	3.08183e-15
1.42639	0.9325	5.90432e-15
1.42732	0.9325	8.05843e-15
1.42826	0.9325	6.09761e-15
1.4292	0.9325	8.43805e-15
1.43013	0.9325	8.03646e-15
1.43107	0.9325	1.42162e-14
1.432	0.9325	2.28305e-14
1.43294	0.9325	3.58274e-14
1.43388	0.9325	2.11522e-14
1.43481	0.9325	1.70531e-14
1.43575	0.9325	5.75467e-15
1.43668	0.9325	1.16529e-14
1.43762	0.9325	5.2971e-15
1.43856	0.9325	5.61151e-15
1.43949	0.9325	5.37492e-15
1.44043	0.9325	3.69274e-15
1.44136	0.9325	1.27554e-15
1.4423	0.9325	9.95444e-16
1.44324	0.9325	7.52874e-16
1.44417	0.9325	3.31849e-16
1.44511	0.9325	4.79679e-16
1.44604	0.9325	1.52168e-16
1.44698	0.9325	5.49339e-17
1.44792	0.9325	1.21984e-17
1.44885	0.9325	1.61571e-18
1.44979	0.9325	4.44847e-19
1.45072	0.9325	5.62173e-20
1.45166	0.9325	5.22613e-21
1.4526	0.9325	1.07725e-21
1.45353	0.9325	2.19988e-22
1.40767	0.9375	0
1.4086	0.9375	3.96476e-57
1.40954	0.9375	9.15169e-28
1.41048	0.9375	5.41891e-26
1.41141	0.9375	3.09149e-24
1.41235	0.9375	9.35403e-22
1.41328	0.9375	1.35884e-20
1.41422	0.9375	1.21765e-19
1.41516	0.9375	2.80781e-19
1.41609	0.9375	5.54774e-19
1.41703	0.9375	1.07032e-18
1.41796	0.9375	1.53498e-17
1.4189	0.9375	1.07659e-16
1.41984	0.9375	3.5238e-16
1.42077	0.9375	1.38479e-15
1.42171	0.9375	1.01471e-14
1.42264	0.9375	9.09709e-15
1.42358	0.9375	3.24188e-14
1.42452	0.9375	2.53759e-14
1.42545	0.9375	8.40184e-14
1.42639	0.9375	2.64638e-13
1.42732	0.9375	1.53129e-13
1.42826	0.9375	2.47255e-13
1.4292	0.9375	3.87593e-13
1.43013	0.9375	3.08593e-13
1.43107	0.9375	1.0699e-12
1.432	0.9375	8.92788e-13
1.43294	0.9375	7.85483e-13
1.43388	0.9375	2.16665e-12
1.43481	0.9375	8.37607e-13
1.43575	0.9375	1.00294e-12
1.43668	0.9375	5.63685e-13
1.43762	0.9375	6.64151e-13
1.43856	0.9375	5.27852e-13
1.43949	0.9375	1.28115e-13
1.44043	0.9375	5.92032e-14
1.44136	0.9375	7.07179e-14
1.4423	0.9375	5.49794e-14
1.44324	0.9375	1.66913e-14
1.44417	0.9375	1.3215e-14
1.44511	0.9375	1.1277e-14
1.44604	0.9375	2.34396e-15
1.44698	0.9375	9.25894e-16
1.44792	0.9375	3.52808e-16
1.44885	0.9375	6.66861e-17
1.44979	0.9375	1.04253e-17
1.45072	0.9375	8.94118e-19
1.45166	0.9375	8.02466e-20
1.4526	0.9375	2.09419e-21
1.45353	0.9375	8.60925e-23
1.40767	0.9425	0
1.4086	0.9425	9.75018e-53
1.40954	0.9425	5.35448e-26
1.41048	0.9425	4.61673e-24
1.41141	0.9425	5.00316e-21
1.41235	0.9425	1.94533e-19
1.41328	0.9425	1.12029e-18
1.41422	0.9425	1.25234e-18
1.41516	0.9425	2.32278e-18
1.41609	0.9425	1.24148e-17
1.41703	0.9425	2.463e-16
1.41796	0.9425	1.9091e-15
1.4189	0.9425	8.69131e-15
1.41984	0.9425	1.6058e-14
1.42077	0.9425	9.7459e-14
1.42171	0.9425	1.70113e-13
1.42264	0.9425	3.24321e-13
1.42358	0.9425	4.98421e-13
1.42452	0.9425	7.59429e-13
1.42545	0.9425	1.2674e-12
1.42639	0.9425	1.58694e-12
1.42732	0.9425	2.46423e-12
1.42826	0.9425	3.36023e-12
1.4292	0.9425	5.76114e-12
1.43013	0.9425	1.08122e-11
1.43107	0.9425	9.8561e-12
1.432	0.9425	2.16189e-11
1.43294	0.9425	2.53559e-11
1.43388	0.9425	2.34085e-11
1.43481	0.9425	4.04503e-11
1.43575	0.9425	2.35563e-11
1.43668	0.9425	3.75007e-11
1.43762	0.9425	8.60489e-12
1.43856	0.9425	1.20943e-11
1.43949	0.9425	6.25638e-12
1.44043	0.9425	4.80014e-12
1.44136	0.9425	2.33408e-12
1.4423	0.9425	6.25374e-13
1.44324	0.9425	5.35069e-13
1.44417	0.9425	1.26006e-13
1.44511	0.9425	8.29601e-14
1.44604	0.9425	6.63796e-14
1.44698	0.9425	2.79338e-14
1.44792	0.9425	8.97539e-15
1.44885	0.9425	3.66207e-15
1.44979	0.9425	6.00167e-16
1.45072	0.9425	8.9197e-17
1.45166	0.9425	8.30141e-18
1.4526	0.9425	3.02157e-19
1.45353	0.9425	2.23272e-21
1.40767	0.9475	0
1.4086	0.9475	7.30793e-49
1.40954	0.9475	9.45446e-24
1.41048	0.9475	2.4869e-21
1.41141	0.9475	4.80413e-19
1.41235	0.9475	2.8954e-18
1.41328	0.9475	4.6212e-18
1.41422	0.9475	2.60863e-17
1.41516	0.9475	1.85878e-16
1.41609	0.9475	4.30543e-15
1.41703	0.9475	9.84536e-15
1.41796	0.9475	7.08116e-14
1.4189	0.9475	1.95744e-13
1.41984	0.9475	5.70255e-13
1.42077	0.9475	1.42517e-12
1.42171	0.9475	1.98748e-12
1.42264	0.9475	4.51792e-12
1.42358	0.9475	9.1161e-12
1.42452	0.9475	1.13763e-11
1.42545	0.9475	2.19116e-11
1.42639	0.9475	3.90767e-11
1.42732	0.9475	5.28701e-11
1.42826	0.9475	1.18176e-10
1.4292	0.9475	9.9226e-11
1.43013	0.9475	1.31838e-10
1.43107	0.9475	1.98861e-10
1.432	0.9475	5.54849e-10
1.43294	0.9475	3.97597e-10
1.43388	0.9475	2.17386e-10
1.43481	0.9475	5.62499e-10
1.43575	0.9475	3.09827e-10
1.43668	0.9475	3.68439e-10
1.43762	0.9475	4.22489e-10
1.43856	0.9475	1.90728e-10
1.43949	0.9475	1.72528e-10
1.44043	0.9475	1.29786e-10
1.44136	0.9475	5.20525e-11
1.4423	0.9475	2.36728e-11
1.44324	0.9475	1.40337e-11
1.44417	0.9475	5.84949e-12
1.44511	0.9475	2.82978e-12
1.44604	0.9475	7.86367e-13
1.44698	0.9475	3.4006e-13
1.44792	0.9475	1.40681e-13
1.44885	0.9475	4.37537e-14
1.44979	0.9475	7.65744e-15
1.45072	0.9475	9.42608e-16
1.45166	0.9475	8.84487e-17
1.4526	0.9475	1.68758e-17
1.45353	0.9475	5.38721e-21
1.40767	0.9525	0
1.4086	0.9525	1.91552e-43
1.40954	0.9525	5.83164e-22
1.41048	0.9525	1.74254e-19
1.41141	0.9525	1.04141e-17
1.41235	0.9525	3.3559e-17
1.41328	0.9525	2.02549e-16
1.41422	0.9525	8.65312e-16
1.41516	0.9525	5.97554e-15
1.41609	0.9525	5.34633e-14
1.41703	0.9525	3.89914e-13
1.41796	0.9525	1.48518e-12
1.4189	0.9525	3.78798e-12
1.41984	0.9525	1.04814e-11
1.42077	0.9525	2.12378e-11
1.42171	0.9525	3.66674e-11
1.42264	0.9525	1.09053e-10
1.42358	0.9525	3.36882e-10
1.42452	0.9525	2.62181e-10
1.42545	0.9525	6.0283e-10
1.42639	0.9525	9.47772e-10
1.42732	0.9525	1.36871e-09
1.42826	0.9525	2.52483e-09
1.4292	0.9525	3.62443e-09
1.43013	0.9525	5.77228e-09
1.43107	0.9525	6.47955e-09
1.432	0.9525	4.80259e-09
1.43294	0.9525	9.90904e-09
1.43388	0.9525	1.17754e-08
1.43481	0.9525	8.6953e-09
1.43575	0.9525	9.79875e-09
1.43668	0.9525	1.07586e-08
1.43762	0.9525	9.91901e-09
1.43856	0.9525	1.46034e-08
1.43949	0.9525	6.71282e-09
1.44043	0.9525	3.34157e-09
1.44136	0.9525	2.30504e-09
1.4423	0.9525	3.66407e-09
1.44324	0.9525	8.11358e-10
1.44417	0.9525	1.12311e-10
1.44511	0.9525	8.43328e-11
1.44604	0.9525	1.0795e-10
1.44698	0.9525	7.59771e-11
1.44792	0.9525	3.53512e-11
1.44885	0.9525	1.12908e-11
1.44979	0.9525	2.36221e-12
1.45072	0.9525	3.2094e-13
1.45166	0.9525	3.07837e-14
1.4526	0.9525	2.84344e-15
1.45353	0.9525	2.11826e-20
1.40767	0.9575	0
1.4086	0.9575	4.66094e-38
1.40954	0.9575	1.08812e-20
1.41048	0.9575	5.51116e-18
1.41141	0.9575	1.87547e-16
1.41235	0.9575	6.00289e-16
1.41328	0.9575	5.47119e-15
1.41422	0.9575	2.60819e-14
1.41516	0.9575	7.62792e-13
1.41609	0.9575	5.30071e-12
1.41703	0.9575	2.39754e-11
1.41796	0.9575	3.9285e-11
1.4189	0.9575	1.64503e-10
1.41984	0.9575	4.22306e-10
1.42077	0.9575	8.77335e-10
1.42171	0.9575	6.69871e-10
1.42264	0.9575	1.50061e-09
1.42358	0.9575	3.99674e-09
1.42452	0.9575	1.21911e-08
1.42545	0.9575	1.95238e-08
1.42639	0.9575	2.51388e-08
1.42732	0.9575	5.92686e-08
1.42826	0.9575	8.59067e-08
1.4292	0.9575	1.24899e-07
1.43013	0.9575	9.90216e-08
1.43107	0.9575	1.92525e-07
1.432	0.9575	3.41328e-07
1.43294	0.9575	2.30503e-07
1.43388	0.9575	2.01425e-07
1.43481	0.9575	3.03074e-07
1.43575	0.9575	1.44108e-07
1.43668	0.9575	1.48584e-07
1.43762	0.9575	2.37251e-07
1.43856	0.9575	1.26223e-07
1.43949	0.9575	1.24081e-07
1.44043	0.9575	1.50071e-07
1.44136	0.9575	4.25323e-08
1.4423	0.9575	1.87541e-08
1.44324	0.9575	1.76673e-08
1.44417	0.9575	9.72724e-09
1.44511	0.9575	3.08895e-09
1.44604	0.9575	7.83973e-10
1.44698	0.9575	2.37899e-10
1.44792	0.9575	6.92352e-11
1.44885	0.9575	1.19733e-11
1.44979	0.9575	2.22173e-12
1.45072	0.9575	7.52916e-13
1.45166	0.9575	6.77743e-14
1.4526	0.9575	7.0915e-15
1.45353	0.9575	4.06883e-20
1.40767	0.9625	0
1.4086	0.9625	2.34348e-36
1.40954	0.9625	6.92389e-18
1.41048	0.9625	3.33496e-16
1.41141	0.9625	6.60453e-16
1.41235	0.9625	3.07676e-14
1.41328	0.9625	2.76947e-13
1.41422	0.9625	3.19893e-12
1.41516	0.9625	2.05391e-11
1.41609	0.9625	1.67882e-10
1.41703	0.9625	1.08307e-10
1.41796	0.9625	3.40808e-10
1.4189	0.9625	8.08187e-10
1.41984	0.9625	1.69623e-09
1.42077	0.9625	9.22396e-09
1.42171	0.9625	2.35943e-08
1.42264	0.9625	5.5089e-08
1.42358	0.9625	1.86864e-07
1.42452	0.9625	3.87572e-07
1.42545	0.9625	6.71872e-07
1.42639	0.9625	1.05351e-06
1.42732	0.9625	1.43019e-06
1.42826	0.9625	2.18299e-06
1.4292	0.9625	3.00286e-06
1.43013	0.9625	5.30054e-06
1.43107	0.9625	5.66272e-06
1.432	0.9625	5.82268e-06
1.43294	0.9625	5.45997e-06
1.43388	0.9625	6.69453e-06
1.43481	0.9625	4.3185e-06
1.43575	0.9625	5.20967e-06
1.43668	0.9625	4.24123e-06
1.43762	0.9625	2.00709e-06
1.43856	0.9625	2.17082e-06
1.43949	0.9625	2.06089e-06
1.44043	0.9625	5.05506e-07
1.44136	0.9625	8.52403e-07
1.4423	0.9625	3.66265e-07
1.44324	0.9625	1.16184e-07
1.44417	0.9625	6.746e-08
1.44511	0.9625	2.57547e-08
1.44604	0.9625	1.7813e-08
1.44698	0.9625	6.24436e-09
1.44792	0.9625	2.8992e-09
1.44885	0.9625	5.87232e-10
1.44979	0.9625	9.18928e-11
1.45072	0.9625	1.07809e-11
1.45166	0.9625	1.7438e-12
1.4526	0.9625	1.07988e-13
1.45353	0.9625	4.4838e-19
1.40767	0.9675	0
1.4086	0.9675	3.02549e-29
1.40954	0.9675	2.04402e-17
1.41048	0.9675	9.13144e-16
1.41141	0.9675	4.51061e-14
1.41235	0.9675	1.76102e-12
1.41328	0.9675	8.74444e-12
1.41422	0.9675	3.24536e-11
1.41516	0.9675	1.10292e-10
1.41609	0.9675	2.84431e-10
1.41703	0.9675	2.32205e-09
1.41796	0.9675	1.20721e-08
1.4189	0.9675	2.5945e-08
1.41984	0.9675	1.44283e-07
1.42077	0.9675	3.64747e-07
1.42171	0.9675	1.03746e-06
1.42264	0.9675	2.17794e-06
1.42358	0.9675	7.39307e-06
1.42452	0.9675	1.23452e-05
1.42545	0.9675	1.56882e-05
1.42639	0.9675	2.35276e-05
1.42732	0.9675	3.81043e-05
1.42826	0.9675	8.81833e-05
1.4292	0.9675	7.17233e-05
1.43013	0.9675	6.10309e-05
1.43107	0.9675	0.000111464
1.432	0.9675	0.000287997
1.43294	0.9675	0.000128639
1.43388	0.9675	0.000170128
1.43481	0.9675	0.000548386
1.43575	0.9675	0.000173776
1.43668	0.9675	0.000603276
1.43762	0.9675	0.000154409
1.43856	0.9675	7.51295e-05
1.43949	0.9675	9.9957e-05
1.44043	0.9675	3.91511e-05
1.44136	0.9675	1.05434e-05
1.4423	0.9675	1.59833e-05
1.44324	0.9675	6.44086e-06
1.44417	0.9675	1.41299e-06
1.44511	0.9675	1.17249e-06
1.44604	0.9675	5.81777e-07
1.44698	0.9675	2.84668e-07
1.44792	0.9675	1.02093e-07
1.44885	0.9675	2.71551e-08
1.44979	0.9675	4.39355e-09
1.45072	0.9675	4.838e-10
1.45166	0.9675	3.10959e-11
1.4526	0.9675	1.86059e-12
1.45353	0.9675	3.99788e-17
1.40767	0.9725	0
1.4086	0.9725	8.99071e-27
1.40954	0.9725	3.23296e-16
1.41048	0.9725	1.79408e-13
1.41141	0.9725	5.66031e-11
1.41235	0.9725	6.17885e-11
1.41328	0.9725	5.84258e-11
1.41422	0.9725	9.0161e-10
1.41516	0.9725	6.05722e-09
1.41609	0.9725	9.20117e-08
1.41703	0.9725	8.27515e-07
1.41796	0.9725	1.26858e-06
1.4189	0.9725	6.12693e-06
1.41984	0.9725	1.25805e-05
1.42077	0.9725	6.43839e-05
1.42171	0.9725	5.66011e-05
1.42264	0.9725	0.000116123
1.42358	0.9725	0.000150735
1.42452	0.9725	0.000222245
1.42545	0.9725	0.000362481
1.42639	0.9725	0.000549692
1.42732	0.9725	0.000840918
1.42826	0.9725	0.00120762
1.4292	0.9725	0.00168741
1.43013	0.9725	0.0011642
1.43107	0.9725	0.00230702
1.432	0.9725	0.00398001
1.43294	0.9725	0.00284648
1.43388	0.9725	0.00350031
1.43481	0.9725	0.00513272
1.43575	0.9725	0.00312139
1.43668	0.9725	0.00603882
1.43762	0.9725	0.00544999
1.43856	0.9725	0.00327331
1.43949	0.9725	0.00489697
1.44043	0.9725	0.00148541
1.44136	0.9725	0.000699067
1.4423	0.9725	0.00100351
1.44324	0.9725	0.000376799
1.44417	0.9725	2.36744e-05
1.44511	0.9725	1.07728e-05
1.44604	0.9725	3.85751e-06
1.44698	0.9725	1.03995e-06
1.44792	0.9725	2.80104e-07
1.44885	0.9725	6.48618e-08
1.44979	0.9725	1.13477e-08
1.45072	0.9725	1.87631e-09
1.45166	0.9725	1.59542e-10
1.4526	0.9725	1.17295e-11
1.45353	0.9725	1.61213e-16
1.40767	0.9775	0
1.4086	0.9775	3.74022e-25
1.40954	0.9775	2.67604e-13
1.41048	0.9775	4.83786e-11
1.41141	0.9775	2.29728e-10
1.41235	0.9775	1.88099e-10
1.41328	0.9775	1.05902e-09
1.41422	0.9775	4.16157e-08
1.41516	0.9775	8.1477e-07
1.41609	0.9775	6.56547e-06
1.41703	0.9775	3.0377e-05
1.41796	0.9775	4.24853e-05
1.4189	0.9775	0.00012754
1.41984	0.9775	0.000163584
1.42077	0.9775	0.000359382
1.42171	0.9775	0.000280917
1.42264	0.9775	0.000526011
1.42358	0.9775	0.00137407
1.42452	0.9775	0.00251638
1.42545	0.9775	0.00635184
1.42639	0.9775	0.0116022
1.42732	0.9775	0.0191451
1.42826	0.9775	0.0299039
1.4292	0.9775	0.0594598
1.43013	0.9775	0.0595136
1.43107	0.9775	0.081748
1.432	0.9775	0.124174
1.43294	0.9775	0.0646794
1.43388	0.9775	0.0589009
1.43481	0.9775	0.0671179
1.43575	0.9775	0.0593562
1.43668	0.9775	0.0309869
1.43762	0.9775	0.0847218
1.43856	0.9775	0.0320164
1.43949	0.9775	0.0237592
1.44043	0.9775	0.0633407
1.44136	0.9775	0.0293575
1.4423	0.9775	0.00957537
1.44324	0.9775	0.0054411
1.44417	0.9775	0.0029592
1.44511	0.9775	0.0015996
1.44604	0.9775	0.000331699
1.44698	0.9775	2.8506e-05
1.44792	0.9775	4.87737e-06
1.44885	0.9775	1.07305e-06
1.44979	0.9775	1.17269e-07
1.45072	0.9775	1.10308e-08
1.45166	0.9775	1.85983e-09
1.4526	0.9775	2.27996e-10
1.45353	0.9775	4.91191e-17
1.40767	0.9825	0
1.4086	0.9825	7.44349e-21
1.40954	0.9825	1.83451e-11
1.41048	0.9825	8.64206e-10
1.41141	0.9825	2.31503e-10
1.41235	0.9825	2.69373e-09
1.41328	0.9825	2.0674e-07
1.41422	0.9825	5.10178e-06
1.41516	0.9825	2.38798e-05
1.41609	0.9825	0.000167672
1.41703	0.9825	0.000279454
1.41796	0.9825	0.000362468
1.4189	0.9825	0.000695001
1.41984	0.9825	0.000861149
1.42077	0.9825	0.00333077
1.42171	0.9825	0.00703224
1.42264	0.9825	0.0320591
1.42358	0.9825	0.128917
1.42452	0.9825	0.323403
1.42545	0.9825	0.67798
1.42639	0.9825	1.11778
1.42732	0.9825	1.49967
1.42826	0.9825	2.37695
1.4292	0.9825	4.18467
1.43013	0.9825	7.451
1.43107	0.9825	8.7174
1.432	0.9825	4.54193
1.43294	0.9825	5.33184
1.43388	0.9825	8.8529
1.43481	0.9825	2.41542
1.43575	0.9825	2.75433
1.43668	0.9825	1.25073
1.43762	0.9825	0.922364
1.43856	0.9825	0.518173
1.43949	0.9825	0.578994
1.44043	0.9825	0.727215
1.44136	0.9825	0.333833
1.4423	0.9825	0.288325
1.44324	0.9825	0.0999655
1.44417	0.9825	0.10997
1.44511	0.9825	0.0725231
1.44604	0.9825	0.0162585
1.44698	0.9825	0.00268326
1.44792	0.9825	0.000489844
1.44885	0.9825	5.85333e-05
1.44979	0.9825	4.77291e-06
1.45072	0.9825	3.39722e-07
1.45166	0.9825	2.22348e-08
1.4526	0.9825	7.5077e-10
1.45353	0.9825	2.0769e-17
1.40767	0.9875	0
1.4086	0.9875	4.50322e-18
1.40954	0.9875	7.71314e-11
1.41048	0.9875	1.23017e-09
1.41141	0.9875	9.36311e-09
1.41235	0.9875	3.74306e-07
1.41328	0.9875	7.37444e-06
1.41422	0.9875	8.41561e-05
1.41516	0.9875	0.000411657
1.41609	0.9875	0.000648414
1.41703	0.9875	0.000969482
1.41796	0.9875	0.00227782
1.4189	0.9875	0.00775509
1.41984	0.9875	0.0268863
1.42077	0.9875	0.0890423
1.42171	0.9875	0.279714
1.42264	0.9875	1.60367
1.42358	0.9875	2.64588
1.42452	0.9875	4.73657
1.42545	0.9875	8.02746
1.42639	0.9875	12.4978
1.42732	0.9875	20.6851
1.42826	0.9875	33.2073
1.4292	0.9875	34.0646
1.43013	0.9875	71.6496
1.43107	0.9875	186.139
1.432	0.9875	89.8074
1.43294	0.9875	61.8614
1.43388	0.9875	124.345
1.43481	0.9875	51.5219
1.43575	0.9875	64.2101
1.43668	0.9875	35.5714
1.43762	0.9875	22.3665
1.43856	0.9875	13.7032
1.43949	0.9875	4.50537
1.44043	0.9875	3.66149
1.44136	0.9875	2.07208
1.4423	0.9875	1.14223
1.44324	0.9875	0.785753
1.44417	0.9875	0.794894
1.44511	0.9875	0.305978
1.44604	0.9875	0.107777
1.44698	0.9875	0.0407035
1.44792	0.9875	0.00783857
1.44885	0.9875	0.00187354
1.44979	0.9875	0.000201309
1.45072	0.9875	1.34847e-05
1.45166	0.9875	1.02414e-06
1.4526	0.9875	3.71948e-08
1.45353	0.9875	1.93267e-17
1.40767	0.9925	0
1.4086	0.9925	6.87124e-17
1.40954	0.9925	4.03539e-10
1.41048	0.9925	2.44219e-09
1.41141	0.9925	3.25689e-07
1.41235	0.9925	2.56747e-05
1.41328	0.9925	0.000719052
1.41422	0.9925	0.00171028
1.41516	0.9925	0.00226998
1.41609	0.9925	0.0028061
1.41703	0.9925	0.00838595
1.41796	0.9925	0.057251
1.4189	0.9925	0.252392
1.41984	0.9925	1.57735
1.42077	0.9925	3.68053
1.42171	0.9925	13.3259
1.42264	0.9925	49.5284
1.42358	0.9925	80.7592
1.42452	0.9925	99.5518
1.42545	0.9925	163.661
1.42639	0.9925	225.831
1.42732	0.9925	326.462
1.42826	0.9925	690.762
1.4292	0.9925	885.455
1.43013	0.9925	1317.68
1.43107	0.9925	1155.03
1.432	0.9925	1674.32
1.43294	0.9925	2408.02
1.43388	0.9925	1790.23
1.43481	0.9925	904.256
1.43575	0.9925	2371.78
1.43668	0.9925	530.348
1.43762	0.9925	1413.12
1.43856	0.9925	378.461
1.43949	0.9925	136.024
1.44043	0.9925	168.954
1.44136	0.9925	23.4147
1.4423	0.9925	10.9521
1.44324	0.9925	15.899
1.44417	0.9925	7.65109
1.44511	0.9925	2.52978
1.44604	0.9925	0.892885
1.44698	0.9925	0.459484
1.44792	0.9925	0.0984774
1.44885	0.9925	0.0260394
1.44979	0.9925	0.003575
1.45072	0.9925	0.000491091
1.45166	0.9925	3.59733e-05
1.4526	0.9925	1.33096e-06
1.45353	0.9925	2.41735e-18
1.40767	0.9975	0
1.4086	0.9975	4.44646e-14
1.40954	0.9975	1.27378e-09
1.41048	0.9975	9.00724e-08
1.41141	0.9975	4.25767e-06
1.41235	0.9975	0.00144292
1.41328	0.9975	0.00140524
1.41422	0.9975	0.0023303
1.41516	0.9975	0.00415769
1.41609	0.9975	0.0236523
1.41703	0.9975	0.283396
1.41796	0.9975	1.11363
1.4189	0.9975	7.85503
1.41984	0.9975	28.3745
1.42077	0.9975	124.503
1.42171	0.9975	140.44
1.42264	0.9975	293.078
1.42358	0.9975	668.167
1.42452	0.9975	1195.29
1.42545	0.9975	1379.24
1.42639	0.9975	1706.08
1.42732	0.9975	2343.56
1.42826	0.9975	3467.94
1.4292	0.9975	4072.14
1.43013	0.9975	15266.1
1.43107	0.9975	19683.3
1.432	0.9975	8199.38
1.43294	0.9975	24704.3
1.43388	0.9975	15677.2
1.43481	0.9975	16002.2
1.43575	0.9975	28127.9
1.43668	0.9975	20699
1.43762	0.9975	4357.2
1.43856	0.9975	18890.7
1.43949	0.9975	3300.36
1.44043	0.9975	3476.52
1.44136	0.9975	1646.74
1.4423	0.9975	254.166
1.44324	0.9975	70.4836
1.44417	0.9975	42.9949
1.44511	0.9975	29.7799
1.44604	0.9975	30.585
1.44698	0.9975	19.544
1.44792	0.9975	6.51366
1.44885	0.9975	1.84022
1.44979	0.9975	0.312008
1.45072	0.9975	0.034215
1.45166	0.9975	0.00210829
1.4526	0.9975	0.000120825
1.45353	0.9975	6.68475e-19
