fixed_alpha/bp3-p2_n_l
1.4084
1.4576
8.42918e-18
9.65352e-12
9.74215e-10
1.058e-07
2.52581e-07
4.75636e-06
2.64158e-05
0.000220067
0.00198603
0.00215172
0.00701877
0.0448942
0.262226
0.556165
1.23127
0.652445
1.48614
5.64859
21.3006
57.6791
89.0014
81.9363
31.0214
59.8593
31.3665
37.0954
57.7293
68.3951
112.58
122.507
119.136
42.4187
28.7905
20.9908
10.8584
5.92077
2.75487
3.09443
1.47702
0.266526
0.0778578
0.0984159
0.00741238
0.00347849
0.000493397
6.83233e-05
1.13468e-05
1.27586e-06
2.77038e-09
3.36861e-11
