-0.5 53.1667
-1.5 52.4444
-2.5 52.5
-3.5 57.2223
-4.5 61.8333
-5.5 62.8889
-6.5 65.5555
-7.5 65.5
-8.5 63.8889
-9.5 63.7223
-10.5 64.2778
-11.5 64.1667
-12.5 62.7222
-13.5 56.6111
-14.5 48.7222
-15.5 46.7222
-16.5 45.1667
-17.5 42.0555
-18.5 40.9445
-19.5 37.7222
-20.5 34.2222
-21.5 34.1111
-22.5 32.0555
-23.5 32.7778
-24.5 40.5555
-25.5 50.6667
-26.5 56.4445
-27.5 62.4445
-28.5 67.1111
-29.5 65.7222
-30.5 67
-31.5 67.5
-32.5 64.8889
-33.5 64.1111
-34.5 61.5556
-35.5 58.2778
-36.5 56.8889
-37.5 52
-38.5 44.7777
-39.5 38.3889
-40.5 34.1111
-41.5 31.6667
-42.5 34.7778
-43.5 40
-44.5 39.1111
-45.5 38.0555
-46.5 40.4445
-47.5 46.5555
-48.5 52.7222
-49.5 56.9445
-50.5 58.6667
-51.5 58.5
-52.5 60.0555
-53.5 62.8889
-54.5 63.8889
-55.5 63.1111
-56.5 63.6667
-57.5 63.9445
-58.5 62.5555
-59.5 59.7222
-60.5 58.3889
-61.5 56.3333
-62.5 50.6667
-63.5 46.5
-64.5 44
-65.5 40.2222
-66.5 36.6667
-67.5 35.0555
-68.5 35.2778
-69.5 34.6667
-70.5 33.8889
-71.5 37.7778
-72.5 44.4445
-73.5 48.1111
-74.5 53.7778
-75.5 58.5555
-76.5 58.9444
-77.5 60.9444
-78.5 61.7777
-79.5 59.9445
-80.5 58.8333
-81.5 60.0555
-82.5 61.4445
-83.5 63.6111
-84.5 66.9444
-85.5 64.8888
-86.5 55.2222
-87.5 43
-88.5 36.7222
-89.5 35.7777
-90.5 35.5
-91.5 35.3889
-92.5 33.0555
-93.5 31.9444
-94.5 34
-95.5 38.6667
-96.5 46
-97.5 51.5
-98.5 54.7222
-99.5 58
-100.5 61.8889
-101.5 65.6111
-102.5 68.6667
-103.5 69.5
-104.5 69.0556
-105.5 68.1111
-106.5 65.3333
-107.5 61.8889
-108.5 56.8333
-109.5 49.5555
-110.5 43.6111
-111.5 38.7223
-112.5 33.6667
-113.5 32.1667
-114.5 32.1111
-115.5 34.0555
-116.5 35.6111
-117.5 38.3333
-118.5 45
-119.5 52
-120.5 58.4445
-121.5 59.1111
-122.5 59.7777
-123.5 64.0555
-124.5 67.5555
-125.5 69.8888
-126.5 65.8889
-127.5 61.5
-128.5 61
-129.5 59
-130.5 57.7223
-131.5 57.6111
-132.5 56.2777
-133.5 51.6667
-134.5 46.5
-135.5 41.2778
-136.5 37.4445
-137.5 27.9444
-138.5 28.7222
-139.5 36.3333
-140.5 39.0555
-141.5 39.9445
-142.5 42.6111
-143.5 51
-144.5 53.3333
-145.5 54.2222
-146.5 52.4445
-147.5 53
-148.5 57.5
-149.5 61.1667
-150.5 64.3333
-151.5 69
-152.5 70.5555
-153.5 66.7778
-154.5 63.2778
-155.5 58.5555
-156.5 53.5
-157.5 51.8889
-158.5 51.8889
-159.5 52.2223
-160.5 47.4445
-161.5 40.8333
-162.5 35.1111
-163.5 30.6111
-164.5 30.2778
-165.5 29.8889
-166.5 31.9444
-167.5 34.5
-168.5 36.2778
-169.5 41.3333
-170.5 46.9445
-171.5 51.4445
-172.5 55.6111
-173.5 59.8333
-174.5 64.2777
-175.5 69.5
-176.5 70.1112
-177.5 69.2223
-178.5 69.2223
-179.5 65.9444
-180.5 61.8333
-181.5 58.5555
-182.5 56.5555
-183.5 49.8889
-184.5 41
-185.5 36.1111
-186.5 32.2223
-187.5 28.6667
-188.5 28.6111
-189.5 29.6667
-190.5 31.2222
-191.5 33.8333
-192.5 38.4445
-193.5 44.8889
-194.5 49.8889
-195.5 55.4445
-196.5 61.5
-197.5 65
-198.5 66.6111
-199.5 68.9444
-200.5 70.9444
-201.5 68.9444
-202.5 66.8333
-203.5 66.2222
-204.5 63.6111
-205.5 56.9445
-206.5 51.1111
-207.5 47.3889
-208.5 45.2778
-209.5 45.1667
-210.5 42.2222
-211.5 40.2222
-212.5 40.1667
-213.5 37.3889
-214.5 34.8333
-215.5 35.8333
-216.5 33.8889
-217.5 31.9444
-218.5 36.5555
-219.5 43.2777
-220.5 48.6667
-221.5 52.6111
-222.5 57.6111
-223.5 62.1111
-224.5 64.2222
-225.5 64.2222
-226.5 63.9445
-227.5 64.0556
-228.5 64.9444
-229.5 64.8333
-230.5 62.1667
-231.5 60
-232.5 58.5555
-233.5 56.3333
-234.5 56
-235.5 56.3333
-236.5 55.5
-237.5 53.7223
-238.5 47.3889
-239.5 39.1111
-240.5 33.9445
-241.5 31.0556
-242.5 30.6111
-243.5 35.4445
-244.5 39.2778
-245.5 39.6111
-246.5 38.5556
-247.5 38.8333
-248.5 43.7777
-249.5 48.8333
-250.5 55.6667
-251.5 62.0555
-252.5 63.7222
-253.5 64.6111
-254.5 65
-255.5 64.8333
-256.5 64.9444
-257.5 66.0556
-258.5 66.5
-259.5 65.5
-260.5 65.1112
-261.5 64.2223
-262.5 62
-263.5 57.2777
-264.5 50.3889
-265.5 46.9445
-266.5 44.6667
-267.5 40
-268.5 35.6667
-269.5 33.3889
-270.5 31.7778
-271.5 31.0556
-272.5 31
-273.5 31.6111
-274.5 34.8333
-275.5 36.0555
-276.5 36.8889
-277.5 43.3889
-278.5 54.6111
-279.5 63.3333
-280.5 65.3888
-281.5 64.4444
-282.5 64.2777
-283.5 65.2222
-284.5 66.1111
-285.5 67.1111
-286.5 68
-287.5 67.6112
-288.5 67.1112
-289.5 67.0556
-290.5 67.2222
-291.5 67.5555
-292.5 65.2777
-293.5 57.6667
-294.5 48.6111
-295.5 40.5555
-296.5 33.6667
-297.5 31
-298.5 32
-299.5 33.8889
-300.5 35.0555
-301.5 39.0555
-302.5 44.6111
-303.5 48.8889
-304.5 53.0555
-305.5 57.9445
-306.5 60.7223
-307.5 61.5
-308.5 62.4445
-309.5 64.3333
-310.5 66.2778
-311.5 67.3889
-312.5 67.7777
-313.5 68.6111
-314.5 66.2778
-315.5 64.5555
-316.5 60.7222
-317.5 54.6111
-318.5 52.9445
-319.5 49.7223
-320.5 42.2223
-321.5 33.7778
-322.5 31.0556
-323.5 31.8333
-324.5 31.7222
-325.5 30.1667
-326.5 28.7778
-327.5 28.3333
-328.5 29.1667
-329.5 32.0555
-330.5 36.7222
-331.5 39.9445
-332.5 42.9445
-333.5 48.0555
-334.5 52.8333
-335.5 54.0555
-336.5 55.1111
-337.5 57.4445
-338.5 58.3889
-339.5 61.2778
-340.5 62.1667
-341.5 62.8889
-342.5 65.2777
-343.5 65.2222
-344.5 64.8889
-345.5 63.6111
-346.5 61.8333
-347.5 58.3889
-348.5 51.0556
-349.5 44.5556
-350.5 43.9445
-351.5 44.6111
-352.5 41.1111
-353.5 39.0555
-354.5 39.3333
-355.5 37.1667
-356.5 32.8333
-357.5 29.7222
-358.5 29.6111
-359.5 30.3333
-360.5 30.0556
-361.5 30
-362.5 34.5
-363.5 39.5555
-364.5 41.6667
-365.5 45
-366.5 47.8889
-367.5 50.7777
-368.5 54.2777
-369.5 57.9444
-370.5 61.1111
-371.5 62.8889
-372.5 64.9445
-373.5 64.9445
-374.5 64
-375.5 63.3333
-376.5 62.1667
-377.5 59.5555
-378.5 59.6667
-379.5 60.9445
-380.5 57.5555
-381.5 51.8333
-382.5 46.1111
-383.5 45.6111
-384.5 45.4445
-385.5 38.9445
-386.5 33.6667
-387.5 31.3889
-388.5 29.4444
-389.5 28.7778
-390.5 30
-391.5 33.8889
-392.5 37.8333
-393.5 40.4445
-394.5 42.8333
-395.5 47.6111
-396.5 52.3889
-397.5 58.1667
-398.5 63.7778
-399.5 66.1111
-400.5 68.1111
-401.5 70.3889
-402.5 71.8889
-403.5 70.8889
-404.5 69.6667
-405.5 68.3333
-406.5 62.3888
-407.5 55.2777
-408.5 54.3333
-409.5 53.9445
-410.5 51.5
-411.5 45.3333
-412.5 38.8333
-413.5 36.6111
-414.5 32.5556
-415.5 29.6111
-416.5 28.1111
-417.5 28.5
-418.5 33.8889
-419.5 39.8889
-420.5 41
-421.5 41.4445
-422.5 45.1111
-423.5 46.3333
-424.5 46.3333
-425.5 48.9445
-426.5 54.3889
-427.5 59
-428.5 60.0555
-429.5 60.8889
-430.5 60.1667
-431.5 60.8889
-432.5 64.6667
-433.5 66.3333
-434.5 67.2778
-435.5 69.5556
-436.5 70.3889
-437.5 70.2778
-438.5 70.2222
-439.5 67.1667
-440.5 63.7778
-441.5 60.2778
-442.5 54.8333
-443.5 51.2778
-444.5 48.8333
-445.5 47.1667
-446.5 42.7222
-447.5 35.2778
-448.5 33.0556
-449.5 38.0556
-450.5 41.4445
-451.5 41
-452.5 40.9445
-453.5 39.1667
-454.5 40.7222
-455.5 42.7777
-456.5 43.7222
-457.5 46.8889
-458.5 51.4445
-459.5 57.9445
-460.5 64.3333
-461.5 67.2777
-462.5 67.4444
-463.5 67.4444
-464.5 54.1111
-465.5 52.1667
-466.5 65.3333
-467.5 65.5
-468.5 63.5
-469.5 62.6111
-470.5 59.8889
-471.5 55.4445
-472.5 52.7222
-473.5 53.1111
-474.5 53.5555
-475.5 48.8333
-476.5 41.2778
-477.5 36.3889
-478.5 34.7223
-479.5 34.7223
-480.5 39.2223
-481.5 45.2223
-482.5 46.7223
-483.5 45.8889
-484.5 47.0555
-485.5 50.6111
-486.5 53.5
-487.5 56.5
-488.5 59.1111
-489.5 58.3889
-490.5 55.4445
-491.5 55.9445
-492.5 58.2778
-493.5 59.8889
-494.5 61
-495.5 60.5555
-496.5 59.7222
-497.5 59.9445
-498.5 59.2778
-499.5 57.2222
-500.5 56.1111
-501.5 54.2778
-502.5 50.8333
-503.5 48.9445
-504.5 46.8889
-505.5 43.4445
-506.5 40.6667
-507.5 36.5
-508.5 35.3333
-509.5 36.7778
-510.5 35.8333
-511.5 36.5
-512.5 36.6667
-513.5 34.1111
-514.5 34.5555
-515.5 36.2777
-516.5 38.8333
-517.5 40.2777
-518.5 41.7777
-519.5 45.7222
-520.5 48.1667
-521.5 50.7222
-522.5 53.6111
-523.5 57.3333
-524.5 63.0555
-525.5 69
-526.5 70.5556
-527.5 69.2778
-528.5 68.0555
-529.5 66.8333
-530.5 68.8889
-531.5 69.1667
-532.5 65.3333
-533.5 59.8333
-534.5 51.6667
-535.5 43.6667
-536.5 39.7222
-537.5 36.8333
-538.5 34.0555
-539.5 32.6111
-540.5 32.8333
-541.5 34.1667
-542.5 36.0555
-543.5 37.6111
-544.5 37.8333
-545.5 39.9444
-546.5 43.3333
-547.5 46.1111
-548.5 49.0555
-549.5 55.2222
-550.5 60.6667
-551.5 62.9445
-552.5 64
-553.5 63.3889
-554.5 63.7223
-555.5 66
-556.5 67.0556
-557.5 67.6667
-558.5 66.8333
-559.5 66.6111
-560.5 65.7222
-561.5 64
-562.5 63.7778
-563.5 62.5
-564.5 60.1667
-565.5 57
-566.5 56.7778
-567.5 57.0555
-568.5 54.3333
-569.5 50.5555
-570.5 45.9445
-571.5 40.1111
-572.5 35.1111
-573.5 31.6111
-574.5 30.6111
-575.5 31.1111
-576.5 31.8889
-577.5 35.0555
-578.5 40.3333
-579.5 46.0555
-580.5 48.5
-581.5 49.6667
-582.5 51.7777
-583.5 53.7222
-584.5 55.8889
-585.5 56.9445
-586.5 58.7777
-587.5 61.6667
-588.5 63.3889
-589.5 63.7778
-590.5 63.5
-591.5 63.3333
-592.5 60.5555
-593.5 58.3889
-594.5 54.2222
-595.5 47.5
-596.5 45.3333
-597.5 44.1111
-598.5 41.3889
-599.5 39
-600.5 36.0555
-601.5 33.1111
-602.5 32.5555
-603.5 36.9445
-604.5 42.7777
-605.5 42.7222
-606.5 40.8333
-607.5 41.6111
-608.5 43.7778
-609.5 46.0555
-610.5 48.3333
-611.5 51.6667
-612.5 53.3889
-613.5 53.1111
-614.5 54.9445
-615.5 59.1667
-616.5 62.2223
-617.5 63.6667
-618.5 64.5556
-619.5 64.0555
-620.5 65.3333
-621.5 66.0555
-622.5 65.2222
-623.5 65.3888
-624.5 64.1667
-625.5 62.8889
-626.5 62.4445
-627.5 61
-628.5 58.8889
-629.5 54.4445
-630.5 50.6111
-631.5 47.5
-632.5 41.7223
-633.5 37.7778
-634.5 36.6667
-635.5 35.5
-636.5 34.5555
-637.5 35.7777
-638.5 34.3333
-639.5 32.4445
-640.5 33
-641.5 36.7223
-642.5 43.3333
-643.5 48.1667
-644.5 52.0555
-645.5 54.5555
-646.5 54.8333
-647.5 55.3889
-648.5 57.7223
-649.5 61.8889
-650.5 64.6667
-651.5 65.3333
-652.5 66.1111
-653.5 65.6667
-654.5 65.9444
-655.5 66.1667
-656.5 65.8889
-657.5 65
-658.5 61.8333
-659.5 58.3333
-660.5 54.4445
-661.5 49.6667
-662.5 46.2222
-663.5 46.2778
-664.5 43.4445
-665.5 38.6667
-666.5 36.8333
-667.5 33.9445
-668.5 33.1111
-669.5 32.8333
-670.5 32.7778
-671.5 33.7778
-672.5 33.2778
-673.5 36.4445
-674.5 42.1111
-675.5 46.2222
-676.5 47.7777
-677.5 50.6111
-678.5 56.1667
-679.5 59.5
-680.5 61.5556
-681.5 61.7778
-682.5 61.2778
-683.5 61.7778
-684.5 62.7222
-685.5 64.4444
-686.5 64.5555
-687.5 63.1111
-688.5 61.8333
-689.5 60.6111
-690.5 58.6111
-691.5 55.5555
-692.5 53.4445
-693.5 51.8333
-694.5 51.6667
-695.5 50.6667
-696.5 46.0555
-697.5 39.3889
-698.5 35.5
-699.5 34.9445
-700.5 34.5
-701.5 35.2778
-702.5 35.2223
-703.5 33.5
-704.5 33.4444
-705.5 36.2777
-706.5 39.2777
-707.5 43.3333
-708.5 46.9445
-709.5 47.7778
-710.5 50.2778
-711.5 54
-712.5 56.1667
-713.5 57.8889
-714.5 60.5555
-715.5 63.2222
-716.5 64.3889
-717.5 64.1112
-718.5 64.5
-719.5 64.8333
-720.5 64.9445
-721.5 64.8889
-722.5 63.5555
-723.5 63.4445
-724.5 63.7778
-725.5 61.7778
-726.5 59.1111
-727.5 56.8333
-728.5 55.3889
-729.5 55.3889
-730.5 53.0555
-731.5 49.3333
-732.5 46.3889
-733.5 43.9445
-734.5 41.8889
-735.5 39.8333
-736.5 36.3333
-737.5 31.7222
-738.5 31.6667
-739.5 34.6111
-740.5 37.3889
-741.5 41.1667
-742.5 43.3889
-743.5 46.2223
-744.5 49.7223
-745.5 51.7778
-746.5 52.5
-747.5 53.4445
-748.5 54.7778
-749.5 54.6667
-750.5 55.7223
-751.5 56.6111
-752.5 57.3889
-753.5 57.6111
-754.5 57.3333
-755.5 59.5555
-756.5 61.6111
-757.5 61.3889
-758.5 58.7778
-759.5 56.0555
-760.5 51.5
-761.5 46.2223
-762.5 46.3889
-763.5 45.7222
-764.5 45
-765.5 45.7223
-766.5 46.6111
-767.5 47.2222
-768.5 42.7222
-769.5 38.6111
-770.5 38.9445
-771.5 40.7778
-772.5 40.3889
-773.5 37.7222
-774.5 33.9445
-775.5 31.6111
-776.5 34.8889
-777.5 40.8889
-778.5 45.7223
-779.5 49.1111
-780.5 52.9445
-781.5 55.0556
-782.5 55.6111
-783.5 61.3333
-784.5 53.1667
-785.5 53
-786.5 66.2223
-787.5 67.5555
-788.5 68.7777
-789.5 68.7222
-790.5 68.4445
-791.5 67.9445
-792.5 66.1111
-793.5 63.9445
-794.5 63.1111
-795.5 61.9445
-796.5 59.5556
-797.5 54.6667
-798.5 49.6111
-799.5 46.3889
-800.5 41.3889
-801.5 38.2777
-802.5 36.3889
-803.5 34.8889
-804.5 35.3333
-805.5 35
-806.5 35.1667
-807.5 39.1111
-808.5 41.8889
-809.5 41.2777
-810.5 40.3333
-811.5 40.7223
-812.5 41.8333
-813.5 42.1667
-814.5 45.3333
-815.5 50.2777
-816.5 51.7222
-817.5 53.6111
-818.5 57.8333
-819.5 61.4444
-820.5 65.0556
-821.5 66.7778
-822.5 66.0556
-823.5 64.6111
-824.5 63.5
-825.5 63.3333
-826.5 63.2223
-827.5 62.2223
-828.5 62.5
-829.5 61
-830.5 60.1667
-831.5 59.8333
-832.5 55.5555
-833.5 51.3889
-834.5 48.1111
-835.5 44.2223
-836.5 41.3889
-837.5 38.4445
-838.5 35.5
-839.5 34.8889
-840.5 35.2223
-841.5 35.3333
-842.5 33.5555
-843.5 35.2222
-844.5 39.7777
-845.5 42.7777
-846.5 45.4445
-847.5 48
-848.5 50.1667
-849.5 55.3333
-850.5 58.2778
-851.5 61.6111
-852.5 66.4444
-853.5 67.2777
-854.5 68.9444
-855.5 69.8333
-856.5 68.8333
-857.5 68.7223
-858.5 67.7778
-859.5 66.8333
-860.5 67.5
-861.5 67
-862.5 67
-863.5 66.1667
-864.5 64
-865.5 61.7778
-866.5 58.8333
-867.5 51.0555
-868.5 42.8889
-869.5 37.5555
-870.5 33.5555
-871.5 33.2223
-872.5 32.7778
-873.5 32
-874.5 32.5
-875.5 31
-876.5 29.1111
-877.5 29.8333
-878.5 30.1667
-879.5 31.0556
-880.5 32.2777
-881.5 31.6111
-882.5 33.1667
-883.5 40.1111
-884.5 47.5
-885.5 50.7222
-886.5 52.5555
-887.5 57.5
-888.5 61.5555
-889.5 62.6667
-890.5 64.6667
-891.5 65.9444
-892.5 67.1667
-893.5 68.7222
-894.5 70.5
-895.5 67.5
-896.5 61.8889
-897.5 60.3333
-898.5 59.8333
-899.5 60.0556
-900.5 59.5556
-901.5 58.0556
-902.5 57.4445
-903.5 56.3889
-904.5 53.7777
-905.5 51.7777
-906.5 49.4444
-907.5 44.3889
-908.5 38.2222
-909.5 35.4445
-910.5 33.8333
-911.5 31.7778
-912.5 31.6111
-913.5 30.1111
-914.5 29.1667
-915.5 31.6667
-916.5 34.5
-917.5 36.5
-918.5 37.1111
-919.5 38.8889
-920.5 43.1111
-921.5 46.7778
-922.5 50.2778
-923.5 50.8889
-924.5 50.2778
-925.5 52.5
-926.5 55.7777
-927.5 59.1667
-928.5 61.8333
-929.5 62.4445
-930.5 61.3333
-931.5 61.8889
-932.5 63.2777
-933.5 61.7222
-934.5 61.6667
-935.5 63.7222
-936.5 63.3333
-937.5 63.3333
-938.5 62.8888
-939.5 61.7777
-940.5 61.6667
-941.5 59.9445
-942.5 57.7223
-943.5 56.5555
-944.5 52.5555
-945.5 46.9445
-946.5 45.3333
-947.5 44.0556
-948.5 43.5
-949.5 46.2777
-950.5 45.7222
-951.5 40.2777
-952.5 34.4445
-953.5 31.0556
-954.5 30.0556
-955.5 30.1111
-956.5 30.6111
-957.5 30.5
-958.5 31.0556
-959.5 30.3333
-960.5 29.2222
-961.5 30.1111
-962.5 33.3333
-963.5 35.6667
-964.5 37.5
-965.5 43.6111
-966.5 47.8333
-967.5 50.1111
-968.5 53.9445
-969.5 56.5555
-970.5 57.9445
-971.5 58.9445
-972.5 60.2777
-973.5 61.7777
-974.5 62.5555
-975.5 63.7778
-976.5 63.8889
-977.5 64.1111
-978.5 65.1667
-979.5 65.2777
-980.5 64.7222
-981.5 64.7778
-982.5 65.1667
-983.5 63.2778
-984.5 62.3889
-985.5 62.1111
-986.5 59.8889
-987.5 58.1667
-988.5 55.5555
-989.5 51.2777
-990.5 48.4445
-991.5 48.7223
-992.5 47.7778
-993.5 45.2778
-994.5 45.2778
-995.5 46.2223
-996.5 45.8333
-997.5 41.1667
-998.5 36.4445
-999.5 33.1667
-1000.5 31.4444
-1001.5 31.2778
-1002.5 30.5
-1003.5 31.5
-1004.5 32.5
-1005.5 35.7223
-1006.5 40.9445
-1007.5 43.7778
-1008.5 45.0556
-1009.5 44.2223
-1010.5 42.5
-1011.5 43.4445
-1012.5 48.3889
-1013.5 55.3889
-1014.5 59.9445
-1015.5 58.6111
-1016.5 54.6667
-1017.5 54.7777
-1018.5 56.6111
-1019.5 59.3333
-1020.5 63.5
-1021.5 65.2222
-1022.5 64.2777
-1023.5 64
-1024.5 65.0556
-1025.5 65.1111
-1026.5 63.6667
-1027.5 62.1667
-1028.5 60.8333
-1029.5 59.7223
-1030.5 60.1111
-1031.5 59.8333
-1032.5 56.6667
-1033.5 52.8889
-1034.5 50.9444
-1035.5 50.1111
-1036.5 48.7778
-1037.5 46.3333
-1038.5 45.3889
-1039.5 43.3333
-1040.5 38.8889
-1041.5 36.0555
-1042.5 34.8889
-1043.5 34.5
-1044.5 33.8333
-1045.5 31.6667
-1046.5 32.0555
-1047.5 33.0555
-1048.5 32.0555
-1049.5 34.5555
-1050.5 39.3333
-1051.5 41.7223
-1052.5 43.0555
-1053.5 46.8889
-1054.5 51.7222
-1055.5 52.8333
-1056.5 49.5555
-1057.5 47.0555
-1058.5 46.6111
-1059.5 47.6111
-1060.5 49.9445
-1061.5 52.5555
-1062.5 54.9445
-1063.5 56.7778
-1064.5 58.2223
-1065.5 58.2778
-1066.5 58.7223
-1067.5 59.1111
-1068.5 59.7777
-1069.5 62.4445
-1070.5 63.3889
-1071.5 62.3333
-1072.5 61.2778
-1073.5 61.7778
-1074.5 62.5555
-1075.5 63.1667
-1076.5 61.9445
-1077.5 60.6667
-1078.5 60.5
-1079.5 58.3333
-1080.5 55.3889
-1081.5 51
-1082.5 46.6111
-1083.5 45.3333
-1084.5 45.3333
-1085.5 44.6667
-1086.5 43.8889
-1087.5 41.2777
-1088.5 37.6667
-1089.5 36.1667
-1090.5 35.6111
-1091.5 33.3333
-1092.5 30.7778
-1093.5 30.6667
-1094.5 30.0556
-1095.5 31.2778
-1096.5 32.2223
-1097.5 31.6111
-1098.5 32.9445
-1099.5 31.8889
-1100.5 23.8889
-1101.5 24.9444
-1102.5 35.0556
-1103.5 41.2778
-1104.5 45.4445
-1105.5 47.1667
-1106.5 50.4444
-1107.5 53.7777
-1108.5 56.8889
-1109.5 58.7223
-1110.5 59.7223
-1111.5 60
-1112.5 59.6111
-1113.5 59.6667
-1114.5 60.6667
-1115.5 62.2223
-1116.5 63.2223
-1117.5 62.9445
-1118.5 61.4445
-1119.5 61.2223
-1120.5 61
-1121.5 61.1667
-1122.5 61.9445
-1123.5 61.2778
-1124.5 60.0556
-1125.5 57.7223
-1126.5 55.4445
-1127.5 51.5
-1128.5 47.2222
-1129.5 45.4444
-1130.5 42.8889
-1131.5 41.6111
-1132.5 41.8889
-1133.5 41.6111
-1134.5 42.0555
-1135.5 43.2778
-1136.5 43.1667
-1137.5 42
-1138.5 38.3889
-1139.5 34.1667
-1140.5 31.6667
-1141.5 31.8889
-1142.5 31.0556
-1143.5 32.9445
-1144.5 37.6111
-1145.5 38
-1146.5 39.8889
-1147.5 40.8889
-1148.5 39.9445
-1149.5 40.1667
-1150.5 41.1111
-1151.5 42.4445
-1152.5 43.3889
-1153.5 44.5555
-1154.5 46.5555
-1155.5 47.5555
-1156.5 46.8889
-1157.5 47.3333
-1158.5 49.5555
-1159.5 53
-1160.5 56.1667
-1161.5 56.6667
-1162.5 56.8333
-1163.5 56.7222
-1164.5 55.7778
-1165.5 56.1667
-1166.5 56.5555
-1167.5 56.9445
-1168.5 57.9445
-1169.5 57.3889
-1170.5 57
-1171.5 57.6667
-1172.5 59.1111
-1173.5 61.4444
-1174.5 63.4444
-1175.5 64.5
-1176.5 64.3333
-1177.5 63.6111
-1178.5 62.1111
-1179.5 61.1111
-1180.5 59.4445
-1181.5 56.2223
-1182.5 52.2223
-1183.5 47
-1184.5 43.9445
-1185.5 42.1667
-1186.5 40.5
-1187.5 38.8889
-1188.5 36.1667
-1189.5 34.6111
-1190.5 36.3889
-1191.5 36.9444
-1192.5 34
-1193.5 33.7223
-1194.5 35.3889
-1195.5 36
-1196.5 36.7222
-1197.5 39.7777
-1198.5 45.0555
-1199.5 49.2223
-1200.5 52.3333
-1201.5 54.0555
-1202.5 54.3333
-1203.5 55.7223
-1204.5 57.1111
-1205.5 56.9444
-1206.5 57
-1207.5 59.3889
-1208.5 61.5555
-1209.5 61.3333
-1210.5 60.2778
-1211.5 58.1111
-1212.5 56.7222
-1213.5 58.3889
-1214.5 59.3333
-1215.5 58.1667
-1216.5 56.9444
-1217.5 57.5555
-1218.5 58.1667
-1219.5 57.2223
-1220.5 60.5555
-1221.5 63.7222
-1222.5 64.3333
-1223.5 64.6111
-1224.5 63.7223
-1225.5 62.3333
-1226.5 59.6111
-1227.5 56.6111
-1228.5 56.1111
-1229.5 57.7777
-1230.5 56.6667
-1231.5 52.6111
-1232.5 48.1667
-1233.5 44.2222
-1234.5 42.0555
-1235.5 39.4445
-1236.5 37.6111
-1237.5 39
-1238.5 39.9445
-1239.5 40.5
-1240.5 38.0555
-1241.5 34.3333
-1242.5 34.6667
-1243.5 35.6111
-1244.5 36
-1245.5 38.2223
-1246.5 37.2223
-1247.5 35.6667
-1248.5 37.8333
-1249.5 37.2222
-1250.5 35.6667
-1251.5 37.3889
-1252.5 38.5555
-1253.5 39.1111
-1254.5 35.8333
-1255.5 33
-1256.5 34.3333
-1257.5 36.3333
-1258.5 39.3333
-1259.5 41.6111
-1260.5 44.8889
-1261.5 47.9445
-1262.5 49.0555
-1263.5 50.5555
-1264.5 52
-1265.5 58.3334
-1266.5 64.8333
-1267.5 65.4445
-1268.5 66.9445
-1269.5 67.1111
-1270.5 66.1667
-1271.5 66.4444
-1272.5 65.8333
-1273.5 65.3889
-1274.5 64.9445
-1275.5 62.2778
-1276.5 61.8333
-1277.5 63.7222
-1278.5 64.3333
-1279.5 61.2777
-1280.5 59.1667
-1281.5 58.2777
-1282.5 56.9444
-1283.5 56.0555
-1284.5 54.1111
-1285.5 50.7778
-1286.5 45.9445
-1287.5 41.3889
-1288.5 38.6111
-1289.5 39.1667
-1290.5 39.9445
-1291.5 39.7223
-1292.5 39.3333
-1293.5 38.6111
-1294.5 38.1111
-1295.5 36.9445
-1296.5 34.9445
-1297.5 32.2777
-1298.5 30.1667
-1299.5 30.8333
-1300.5 31.2222
-1301.5 29.8889
-1302.5 30.1111
-1303.5 33.3333
-1304.5 38.2778
-1305.5 42.2222
-1306.5 44.2777
-1307.5 45.5
-1308.5 45.7778
-1309.5 46.0555
-1310.5 47.6111
-1311.5 51.6667
-1312.5 54.5556
-1313.5 54.6111
-1314.5 51.7778
-1315.5 48.1667
-1316.5 49.9444
-1317.5 53.7222
-1318.5 56.6667
-1319.5 59.2777
-1320.5 62.1666
-1321.5 64.3333
-1322.5 65.4444
-1323.5 66.3888
-1324.5 65.5
-1325.5 62.8889
-1326.5 60.7222
-1327.5 60.8889
-1328.5 60.7778
-1329.5 60.7778
-1330.5 59.6667
-1331.5 59.3333
-1332.5 57.5555
-1333.5 53.6111
-1334.5 52.4445
-1335.5 50.7778
-1336.5 48.8333
-1337.5 47.2222
-1338.5 44.2777
-1339.5 39.9445
-1340.5 39.1111
-1341.5 40.1667
-1342.5 38
-1343.5 33.8333
-1344.5 31.3889
-1345.5 30.8889
-1346.5 31.0556
-1347.5 30.0556
-1348.5 30.2222
-1349.5 31.1111
-1350.5 29.5556
-1351.5 29.8889
-1352.5 30.3333
-1353.5 30.3889
-1354.5 31
-1355.5 30.5
-1356.5 31.9444
-1357.5 38.8333
-1358.5 45
-1359.5 45.1667
-1360.5 41.1667
-1361.5 39.0555
-1362.5 40.6667
-1363.5 41.2222
-1364.5 42.6667
-1365.5 46
-1366.5 49.5
-1367.5 47.7777
-1368.5 45.9445
-1369.5 47.0556
-1370.5 48
-1371.5 54.1667
-1372.5 58.1111
-1373.5 58.2222
-1374.5 58.1111
-1375.5 58.2222
-1376.5 58.2777
-1377.5 56.2777
-1378.5 58.0555
-1379.5 62
-1380.5 61
-1381.5 59.6111
-1382.5 60.7777
-1383.5 60.5
-1384.5 60.1667
-1385.5 61.5
-1386.5 61.1667
-1387.5 60.7223
-1388.5 60.4445
-1389.5 58.7777
-1390.5 57.1111
-1391.5 54.7778
-1392.5 52.0555
-1393.5 50.4444
-1394.5 49.3889
-1395.5 48
-1396.5 45
-1397.5 42.8889
-1398.5 43.2222
-1399.5 43.9445
-1400.5 43.8333
-1401.5 42.8333
-1402.5 39.3889
-1403.5 36
-1404.5 34.7777
-1405.5 32.7777
-1406.5 31.7222
-1407.5 24.5556
-1408.5 25.5
-1409.5 34
-1410.5 32.5
-1411.5 30.8333
-1412.5 31.7222
-1413.5 31
-1414.5 30.2222
-1415.5 31.2778
-1416.5 32.8889
-1417.5 34.5
-1418.5 36.3333
-1419.5 38.9445
-1420.5 40.6667
-1421.5 41.5555
-1422.5 41.8889
-1423.5 40.5
-1424.5 41.5556
-1425.5 45.6667
-1426.5 49.3889
-1427.5 55.8333
-1428.5 59
-1429.5 58.8333
-1430.5 60.0555
-1431.5 59.4445
-1432.5 59.6667
-1433.5 60.5
-1434.5 60.9445
-1435.5 61.5555
-1436.5 61.2778
-1437.5 61.6667
-1438.5 62.4445
-1439.5 62.2222
-1440.5 62.8889
-1441.5 63.1667
-1442.5 62
-1443.5 62
-1444.5 62.6111
-1445.5 62
-1446.5 61.7223
-1447.5 61.1667
-1448.5 59.0556
-1449.5 57.1111
-1450.5 57.6667
-1451.5 56.7778
-1452.5 55.6111
-1453.5 54.4445
-1454.5 51.5
-1455.5 49.5555
-1456.5 48.3333
-1457.5 47.1111
-1458.5 46.2222
-1459.5 43.1667
-1460.5 38.6667
-1461.5 34.5555
-1462.5 33.1111
-1463.5 34.1111
-1464.5 34.1111
-1465.5 32.7222
-1466.5 30.7222
-1467.5 32.8333
-1468.5 33.7777
-1469.5 32
-1470.5 30.8889
-1471.5 32.2222
-1472.5 36.0555
-1473.5 37.6667
-1474.5 39
-1475.5 43.3333
-1476.5 43.7777
-1477.5 43.8333
-1478.5 46.0555
-1479.5 44.8333
-1480.5 45.2222
-1481.5 48.8333
-1482.5 51.1667
-1483.5 51.0555
-1484.5 49.3889
-1485.5 50.6667
-1486.5 54
-1487.5 55.2777
-1488.5 56.1111
-1489.5 55.5555
-1490.5 55.0555
-1491.5 56.5
-1492.5 57.8889
-1493.5 58.7778
-1494.5 60.1111
-1495.5 61.3889
-1496.5 62.5
-1497.5 63.1111
-1498.5 62.8889
-1499.5 61.9445
-1500.5 62.2778
-1501.5 63.7222
-1502.5 63.2222
-1503.5 62.1667
-1504.5 62.7222
-1505.5 61.8889
-1506.5 60.7778
-1507.5 59.2223
-1508.5 57.1667
-1509.5 56.2223
-1510.5 54.0555
-1511.5 54.2777
-1512.5 55.1111
-1513.5 54
-1514.5 54.1111
-1515.5 54.1667
-1516.5 53.9445
-1517.5 51.2223
-1518.5 45.7223
-1519.5 42.9445
-1520.5 40.1667
-1521.5 38.1111
-1522.5 37.0555
-1523.5 34.4445
-1524.5 31
-1525.5 29.5
-1526.5 31.1667
-1527.5 31.6667
-1528.5 31.1111
-1529.5 31.9444
-1530.5 31.7778
-1531.5 30.3889
-1532.5 30.6111
-1533.5 31.4444
-1534.5 30.8889
-1535.5 29.3889
-1536.5 29.9444
-1537.5 30
-1538.5 29.6667
-1539.5 31.1667
-1540.5 33.4445
-1541.5 35.1111
-1542.5 36.7778
-1543.5 42.8889
-1544.5 49.3333
-1545.5 50.5
-1546.5 51.3889
-1547.5 52.4445
-1548.5 52.2222
-1549.5 50.7222
-1550.5 50.6667
-1551.5 51.9445
-1552.5 51.9445
-1553.5 52.8333
-1554.5 53.7223
-1555.5 54.6667
-1556.5 55.2223
-1557.5 56.9445
-1558.5 60.4445
-1559.5 61.8889
-1560.5 62.0555
-1561.5 60.7777
-1562.5 59.3333
-1563.5 60.1667
-1564.5 60.1111
-1565.5 60.3889
-1566.5 61.4445
-1567.5 61.1667
-1568.5 59.8889
-1569.5 59.8889
-1570.5 60.5555
-1571.5 59.5555
-1572.5 58.9445
-1573.5 56.3333
-1574.5 50.3333
-1575.5 44.9445
-1576.5 42
-1577.5 47.7778
-1578.5 54.2223
-1579.5 53.2223
-1580.5 52.8889
-1581.5 51.0555
-1582.5 45.3889
-1583.5 42.2778
-1584.5 41.3333
-1585.5 41.3889
-1586.5 43.7778
-1587.5 42.5555
-1588.5 37.3333
-1589.5 36.7777
-1590.5 38.8889
-1591.5 39.1667
-1592.5 39.6111
-1593.5 40.9444
-1594.5 42
-1595.5 41.2778
-1596.5 38.1111
-1597.5 35.2222
-1598.5 35.9445
-1599.5 36.5
-1600.5 35.1111
-1601.5 34.7778
-1602.5 35.7223
-1603.5 36.7778
-1604.5 36.8889
-1605.5 37.6111
-1606.5 39.3889
-1607.5 39.7778
-1608.5 40.1667
-1609.5 39.7222
-1610.5 39.5
-1611.5 41.5555
-1612.5 46.7777
-1613.5 50.3889
-1614.5 50.2222
-1615.5 50.7222
-1616.5 50.2222
-1617.5 50.7778
-1618.5 55.1111
-1619.5 58.7223
-1620.5 61.3333
-1621.5 64.6667
-1622.5 64.7222
-1623.5 62.5555
-1624.5 64.3889
-1625.5 65.5556
-1626.5 64.1111
-1627.5 63.8333
-1628.5 63.8333
-1629.5 64.1111
-1630.5 63.8333
-1631.5 65
-1632.5 65.4444
-1633.5 63.4444
-1634.5 63.3889
-1635.5 63.3889
-1636.5 62.7223
-1637.5 62.7223
-1638.5 63.5555
-1639.5 63.2222
-1640.5 62.8889
-1641.5 64.1111
-1642.5 65.1112
-1643.5 65.3333
-1644.5 63.3333
-1645.5 62.0555
-1646.5 61.1111
-1647.5 62.7223
-1648.5 65.8333
-1649.5 64.7778
-1650.5 60.9445
-1651.5 60.2777
-1652.5 62.7777
-1653.5 63.2777
-1654.5 63.6111
-1655.5 63.4445
-1656.5 63.2778
-1657.5 63.2223
-1658.5 62.7223
-1659.5 63.1111
-1660.5 62.1667
-1661.5 59.4445
-1662.5 57.2777
-1663.5 54.6667
-1664.5 52.5555
-1665.5 50.2777
-1666.5 48.9445
-1667.5 50.7223
-1668.5 52.8333
-1669.5 53.5
-1670.5 54.7777
-1671.5 56.1111
-1672.5 55.6667
-1673.5 53.3333
-1674.5 53.2222
-1675.5 53.3333
-1676.5 53.3333
-1677.5 52.6667
-1678.5 49
-1679.5 45.1667
-1680.5 42.3889
-1681.5 41.3333
-1682.5 39.9445
-1683.5 37.7778
-1684.5 36.6667
-1685.5 37.7222
-1686.5 37.8333
-1687.5 39.5
-1688.5 40.6111
-1689.5 40.2778
-1690.5 40.8333
-1691.5 40.2778
-1692.5 39.8333
-1693.5 37.8889
-1694.5 34.7778
-1695.5 32.1667
-1696.5 30.4444
-1697.5 29.6667
-1698.5 28.5
-1699.5 28.5
-1700.5 30.0556
-1701.5 31.1111
-1702.5 30.6111
-1703.5 32.6111
-1704.5 35.7777
-1705.5 37.7777
-1706.5 38.8333
-1707.5 38.4445
-1708.5 38.2222
-1709.5 39.2222
-1710.5 41.2222
-1711.5 44.5
-1712.5 48
-1713.5 38.3889
-1714.5 28.0556
-1715.5 38.1667
-1716.5 45.4445
-1717.5 44
-1718.5 49.3333
-1719.5 52.0555
-1720.5 49
-1721.5 46.9445
-1722.5 46.5555
-1723.5 47.7778
-1724.5 48.3333
-1725.5 47.2223
-1726.5 46.8889
-1727.5 48.7777
-1728.5 51.7777
-1729.5 56.6667
-1730.5 58.7777
-1731.5 58.0555
-1732.5 57.9445
-1733.5 59.2777
-1734.5 60.6111
-1735.5 60.4445
-1736.5 62.1667
-1737.5 62.1111
-1738.5 59.8333
-1739.5 57.9445
-1740.5 57.2222
-1741.5 58.2222
-1742.5 60.1111
-1743.5 60.6667
-1744.5 60.3333
-1745.5 60.7777
-1746.5 61.2777
-1747.5 60.8333
-1748.5 59.4445
-1749.5 60.3333
-1750.5 61
-1751.5 61
-1752.5 61.2778
-1753.5 61.1667
-1754.5 60.7778
-1755.5 59
-1756.5 59.2222
-1757.5 61.7777
-1758.5 63
-1759.5 63.6111
-1760.5 64.1111
-1761.5 63.2778
-1762.5 60.0555
-1763.5 57.0555
-1764.5 56.7223
-1765.5 57.8889
-1766.5 58.3889
-1767.5 55.7778
-1768.5 50.6667
-1769.5 47
-1770.5 46.1111
-1771.5 46.8889
-1772.5 49.6111
-1773.5 49.6111
-1774.5 46.8889
-1775.5 45.7223
-1776.5 45.3333
-1777.5 43.8333
-1778.5 43.6667
-1779.5 42.5555
-1780.5 40
-1781.5 38.5555
-1782.5 35.6667
-1783.5 33.5
-1784.5 33.5555
-1785.5 34.1667
-1786.5 37.0555
-1787.5 37
-1788.5 34.4445
-1789.5 34.3333
-1790.5 33.6667
-1791.5 31.9444
-1792.5 32.8333
-1793.5 33.5
-1794.5 31.6111
-1795.5 31.6667
-1796.5 31.7222
-1797.5 31.6667
-1798.5 32.5555
-1799.5 33.8333
-1800.5 33.5555
-1801.5 31.8889
-1802.5 31.3333
-1803.5 31.5556
-1804.5 31.4444
-1805.5 31.7222
-1806.5 31.7222
-1807.5 30.9444
-1808.5 31.2778
-1809.5 33.7223
-1810.5 36.8333
-1811.5 39.0555
-1812.5 40.8889
-1813.5 43.5556
-1814.5 45.2778
-1815.5 43.0555
-1816.5 41.7222
-1817.5 42.2222
-1818.5 43.4445
-1819.5 47.3333
-1820.5 48.6111
-1821.5 46.8333
-1822.5 46.2222
-1823.5 45.6667
-1824.5 45.5
-1825.5 44.3889
-1826.5 44.3889
-1827.5 46.6667
-1828.5 46.6667
-1829.5 46.8333
-1830.5 47.9445
-1831.5 50.2222
-1832.5 51.1667
-1833.5 51.8889
-1834.5 55.7778
-1835.5 58.9445
-1836.5 59.7222
-1837.5 60
-1838.5 59.7778
-1839.5 56.7778
-1840.5 54.7223
-1841.5 54.8889
-1842.5 55.8333
-1843.5 58.5
-1844.5 60.8333
-1845.5 62.1667
-1846.5 63.5555
-1847.5 64.5
-1848.5 65.5555
-1849.5 65.0555
-1850.5 62.7778
-1851.5 61.6111
-1852.5 62
-1853.5 61.4445
-1854.5 62.0556
-1855.5 63.8333
-1856.5 63.8889
-1857.5 63.3889
-1858.5 63.4445
-1859.5 64.0555
-1860.5 64.0555
-1861.5 64
-1862.5 62.5
-1863.5 61.7223
-1864.5 63.1111
-1865.5 63.3889
-1866.5 62.5
-1867.5 60.3333
-1868.5 59.6667
-1869.5 61.1667
-1870.5 61.6667
-1871.5 60.4444
-1872.5 59.1667
-1873.5 58.6111
-1874.5 57.3333
-1875.5 55.5
-1876.5 54.3889
-1877.5 53.6667
-1878.5 53.7222
-1879.5 55.7222
-1880.5 58
-1881.5 57.4445
-1882.5 55.7222
-1883.5 55.9445
-1884.5 56.2223
-1885.5 55.3333
-1886.5 53.8889
-1887.5 52
-1888.5 51.3333
-1889.5 52.1667
-1890.5 51.2778
-1891.5 48.8333
-1892.5 44.5555
-1893.5 42.8889
-1894.5 43.4444
-1895.5 41
-1896.5 39.5556
-1897.5 38.6667
-1898.5 38.5555
-1899.5 39.3889
-1900.5 40.3333
-1901.5 39.1111
-1902.5 35.5
-1903.5 35.7222
-1904.5 37.5
-1905.5 37.6111
-1906.5 36.7778
-1907.5 34.6111
-1908.5 33.7222
-1909.5 33.8889
-1910.5 32.8889
-1911.5 32.5
-1912.5 33.1667
-1913.5 33.2222
-1914.5 33.4445
-1915.5 34.5555
-1916.5 35.2777
-1917.5 34.2222
-1918.5 33.6111
-1919.5 33.3333
-1920.5 32.8889
-1921.5 34.8889
-1922.5 37.6667
-1923.5 38.3889
-1924.5 38.1111
-1925.5 39.7777
-1926.5 41.3889
-1927.5 42.1111
-1928.5 42.6111
-1929.5 41.4444
-1930.5 40.7777
-1931.5 42.4445
-1932.5 43.2778
-1933.5 40.8889
-1934.5 39.9445
-1935.5 39.0555
-1936.5 37.2222
-1937.5 36.3333
-1938.5 35.7777
-1939.5 36.3889
-1940.5 36.5
-1941.5 36.8889
-1942.5 38.6111
-1943.5 39.4445
-1944.5 39.2222
-1945.5 39.3889
-1946.5 39.7222
-1947.5 40.7778
-1948.5 42.8333
-1949.5 44
-1950.5 43.7223
-1951.5 43.1111
-1952.5 44.8889
-1953.5 49.4445
-1954.5 52.2223
-1955.5 51.3333
-1956.5 51.6111
-1957.5 53.7222
-1958.5 55.3333
-1959.5 56.1111
-1960.5 55.4445
-1961.5 57.1111
-1962.5 58.1667
-1963.5 56.3333
-1964.5 54.2777
-1965.5 55.8889
-1966.5 56.9445
-1967.5 55.0555
-1968.5 55.1111
-1969.5 55.8889
-1970.5 55.2222
-1971.5 55.4445
-1972.5 57.5555
-1973.5 59.1111
-1974.5 61.4445
-1975.5 63.6667
-1976.5 63.2777
-1977.5 62.4445
-1978.5 61.7778
-1979.5 61.9445
-1980.5 63.3333
-1981.5 62.2778
-1982.5 60.8889
-1983.5 60.7223
-1984.5 60.3889
-1985.5 61.3889
-1986.5 61.3889
-1987.5 61.1667
-1988.5 62.2222
-1989.5 62.6111
-1990.5 62.7778
-1991.5 61.5
-1992.5 61.3333
-1993.5 62.6667
-1994.5 62.4445
-1995.5 62
-1996.5 60.8889
-1997.5 60.8333
-1998.5 62.0555
-1999.5 61.9445
-2000.5 61.8333
-2001.5 62.5
-2002.5 63.2222
-2003.5 62.5
-2004.5 60.9445
-2005.5 61.0555
-2006.5 62.1111
-2007.5 63.1111
-2008.5 63.3333
-2009.5 63.3889
-2010.5 62.9444
-2011.5 60.9445
-2012.5 59.1111
-2013.5 57.5555
-2014.5 55.4445
-2015.5 54.6111
-2016.5 55.0555
-2017.5 55.3333
-2018.5 54.7778
-2019.5 52.8889
-2020.5 50.9445
-2021.5 50.2223
-2022.5 50.4445
-2023.5 49.6111
-2024.5 48.6111
-2025.5 45.5555
-2026.5 44.3333
-2027.5 46.8333
-2028.5 48.5
-2029.5 47.5
-2030.5 47
-2031.5 48.5555
-2032.5 48.7778
-2033.5 48.7223
-2034.5 48.7223
-2035.5 47.3889
-2036.5 44.5555
-2037.5 43.8333
-2038.5 43.6111
-2039.5 42.8889
-2040.5 44.2222
-2041.5 42.9445
-2042.5 39.8889
-2043.5 39.3333
-2044.5 38.6111
-2045.5 35.1667
-2046.5 31.6111
-2047.5 32.2222
-2048.5 35.6667
-2049.5 39.5555
-2050.5 39.7223
-2051.5 40.7223
-2052.5 43.2223
-2053.5 42.8889
-2054.5 43.8333
-2055.5 44.8889
-2056.5 44.7777
-2057.5 40.6111
-2058.5 36.4445
-2059.5 35.5555
-2060.5 36.3333
-2061.5 37.5556
-2062.5 35
-2063.5 33.3889
-2064.5 34.1111
-2065.5 33.0555
-2066.5 32.3889
-2067.5 31.8333
-2068.5 30.6667
-2069.5 29.9444
-2070.5 30.6667
-2071.5 31.6111
-2072.5 30.6111
-2073.5 28.6111
-2074.5 27.2778
-2075.5 25.9444
-2076.5 27.5556
-2077.5 29.0556
-2078.5 27.8333
-2079.5 29.6667
-2080.5 30.9444
-2081.5 30.7778
-2082.5 31.5
-2083.5 31.5556
-2084.5 31.2222
-2085.5 30.4444
-2086.5 30
-2087.5 30.8889
-2088.5 30.2222
-2089.5 31.0556
-2090.5 31.7778
-2091.5 29.8889
-2092.5 28.3333
-2093.5 28.7778
-2094.5 31.2778
-2095.5 35.1667
-2096.5 39.2777
-2097.5 41.6111
-2098.5 42.5
-2099.5 41.3333
-2100.5 42.5
-2101.5 42.6667
-2102.5 40.0555
-2103.5 39.4445
-2104.5 40.3889
-2105.5 42.2222
-2106.5 44.4445
-2107.5 48.2778
-2108.5 49.8889
-2109.5 49.5
-2110.5 48.5
-2111.5 46.8889
-2112.5 47.0555
-2113.5 48.2777
-2114.5 49.6111
-2115.5 51.2778
-2116.5 50.3333
-2117.5 45.3889
-2118.5 43.3333
-2119.5 44.4445
-2120.5 43.5555
-2121.5 43.6111
-2122.5 44
-2123.5 44.3889
-2124.5 45.3889
-2125.5 45.9445
-2126.5 50.1111
-2127.5 52.1111
-2128.5 49.4445
-2129.5 49.8889
-2130.5 52.6667
-2131.5 54.2222
-2132.5 55.5555
-2133.5 58.7777
-2134.5 59.1667
-2135.5 56.0555
-2136.5 55.6111
-2137.5 56.5555
-2138.5 58.6111
-2139.5 61.6667
-2140.5 63.7777
-2141.5 64.8888
-2142.5 63.5555
-2143.5 60.5555
-2144.5 62.2777
-2145.5 65.3889
-2146.5 64
-2147.5 63.7777
-2148.5 64.9445
-2149.5 62.6667
-2150.5 60.2778
-2151.5 58.4445
-2152.5 58.3333
-2153.5 58.5555
-2154.5 56.7222
-2155.5 56.7778
-2156.5 59.1111
-2157.5 59.6111
-2158.5 58.7223
-2159.5 59.2778
-2160.5 59.4445
-2161.5 58.5555
-2162.5 58.1667
-2163.5 57.8333
-2164.5 58.1111
-2165.5 59.5555
-2166.5 59.9445
-2167.5 58.3889
-2168.5 62.5555
-2169.5 67.2222
-2170.5 66.3333
-2171.5 63.3888
-2172.5 60.2222
-2173.5 61.1111
-2174.5 59.7777
-2175.5 61.1667
-2176.5 64.8333
-2177.5 66.4445
-2178.5 66.7222
-2179.5 65.2777
-2180.5 65.4444
-2181.5 65.3333
-2182.5 67.9444
-2183.5 69.3333
-2184.5 68.9445
-2185.5 68.6667
-2186.5 67.4444
-2187.5 66.1112
-2188.5 66.7223
-2189.5 69.8889
-2190.5 69.7222
-2191.5 68.2777
-2192.5 68.1111
-2193.5 69.5
-2194.5 69.4445
-2195.5 67.7222
-2196.5 68
-2197.5 68.2223
-2198.5 69.3333
-2199.5 70.6111
-2200.5 67.6667
-2201.5 64.6667
-2202.5 64.6111
-2203.5 64.6667
-2204.5 61.0556
-2205.5 61.7223
-2206.5 66.2223
-2207.5 66.7223
-2208.5 65.8333
-2209.5 65.2778
-2210.5 65.6667
-2211.5 64.1667
-2212.5 63.6111
-2213.5 63.4444
-2214.5 62.5
-2215.5 63.5
-2216.5 65.5556
-2217.5 66.3333
-2218.5 66.3333
-2219.5 66.5
-2220.5 66.6667
-2221.5 66.5
-2222.5 65.2778
-2223.5 65.1112
-2224.5 65.1112
-2225.5 65.2778
-2226.5 66.1667
-2227.5 65
-2228.5 61.0555
-2229.5 57
-2230.5 57.2223
-2231.5 58.8333
-2232.5 56.6667
-2233.5 55.1667
-2234.5 55.6111
-2235.5 55.8889
-2236.5 54.9445
-2237.5 54.2778
-2238.5 56.1111
-2239.5 57.0555
-2240.5 57.0555
-2241.5 57.7777
-2242.5 58.2777
-2243.5 57.5
-2244.5 57.1111
-2245.5 58.7777
-2246.5 58.2222
-2247.5 55.2777
-2248.5 53.1111
-2249.5 51.2778
-2250.5 51.7778
-2251.5 52.0555
-2252.5 49.6111
-2253.5 48.7222
-2254.5 49.6111
-2255.5 50.8333
-2256.5 52.3333
-2257.5 52.6667
-2258.5 52.3889
-2259.5 52.4445
-2260.5 52.2778
-2261.5 51.8889
-2262.5 50.3889
-2263.5 48.6667
-2264.5 48
-2265.5 47.2778
-2266.5 47
-2267.5 49.9445
-2268.5 53.7778
-2269.5 55.8889
-2270.5 57.5
-2271.5 57.1667
-2272.5 56
-2273.5 55.7223
-2274.5 55.2778
-2275.5 53.7223
-2276.5 52.4445
-2277.5 49.6667
-2278.5 47.3889
-2279.5 49.6111
-2280.5 51.2223
-2281.5 50.9445
-2282.5 49.8889
-2283.5 48.1111
-2284.5 46.7777
-2285.5 48.9445
-2286.5 50.2223
-2287.5 48.2223
-2288.5 48.3889
-2289.5 50.2778
-2290.5 51.3333
-2291.5 50.8889
-2292.5 51.6111
-2293.5 50.8889
-2294.5 49.1111
-2295.5 48.8889
-2296.5 47.6667
-2297.5 46.5
-2298.5 44.7777
-2299.5 42.8889
-2300.5 43.8333
-2301.5 47.2222
-2302.5 50.0555
-2303.5 51.5555
-2304.5 51.7222
-2305.5 47.2222
-2306.5 43.7777
-2307.5 46.2222
-2308.5 49.7777
-2309.5 48.5
-2310.5 45.7223
-2311.5 45.6111
-2312.5 47.0556
-2313.5 47.2778
-2314.5 45.2222
-2315.5 43.8889
-2316.5 44.1111
-2317.5 43.2223
-2318.5 41.1111
-2319.5 42.0555
-2320.5 44.0555
-2321.5 44.8333
-2322.5 45.7778
-2323.5 48.4445
-2324.5 50.7222
-2325.5 51.4445
-2326.5 50.7778
-2327.5 48.9445
-2328.5 37.3889
-2329.5 35.5555
-2330.5 45.5555
-2331.5 46.4445
-2332.5 45.9445
-2333.5 45
-2334.5 44.7777
-2335.5 45.8333
-2336.5 46.2777
-2337.5 46.5555
-2338.5 47.2778
-2339.5 48.5556
-2340.5 49.8889
-2341.5 50.0555
-2342.5 49.6111
-2343.5 49.7777
-2344.5 49.8889
-2345.5 53.8333
-2346.5 57.7777
-2347.5 57.4444
-2348.5 56.7777
-2349.5 56.2777
-2350.5 56
-2351.5 54.5556
-2352.5 53.5556
-2353.5 54.9445
-2354.5 56.9445
-2355.5 58.6111
-2356.5 59.1111
-2357.5 58.3889
-2358.5 57.2777
-2359.5 54.8889
-2360.5 55.8333
-2361.5 57.8333
-2362.5 59.1111
-2363.5 60.1667
-2364.5 59.8333
-2365.5 58.6667
-2366.5 58.2777
-2367.5 58.8333
-2368.5 58.0555
-2369.5 57.8889
-2370.5 57.9445
-2371.5 57.3333
-2372.5 56.4445
-2373.5 55.4445
-2374.5 56.1667
-2375.5 56.7223
-2376.5 57.3889
-2377.5 58.5
-2378.5 56.0555
-2379.5 54.6111
-2380.5 54.5
-2381.5 53.2778
-2382.5 53.7223
-2383.5 56.9445
-2384.5 57.4445
-2385.5 57.1667
-2386.5 57.5555
-2387.5 55.7222
-2388.5 54.7778
-2389.5 53.8889
-2390.5 53.3889
-2391.5 54.8889
-2392.5 56.2777
-2393.5 57.4445
-2394.5 57.7223
-2395.5 57.3889
-2396.5 58.3333
-2397.5 60.5555
-2398.5 62.2777
-2399.5 60.2222
-2400.5 60.1111
-2401.5 63.6666
-2402.5 64.3888
-2403.5 63
-2404.5 63.5556
-2405.5 64.8889
-2406.5 64
-2407.5 62.5555
-2408.5 64.3889
-2409.5 64.9444
-2410.5 63.1667
-2411.5 61.2778
-2412.5 59.3333
-2413.5 58.4445
-2414.5 57.3333
-2415.5 55.6667
-2416.5 56.7223
-2417.5 60.5
-2418.5 61.7222
-2419.5 63.1111
-2420.5 64.8889
-2421.5 63.7778
-2422.5 63.7778
-2423.5 63.5
-2424.5 62.5555
-2425.5 63.5555
-2426.5 64
-2427.5 63.1667
-2428.5 63.0555
-2429.5 64.6111
-2430.5 65.7778
-2431.5 64.3333
-2432.5 63.2778
-2433.5 61.8889
-2434.5 60.3889
-2435.5 61.7778
-2436.5 61.6111
-2437.5 61.4445
-2438.5 62.3333
-2439.5 63.1667
-2440.5 63.5555
-2441.5 62.5555
-2442.5 62
-2443.5 63.3889
-2444.5 64.2223
-2445.5 63.5555
-2446.5 63.6111
-2447.5 63.2223
-2448.5 60.5
-2449.5 59.0555
-2450.5 61.3333
-2451.5 62
-2452.5 62.5555
-2453.5 62.8333
-2454.5 61
-2455.5 61
-2456.5 62.0555
-2457.5 61.8889
-2458.5 62.3333
-2459.5 63.3333
-2460.5 62.1111
-2461.5 61.3333
-2462.5 62.3333
-2463.5 62.5
-2464.5 63
-2465.5 62.5555
-2466.5 62.3333
-2467.5 62.9444
-2468.5 63.0555
-2469.5 63.2223
-2470.5 62.6667
-2471.5 62.3889
-2472.5 63
-2473.5 62.5555
-2474.5 62.1667
-2475.5 62.7778
-2476.5 62.8333
-2477.5 62.2777
-2478.5 61.9444
-2479.5 61.2222
-2480.5 61.4445
-2481.5 62.7778
-2482.5 61.6667
-2483.5 61.8333
-2484.5 63.0555
-2485.5 63
-2486.5 61.3889
-2487.5 59.4445
-2488.5 59.2222
-2489.5 60.1111
-2490.5 59.7223
-2491.5 58.7223
-2492.5 60.2778
-2493.5 62.1111
-2494.5 62
-2495.5 62.2223
-2496.5 63.4445
-2497.5 63.1111
-2498.5 62.3333
-2499.5 62.2777
-2500.5 63
-2501.5 64
-2502.5 62.3333
-2503.5 61.7778
-2504.5 63.3889
-2505.5 63.4445
-2506.5 62.2777
-2507.5 61.6667
-2508.5 63
-2509.5 64.0555
-2510.5 61.7778
-2511.5 58.5
-2512.5 58.2222
-2513.5 59.9445
-2514.5 61.7223
-2515.5 62.1667
-2516.5 62.6667
-2517.5 62
-2518.5 60.7222
-2519.5 61.3889
-2520.5 62.0555
-2521.5 61.7222
-2522.5 62.7222
-2523.5 63
-2524.5 60.9445
-2525.5 59.8333
-2526.5 58.5555
-2527.5 57.8889
-2528.5 57.8333
-2529.5 57.8889
-2530.5 58.2777
-2531.5 58.4445
-2532.5 59
-2533.5 59.4444
-2534.5 60.3889
-2535.5 61.1667
-2536.5 61.1111
-2537.5 60.8889
-2538.5 60.8889
-2539.5 60.0555
-2540.5 59.2778
-2541.5 58.6111
-2542.5 57.6667
-2543.5 58.7223
-2544.5 57.5555
-2545.5 55.7777
-2546.5 55.8889
-2547.5 55.5
-2548.5 55.7777
-2549.5 54.6667
-2550.5 53.8333
-2551.5 56.0556
-2552.5 56.7223
-2553.5 55.8333
-2554.5 56.2223
-2555.5 55.0555
-2556.5 55.3333
-2557.5 55.1667
-2558.5 53
-2559.5 52.1111
-2560.5 51.6111
-2561.5 52.3889
-2562.5 53.0555
-2563.5 51.8889
-2564.5 50.7223
-2565.5 51.4445
-2566.5 50.9445
-2567.5 50.6667
-2568.5 50.7777
-2569.5 50.3889
-2570.5 50.6111
-2571.5 49.3889
-2572.5 46.6667
-2573.5 45.0555
-2574.5 46.4445
-2575.5 46.7223
-2576.5 46
-2577.5 45.7777
-2578.5 45.0555
-2579.5 43.9445
-2580.5 40.1667
-2581.5 37.5
-2582.5 36.7223
-2583.5 34.5555
-2584.5 33.6667
-2585.5 35.2222
-2586.5 36
-2587.5 35.7778
-2588.5 35.3333
-2589.5 35.9445
-2590.5 39.9445
-2591.5 43.3333
-2592.5 43.6667
-2593.5 43
-2594.5 42.4445
-2595.5 41.6667
-2596.5 41.0555
-2597.5 40.9445
-2598.5 39.1667
-2599.5 37.2223
-2600.5 36.5555
-2601.5 37.5555
-2602.5 35.9445
-2603.5 33.1111
-2604.5 32.5
-2605.5 31.5556
-2606.5 31.3889
-2607.5 32
-2608.5 32.6667
-2609.5 32.5
-2610.5 32.4445
-2611.5 31.9444
-2612.5 31.1111
-2613.5 30.6111
-2614.5 30.3889
-2615.5 30.0556
-2616.5 29.8333
-2617.5 29
-2618.5 30.5556
-2619.5 30.6667
-2620.5 31.8889
-2621.5 36.8889
-2622.5 34.6111
-2623.5 33.2222
-2624.5 32.7777
-2625.5 30.1111
-2626.5 29.5556
-2627.5 35
-2628.5 36.8333
-2629.5 36.6667
-2630.5 39.8889
-2631.5 36.8333
-2632.5 26.8333
-2633.5 28.4444
-2634.5 38.7778
-2635.5 41.7778
-2636.5 43
-2637.5 42.2222
-2638.5 42.2777
-2639.5 42.5
-2640.5 41.8889
-2641.5 38.8333
-2642.5 36.2777
-2643.5 35.6111
-2644.5 33.6111
-2645.5 33
-2646.5 35.2778
-2647.5 37.1667
-2648.5 41.6111
-2649.5 45.7223
-2650.5 45.9445
-2651.5 45.0555
-2652.5 46.0555
-2653.5 46.4445
-2654.5 45.1667
-2655.5 46.9444
-2656.5 47.7777
-2657.5 46.8889
-2658.5 46.4445
-2659.5 42.8889
-2660.5 42.3333
-2661.5 47.9445
-2662.5 50.1667
-2663.5 49.1667
-2664.5 49.2223
-2665.5 48.2223
-2666.5 48.7778
-2667.5 52.3889
-2668.5 54.9445
-2669.5 55.3333
-2670.5 54.9445
-2671.5 54
-2672.5 52.8889
-2673.5 53.6667
-2674.5 55.8889
-2675.5 60.0555
-2676.5 60.8333
-2677.5 58.9445
-2678.5 59.0555
-2679.5 58.1667
-2680.5 58.5555
-2681.5 59.0555
-2682.5 58.1667
-2683.5 57.7222
-2684.5 59.2777
-2685.5 62.2222
-2686.5 62.5
-2687.5 61.8333
-2688.5 62.0555
-2689.5 61.6111
-2690.5 61.8889
-2691.5 62.8333
-2692.5 63.2223
-2693.5 64.8333
-2694.5 65.7222
-2695.5 64.8888
-2696.5 60.8333
-2697.5 56.5555
-2698.5 58
-2699.5 59.7222
-2700.5 60.2777
-2701.5 60.7777
-2702.5 61.5
-2703.5 61.7778
-2704.5 60.8889
-2705.5 62.6667
-2706.5 63.6111
-2707.5 62.6667
-2708.5 62.4445
-2709.5 62.9445
-2710.5 64.3889
-2711.5 64.6111
-2712.5 63.4445
-2713.5 63.8333
-2714.5 65.5
-2715.5 65.2777
-2716.5 64.3333
-2717.5 65.6111
-2718.5 66.8889
-2719.5 67.0556
-2720.5 66.2777
-2721.5 65.0555
-2722.5 66
-2723.5 67
-2724.5 65.6667
-2725.5 65.6112
-2726.5 66.7223
-2727.5 65.8333
-2728.5 65.1111
-2729.5 65
-2730.5 65
-2731.5 65.7777
-2732.5 62.3333
-2733.5 59.1111
-2734.5 60.1667
-2735.5 61
-2736.5 61.3889
-2737.5 61.1667
-2738.5 58.7778
-2739.5 56.1667
-2740.5 54.3333
-2741.5 54.8333
-2742.5 57.7778
-2743.5 57.0555
-2744.5 54.3333
-2745.5 54.5
-2746.5 56.8333
-2747.5 60.3889
-2748.5 62.4445
-2749.5 62.1111
-2750.5 61.7222
-2751.5 57.6667
-2752.5 54
-2753.5 54.4445
-2754.5 54.3889
-2755.5 52.7223
-2756.5 54.2223
-2757.5 56.7778
-2758.5 59.3333
-2759.5 61.5555
-2760.5 58.8889
-2761.5 54.8889
-2762.5 51.6667
-2763.5 50.0555
-2764.5 50.5
-2765.5 49.7222
-2766.5 46.8889
-2767.5 44.8333
-2768.5 43.4445
-2769.5 42.0555
-2770.5 40.1111
-2771.5 38.3889
-2772.5 40.0555
-2773.5 39.8333
-2774.5 37.8333
-2775.5 41.6111
-2776.5 48.1667
-2777.5 45.3333
-2778.5 38.2777
-2779.5 36.3889
-2780.5 34.7778
-2781.5 37.0555
-2782.5 39.7222
-2783.5 39.2777
-2784.5 40
-2785.5 41.3333
-2786.5 41.8889
-2787.5 42.5555
-2788.5 42.2222
-2789.5 39.2777
-2790.5 36.6111
-2791.5 38.2223
-2792.5 40.4445
-2793.5 41.2222
-2794.5 42.3333
-2795.5 42.1667
-2796.5 41.5
-2797.5 42.9445
-2798.5 46.5555
-2799.5 45.8333
-2800.5 45.9445
-2801.5 44.2223
-2802.5 41.0555
-2803.5 43.4445
-2804.5 43.9445
-2805.5 45.7222
-2806.5 46.3889
-2807.5 44.6111
-2808.5 44.9445
-2809.5 46.3889
-2810.5 48.6111
-2811.5 51.6667
-2812.5 54.7223
-2813.5 56.2223
-2814.5 56.1667
-2815.5 56.7223
-2816.5 59.3333
-2817.5 62.3889
-2818.5 60.1667
-2819.5 56.7777
-2820.5 57.9445
-2821.5 57.8333
-2822.5 56.7778
-2823.5 56.2778
-2824.5 57.2778
-2825.5 58.3889
-2826.5 58.4445
-2827.5 59.1667
-2828.5 58.7223
-2829.5 59.3889
-2830.5 58.8889
-2831.5 57.6111
-2832.5 59.3889
-2833.5 60.5
-2834.5 59.4445
-2835.5 59.5
-2836.5 60.2223
-2837.5 59.6111
-2838.5 59.5555
-2839.5 59.3333
-2840.5 58.4445
-2841.5 58.3889
-2842.5 58.5555
-2843.5 59.3889
-2844.5 59.6111
-2845.5 59.1111
-2846.5 59.6667
-2847.5 60.1667
-2848.5 60.1111
-2849.5 58.3333
-2850.5 57.9445
-2851.5 58.5
-2852.5 60.2777
-2853.5 60.7777
-2854.5 59.3889
-2855.5 59.8889
-2856.5 59.8889
-2857.5 59.6667
-2858.5 59
-2859.5 60.1667
-2860.5 60.4445
-2861.5 58.5
-2862.5 57.5555
-2863.5 56.2778
-2864.5 57.5
-2865.5 57.2222
-2866.5 54.3333
-2867.5 53.8889
-2868.5 55.8333
-2869.5 56
-2870.5 55.2777
-2871.5 56.7222
-2872.5 57.1667
-2873.5 57.7778
-2874.5 56.8889
-2875.5 53.5555
-2876.5 48.1111
-2877.5 44.1667
-2878.5 44
-2879.5 44.1667
-2880.5 47.5
-2881.5 49.1111
-2882.5 47.1111
-2883.5 43.7223
-2884.5 40.8333
-2885.5 43.5
-2886.5 44
-2887.5 39.8889
-2888.5 35.5
-2889.5 31.6667
-2890.5 31.7222
-2891.5 30.1667
-2892.5 28.2222
-2893.5 30.6667
-2894.5 31
-2895.5 30.6111
-2896.5 32.0555
-2897.5 31.0556
-2898.5 29.3889
-2899.5 30.3333
-2900.5 31.1667
-2901.5 29.6667
-2902.5 29.8889
-2903.5 32.6111
-2904.5 34.3333
-2905.5 34.9445
-2906.5 33.9445
-2907.5 32.1667
-2908.5 32.5
-2909.5 33.7778
-2910.5 34.2778
-2911.5 35.3889
-2912.5 36.1667
-2913.5 35.7222
-2914.5 36.9445
-2915.5 41.3333
-2916.5 44.9445
-2917.5 47.3333
-2918.5 47.8889
-2919.5 48.3889
-2920.5 48.6111
-2921.5 49.7223
-2922.5 50.4445
-2923.5 48.8889
-2924.5 46.8889
-2925.5 42.7778
-2926.5 42.3333
-2927.5 45.1111
-2928.5 48.6111
-2929.5 52.5
-2930.5 53.1111
-2931.5 55.2222
-2932.5 45.8333
-2933.5 45.1111
-2934.5 57.4445
-2935.5 57.5555
-2936.5 56.6667
-2937.5 57.3333
-2938.5 57.3333
-2939.5 57.1111
-2940.5 57.3333
-2941.5 59.5
-2942.5 62.3333
-2943.5 62.7223
-2944.5 61.7223
-2945.5 61.3333
-2946.5 61.6111
-2947.5 62.4445
-2948.5 63.9444
-2949.5 63.6666
-2950.5 64.8333
-2951.5 65.5
-2952.5 63.3333
-2953.5 62.3889
-2954.5 61.9445
-2955.5 60.6111
-2956.5 60.2778
-2957.5 58.9445
-2958.5 57.5
-2959.5 57.8333
-2960.5 59.7778
-2961.5 60.9445
-2962.5 59.3889
-2963.5 57.4444
-2964.5 55.5
-2965.5 53.0556
-2966.5 50.6667
-2967.5 51.2778
-2968.5 52.2223
-2969.5 52.5555
-2970.5 51.8333
-2971.5 50.4445
-2972.5 48.5555
-2973.5 45
-2974.5 42.9445
-2975.5 41.5555
-2976.5 39.0555
-2977.5 37.6667
-2978.5 37.5
-2979.5 36.8333
-2980.5 36.2223
-2981.5 36.1111
-2982.5 35.8333
-2983.5 35.6111
-2984.5 35.3333
-2985.5 33.5555
-2986.5 31.7778
-2987.5 29.6667
-2988.5 29.6667
-2989.5 32.6667
-2990.5 33.4445
-2991.5 32.2223
-2992.5 32.2223
-2993.5 32
-2994.5 31.3333
-2995.5 30.5556
-2996.5 29.5556
-2997.5 29.1111
-2998.5 29.6667
-2999.5 32.0555
-3000.5 34.4445
-3001.5 33.8333
-3002.5 33.7777
-3003.5 36.4445
-3004.5 39.0555
-3005.5 40.7777
-3006.5 40.2777
-3007.5 40.1111
-3008.5 41.6111
-3009.5 41.5
-3010.5 42.1111
-3011.5 43.1111
-3012.5 43.3889
-3013.5 43
-3014.5 43.6111
-3015.5 47.8333
-3016.5 53.1667
-3017.5 55.9445
-3018.5 55.8889
-3019.5 55.5555
-3020.5 54.6667
-3021.5 54.8889
-3022.5 56.3889
-3023.5 56.1111
-3024.5 55.3889
-3025.5 55.5
-3026.5 58
-3027.5 61
-3028.5 62.1667
-3029.5 63.6666
-3030.5 63.7777
-3031.5 63.8889
-3032.5 65.0556
-3033.5 65.9444
-3034.5 66.1111
-3035.5 64.4445
-3036.5 64.5555
-3037.5 64.7222
-3038.5 62.4445
-3039.5 61.4445
-3040.5 61.3889
-3041.5 61.1667
-3042.5 60.3333
-3043.5 59.3889
-3044.5 57.6667
-3045.5 57.3333
-3046.5 59.3333
-3047.5 59.7222
-3048.5 60.5555
-3049.5 61.2222
-3050.5 59.5555
-3051.5 57.4445
-3052.5 54.5555
-3053.5 50.1667
-3054.5 46.5
-3055.5 48.5
-3056.5 51.2222
-3057.5 50.6111
-3058.5 50.3889
-3059.5 48.6667
-3060.5 46.7778
-3061.5 44.6111
-3062.5 41.8333
-3063.5 41.1667
-3064.5 43.3889
-3065.5 46.2223
-3066.5 42.1111
-3067.5 35.2222
-3068.5 32.4445
-3069.5 30.3333
-3070.5 30.1111
-3071.5 31.0556
-3072.5 30.5
-3073.5 30.1667
-3074.5 30.0556
-3075.5 30.8333
-3076.5 34.0556
-3077.5 36.9445
-3078.5 37.6667
-3079.5 38.1667
-3080.5 40.9445
-3081.5 42.6667
-3082.5 41.8889
-3083.5 42.5
-3084.5 42.6111
-3085.5 40.6667
-3086.5 38.1667
-3087.5 38.6667
-3088.5 42.7222
-3089.5 46.3333
-3090.5 47.8333
-3091.5 49
-3092.5 50.2778
-3093.5 52.7778
-3094.5 54.8333
-3095.5 55
-3096.5 56.2778
-3097.5 56
-3098.5 55.1667
-3099.5 54.7778
-3100.5 54
-3101.5 54.1667
-3102.5 53.7222
-3103.5 55.9444
-3104.5 59.6667
-3105.5 60.5555
-3106.5 61.1111
-3107.5 61.7778
-3108.5 61.9445
-3109.5 61.5555
-3110.5 62.8889
-3111.5 63.9445
-3112.5 62.2223
-3113.5 61.6111
-3114.5 61.8333
-3115.5 62.4445
-3116.5 62.2223
-3117.5 62.7223
-3118.5 63.7223
-3119.5 62.7223
-3120.5 61.2778
-3121.5 60.6111
-3122.5 59.2223
-3123.5 57.7778
-3124.5 53.9445
-3125.5 50
-3126.5 50.0555
-3127.5 49.7777
-3128.5 49.5
-3129.5 49.3333
-3130.5 47.7223
-3131.5 44.6111
-3132.5 41.8333
-3133.5 40.7778
-3134.5 41.0556
-3135.5 40.1667
-3136.5 37.8333
-3137.5 36.5555
-3138.5 36.6111
-3139.5 38.2778
-3140.5 39.2778
-3141.5 38.2222
-3142.5 37.5
-3143.5 36.5556
-3144.5 34.2223
-3145.5 32.7778
-3146.5 32.3889
-3147.5 31.5
-3148.5 30.9444
-3149.5 29.5
-3150.5 29.1667
-3151.5 30.2222
-3152.5 29.9444
-3153.5 31.3889
-3154.5 32.7778
-3155.5 34.0556
-3156.5 35.6111
-3157.5 35.6111
-3158.5 36.2778
-3159.5 36.3889
-3160.5 38
-3161.5 39.4445
-3162.5 40.0555
-3163.5 40.5
-3164.5 40.3889
-3165.5 41.9445
-3166.5 42.7223
-3167.5 42.5
-3168.5 42.2777
-3169.5 42.8889
-3170.5 46.8333
-3171.5 51.7222
-3172.5 54.2222
-3173.5 57.0555
-3174.5 59.1667
-3175.5 60.8889
-3176.5 61.8889
-3177.5 62.0555
-3178.5 64.3333
-3179.5 64.9445
-3180.5 64.6111
-3181.5 63.7777
-3182.5 62.7222
-3183.5 61.7777
-3184.5 62.1111
-3185.5 63.9445
-3186.5 63.6111
-3187.5 64.1111
-3188.5 64.3889
-3189.5 63.7778
-3190.5 62.6667
-3191.5 61.6667
-3192.5 61.0555
-3193.5 60.2222
-3194.5 59.4445
-3195.5 57.2223
-3196.5 54.6111
-3197.5 53.0556
-3198.5 50.8333
-3199.5 48.3889
-3200.5 48.5
-3201.5 47.8889
-3202.5 44.9444
-3203.5 43.1111
-3204.5 44.8333
-3205.5 46.5555
-3206.5 46.5555
-3207.5 46.9445
-3208.5 45.6111
-3209.5 41.2777
-3210.5 39.6667
-3211.5 40.4445
-3212.5 40.8889
-3213.5 40.1667
-3214.5 35.7222
-3215.5 32.1111
-3216.5 29.5556
-3217.5 28.6111
-3218.5 29.7222
-3219.5 29.2778
-3220.5 28.3333
-3221.5 28.2222
-3222.5 28.9444
-3223.5 29
-3224.5 28
-3225.5 28.6667
-3226.5 31.5
-3227.5 34.9445
-3228.5 35.6667
-3229.5 35.4445
-3230.5 37.6667
-3231.5 38.7222
-3232.5 40.9445
-3233.5 34.8333
-3234.5 36.5555
-3235.5 47.5555
-3236.5 46.7778
-3237.5 46.8333
-3238.5 53.2222
-3239.5 60.2222
-3240.5 62
-3241.5 63.3333
-3242.5 64.1667
-3243.5 64.3889
-3244.5 59.6111
-3245.5 55.2222
-3246.5 61.7222
-3247.5 65.5555
-3248.5 61
-3249.5 57.3333
-3250.5 56.8333
-3251.5 58.1667
-3252.5 58.8889
-3253.5 59.8333
-3254.5 60.1111
-3255.5 63.5
-3256.5 69
-3257.5 68.6667
-3258.5 65.8333
-3259.5 63.7222
-3260.5 63.7222
-3261.5 63.0555
-3262.5 60.6667
-3263.5 60.3889
-3264.5 60.2777
-3265.5 57.6111
-3266.5 58.6667
-3267.5 60.2222
-3268.5 59.4445
-3269.5 57.2223
-3270.5 54.8889
-3271.5 54.8889
-3272.5 53.9445
-3273.5 50.5555
-3274.5 48.3333
-3275.5 44.7778
-3276.5 41
-3277.5 40.3333
-3278.5 38.4444
-3279.5 38.0555
-3280.5 38.7778
-3281.5 38.6667
-3282.5 36.3889
-3283.5 35.3889
-3284.5 36.9444
-3285.5 35.7222
-3286.5 35
-3287.5 35.5
-3288.5 35.8333
-3289.5 37.5
-3290.5 39.7777
-3291.5 41.8333
-3292.5 43.2777
-3293.5 46.5555
-3294.5 51
-3295.5 52.8889
-3296.5 50.5
-3297.5 47.5555
-3298.5 48.7778
-3299.5 50.1111
-3300.5 52.6111
-3301.5 59.5
-3302.5 64.1667
-3303.5 63.9445
-3304.5 64.0555
-3305.5 64.8889
-3306.5 63.7778
-3307.5 63.2778
-3308.5 64.3889
-3309.5 65.8889
-3310.5 68.4444
-3311.5 69.9444
-3312.5 69
-3313.5 69.5556
-3314.5 69.7223
-3315.5 68.6667
-3316.5 68.8333
-3317.5 68.3889
-3318.5 66.8333
-3319.5 66.0555
-3320.5 65.5
-3321.5 65.7778
-3322.5 64.7223
-3323.5 61.8889
-3324.5 60.8889
-3325.5 62
-3326.5 61.1111
-3327.5 57.3333
-3328.5 53.9445
-3329.5 50.9445
-3330.5 46.6667
-3331.5 43.1111
-3332.5 43.3333
-3333.5 42.3333
-3334.5 40.2223
-3335.5 39.4445
-3336.5 37.9445
-3337.5 37.2778
-3338.5 37.0555
-3339.5 34.7222
-3340.5 31.1111
-3341.5 30.1111
-3342.5 31.2222
-3343.5 31.5556
-3344.5 31.7778
-3345.5 32.7778
-3346.5 32.0555
-3347.5 33.5555
-3348.5 38.2223
-3349.5 40.8333
-3350.5 43.9445
-3351.5 46.7222
-3352.5 48
-3353.5 50.2223
-3354.5 53.4445
-3355.5 58.1667
-3356.5 63.5
-3357.5 64.9445
-3358.5 66.1667
-3359.5 66.7222
-3360.5 64.7777
-3361.5 64.4445
-3362.5 65.9445
-3363.5 67.2777
-3364.5 69.6111
-3365.5 72.1111
-3366.5 72
-3367.5 71.4445
-3368.5 70.6111
-3369.5 70.7222
-3370.5 72.1111
-3371.5 72.7223
-3372.5 73.5
-3373.5 74.8333
-3374.5 72.7222
-3375.5 68.6111
-3376.5 64.3889
-3377.5 59.0555
-3378.5 55.3333
-3379.5 52.7222
-3380.5 53
-3381.5 56.8889
-3382.5 54.8333
-3383.5 50.0555
-3384.5 49.2777
-3385.5 48.8333
-3386.5 48.3333
-3387.5 47.9445
-3388.5 45.5555
-3389.5 40.0555
-3390.5 35.9445
-3391.5 36.1111
-3392.5 36.4445
-3393.5 37.4445
-3394.5 38.2777
-3395.5 38.3889
-3396.5 37.6111
-3397.5 35.9445
-3398.5 35.5555
-3399.5 34.6111
-3400.5 34.2222
-3401.5 37.9445
-3402.5 43.7223
-3403.5 47.0555
-3404.5 47.1667
-3405.5 47.7777
-3406.5 45.9444
-3407.5 42.1667
-3408.5 43.1667
-3409.5 44.7222
-3410.5 45.7778
-3411.5 47.9445
-3412.5 51.7777
-3413.5 54
-3414.5 54.1667
-3415.5 54.9445
-3416.5 56.8889
-3417.5 58.3333
-3418.5 57.2777
-3419.5 57.3889
-3420.5 58.2777
-3421.5 58.7777
-3422.5 60.3889
-3423.5 60.8889
-3424.5 60.5
-3425.5 60.2778
-3426.5 59.8333
-3427.5 59.5
-3428.5 57.6111
-3429.5 56.8333
-3430.5 60.4445
-3431.5 62
-3432.5 58.1111
-3433.5 55.0555
-3434.5 53
-3435.5 49.4445
-3436.5 48.5
-3437.5 48.6667
-3438.5 49.8889
-3439.5 48.5
-3440.5 50.3333
-3441.5 56.4444
-3442.5 56.7222
-3443.5 56.2222
-3444.5 55.2222
-3445.5 51.7222
-3446.5 47.1111
-3447.5 41.6111
-3448.5 36.9444
-3449.5 35.3889
-3450.5 37.1111
-3451.5 39.4445
-3452.5 42.2778
-3453.5 46.3889
-3454.5 49.5555
-3455.5 52.5555
-3456.5 55.5
-3457.5 55.7778
-3458.5 56.1667
-3459.5 58.5556
-3460.5 60.6667
-3461.5 61.4445
-3462.5 61.1667
-3463.5 63.6111
-3464.5 66.7222
-3465.5 68.7777
-3466.5 69.8333
-3467.5 69.3333
-3468.5 69.4444
-3469.5 69.2778
-3470.5 65.6111
-3471.5 62.5
-3472.5 62.6667
-3473.5 62.3889
-3474.5 61.6111
-3475.5 59.7777
-3476.5 58.8889
-3477.5 58.7777
-3478.5 57.2222
-3479.5 57.1667
-3480.5 57.3889
-3481.5 56.6111
-3482.5 57.5555
-3483.5 56.6111
-3484.5 53.3333
-3485.5 51.0555
-3486.5 49.1667
-3487.5 45.8333
-3488.5 39.5
-3489.5 35.4445
-3490.5 33.8333
-3491.5 33.5
-3492.5 32.9445
-3493.5 31.0556
-3494.5 30.0556
-3495.5 29.2222
-3496.5 28.3889
-3497.5 29.8889
-3498.5 35.8889
-3499.5 40.2778
-3500.5 42.4445
-3501.5 41
-3502.5 37.6111
-3503.5 38.2222
-3504.5 38.3333
-3505.5 39.2777
-3506.5 41.1667
-3507.5 43.4445
-3508.5 47.2223
-3509.5 50.1111
-3510.5 52.1111
-3511.5 53.6667
-3512.5 56
-3513.5 60.5555
-3514.5 64.7778
-3515.5 65.3333
-3516.5 65.7223
-3517.5 65.3333
-3518.5 64.3889
-3519.5 64.3889
-3520.5 63.8333
-3521.5 64.2223
-3522.5 64.5555
-3523.5 64.4444
-3524.5 65
-3525.5 65.8333
-3526.5 64.5555
-3527.5 62.7778
-3528.5 61.3333
-3529.5 60.3333
-3530.5 60.5
-3531.5 47.5
-3532.5 44.3333
-3533.5 52.5
-3534.5 51.4445
-3535.5 50.5555
-3536.5 48.3333
-3537.5 45.5555
-3538.5 42.2778
-3539.5 42.6111
-3540.5 44.0555
-3541.5 42.5
-3542.5 39.2222
-3543.5 35.7777
-3544.5 34.8889
-3545.5 31.6667
-3546.5 30.1111
-3547.5 31.3333
-3548.5 31.6111
-3549.5 33.5
-3550.5 34.8333
-3551.5 35.2223
-3552.5 34.4445
-3553.5 33.9445
-3554.5 33.8333
-3555.5 35.7223
-3556.5 39.0555
-3557.5 43.6111
-3558.5 48.8889
-3559.5 52.3333
-3560.5 54.3889
-3561.5 55.4445
-3562.5 57.8333
-3563.5 60.7778
-3564.5 61
-3565.5 61.5555
-3566.5 63.3333
-3567.5 63.7223
-3568.5 62.7223
-3569.5 63.1667
-3570.5 62.3889
-3571.5 59.3333
-3572.5 57.6111
-3573.5 57.6667
-3574.5 57.8889
-3575.5 57.0555
-3576.5 56.0555
-3577.5 54
-3578.5 53
-3579.5 54.1111
-3580.5 54.6667
-3581.5 52.7777
-3582.5 48.6111
-3583.5 44.7777
-3584.5 42.2222
-3585.5 39.5
-3586.5 36.1111
-3587.5 33.1667
-3588.5 30.9444
-3589.5 29.3333
-3590.5 28.2222
-3591.5 28
-3592.5 29.8889
-3593.5 30.9444
-3594.5 32.3333
-3595.5 33.8889
-3596.5 32.3333
-3597.5 31.1111
-3598.5 30.8889
-3599.5 31.1111
-3600.5 32.3333
-3601.5 35.3333
-3602.5 39.1111
-3603.5 43.6111
-3604.5 47.7223
-3605.5 50.6111
-3606.5 51.7777
-3607.5 53.1667
-3608.5 55.8333
-3609.5 58.4444
-3610.5 61.8889
-3611.5 63.3333
-3612.5 62.8889
-3613.5 62.7222
-3614.5 63.9445
-3615.5 64.6111
-3616.5 64.6111
-3617.5 66
-3618.5 65.3889
-3619.5 62.7778
-3620.5 61.6667
-3621.5 62.0555
-3622.5 63.5555
-3623.5 64.0555
-3624.5 63.9445
-3625.5 62.3889
-3626.5 59.7223
-3627.5 56.6667
-3628.5 51.4444
-3629.5 46.2222
-3630.5 44.7222
-3631.5 45.7222
-3632.5 44
-3633.5 40.5
-3634.5 38.4445
-3635.5 34.8333
-3636.5 31.0556
-3637.5 29.3889
-3638.5 30.1111
-3639.5 32.4445
-3640.5 31.9444
-3641.5 32.5555
-3642.5 35.7222
-3643.5 39.8333
-3644.5 42.6111
-3645.5 43.3333
-3646.5 42.7778
-3647.5 44.0556
-3648.5 48.0556
-3649.5 49.7778
-3650.5 52.3889
-3651.5 56.6111
-3652.5 60
-3653.5 60.3889
-3654.5 60.3333
-3655.5 62.9444
-3656.5 64.1111
-3657.5 62.9445
-3658.5 62.0555
-3659.5 62.6111
-3660.5 63.9445
-3661.5 64.5556
-3662.5 64.8888
-3663.5 64.3888
-3664.5 63.9444
-3665.5 64.1111
-3666.5 61.3889
-3667.5 58.8889
-3668.5 56.6111
-3669.5 52.6111
-3670.5 50.8889
-3671.5 50.1667
-3672.5 48.8333
-3673.5 47.5555
-3674.5 44.7223
-3675.5 40.5555
-3676.5 36.1667
-3677.5 33.9445
-3678.5 33.0555
-3679.5 32.0555
-3680.5 30.8333
-3681.5 30.5556
-3682.5 33
-3683.5 36.3889
-3684.5 38.9445
-3685.5 42.0555
-3686.5 44
-3687.5 44.8333
-3688.5 47.2777
-3689.5 48.7777
-3690.5 51
-3691.5 52.7778
-3692.5 54.0555
-3693.5 57
-3694.5 58.5
-3695.5 59.5555
-3696.5 61.7223
-3697.5 62.7778
-3698.5 64.9444
-3699.5 67.1667
-3700.5 68.1667
-3701.5 68.8889
-3702.5 67.3889
-3703.5 66.3333
-3704.5 65
-3705.5 63.5555
-3706.5 61.8889
-3707.5 60.6667
-3708.5 59.1111
-3709.5 55.2778
-3710.5 52.2223
-3711.5 49.5555
-3712.5 47.2777
-3713.5 43.7222
-3714.5 40.2222
-3715.5 38.0555
-3716.5 35.8889
-3717.5 34.1667
-3718.5 32.8889
-3719.5 31.8889
-3720.5 31
-3721.5 31.5
-3722.5 30.9444
-3723.5 30.6667
-3724.5 31.8333
-3725.5 31.3889
-3726.5 32.1111
-3727.5 34.7777
-3728.5 36.0555
-3729.5 36.0555
-3730.5 35.9445
-3731.5 38.8889
-3732.5 42.1111
-3733.5 44.6111
-3734.5 45.5555
-3735.5 44.3333
-3736.5 45.4445
-3737.5 51.6667
-3738.5 59.0555
-3739.5 62.8889
-3740.5 64.4444
-3741.5 65.2222
-3742.5 66.3333
-3743.5 66.9444
-3744.5 65.6667
-3745.5 63.0555
-3746.5 62.6667
-3747.5 62.6111
-3748.5 59.6667
-3749.5 56.1111
-3750.5 55.3333
-3751.5 53.8889
-3752.5 49.9445
-3753.5 47.7223
-3754.5 46.1667
-3755.5 43.1111
-3756.5 40.9445
-3757.5 38.5555
-3758.5 35.5
-3759.5 34.2222
-3760.5 33.5555
-3761.5 32.6667
-3762.5 31.6667
-3763.5 30.8333
-3764.5 30.2222
-3765.5 31.4444
-3766.5 33.7777
-3767.5 36.3333
-3768.5 38.2222
-3769.5 41.2222
-3770.5 44.5555
-3771.5 48.0555
-3772.5 53.8333
-3773.5 59.2222
-3774.5 61.1111
-3775.5 61.5
-3776.5 63.7222
-3777.5 63.6667
-3778.5 64.5555
-3779.5 65.9445
-3780.5 66.5
-3781.5 65.3333
-3782.5 63.9445
-3783.5 64.4444
-3784.5 63.7222
-3785.5 63.6111
-3786.5 65.2222
-3787.5 66
-3788.5 64.5
-3789.5 63.9445
-3790.5 64.6112
-3791.5 65.9445
-3792.5 65.2222
-3793.5 61.8889
-3794.5 57.7778
-3795.5 52.4445
-3796.5 47.2778
-3797.5 44.6111
-3798.5 44.7778
-3799.5 43.3889
-3800.5 38.2223
-3801.5 33.2778
-3802.5 31
-3803.5 29.6667
-3804.5 28.8889
-3805.5 31.7778
-3806.5 33.3333
-3807.5 34.2223
-3808.5 37.3889
-3809.5 36.9445
-3810.5 36.7223
-3811.5 40.0556
-3812.5 44.3333
-3813.5 47.3889
-3814.5 49.1111
-3815.5 51.4445
-3816.5 55.1111
-3817.5 57.7223
-3818.5 59.2223
-3819.5 61.6667
-3820.5 63.5
-3821.5 63.5556
-3822.5 64.5556
-3823.5 65.8333
-3824.5 65.7777
-3825.5 65.3888
-3826.5 53.8888
-3827.5 53.1667
-3828.5 65.1667
-3829.5 66.3888
-3830.5 62.6111
-3831.5 58.3889
-3832.5 56.5555
-3833.5 54.0555
-3834.5 50.3333
-3835.5 46.8889
-3836.5 45.5
-3837.5 43.2222
-3838.5 40.8333
-3839.5 38.8889
-3840.5 36.9445
-3841.5 35.7777
-3842.5 34.7222
-3843.5 34.1667
-3844.5 33.1667
-3845.5 33.5555
-3846.5 35.1111
-3847.5 35.9445
-3848.5 36.6111
-3849.5 35.9445
-3850.5 37.6111
-3851.5 38.8333
-3852.5 37.6111
-3853.5 42.6111
-3854.5 48.9445
-3855.5 51.1111
-3856.5 53.4445
-3857.5 54.8333
-3858.5 56.3333
-3859.5 58.4445
-3860.5 59.4445
-3861.5 62.1111
-3862.5 63.1111
-3863.5 63.3889
-3864.5 64.9445
-3865.5 63.5
-3866.5 62.4445
-3867.5 63.4445
-3868.5 62.7778
-3869.5 59.8889
-3870.5 59.2777
-3871.5 59.7222
-3872.5 59.7222
-3873.5 57.6111
-3874.5 52.3889
-3875.5 47
-3876.5 42.9445
-3877.5 40
-3878.5 37.9445
-3879.5 37
-3880.5 34.9445
-3881.5 32.3333
-3882.5 29.5
-3883.5 30.5
-3884.5 34.1111
-3885.5 36.2777
-3886.5 37.6111
-3887.5 38.6111
-3888.5 40.2222
-3889.5 42.5
-3890.5 44.8889
-3891.5 47.3889
-3892.5 49.6111
-3893.5 51.2777
-3894.5 52.1111
-3895.5 52.3889
-3896.5 54.0555
-3897.5 56.2777
-3898.5 59.5
-3899.5 60.6667
-3900.5 61.1667
-3901.5 61.9445
-3902.5 63.1666
-3903.5 63.7222
-3904.5 62.2777
-3905.5 60.8333
-3906.5 58.7222
-3907.5 56.6111
-3908.5 53.4445
-3909.5 51
-3910.5 52.7777
-3911.5 52.6111
-3912.5 48.6111
-3913.5 45
-3914.5 42.6667
-3915.5 41.2223
-3916.5 41.3333
-3917.5 40.6667
-3918.5 38
-3919.5 37.7222
-3920.5 41.1111
-3921.5 45.6111
-3922.5 48.1111
-3923.5 51
-3924.5 53.9445
-3925.5 55.2777
-3926.5 55.2777
-3927.5 54.3333
-3928.5 54.1667
-3929.5 56.6111
-3930.5 61.6111
-3931.5 66
-3932.5 68.2222
-3933.5 70.2777
-3934.5 71.1667
-3935.5 71.0555
-3936.5 72
-3937.5 71.6667
-3938.5 71.2777
-3939.5 70.3889
-3940.5 68.3889
-3941.5 69.5
-3942.5 69.7223
-3943.5 66.3889
-3944.5 62.7222
-3945.5 60.5
-3946.5 57.6111
-3947.5 53.5555
-3948.5 49.1667
-3949.5 44.1667
-3950.5 39.6667
-3951.5 38.5555
-3952.5 39.7222
-3953.5 40.8333
-3954.5 42.6111
-3955.5 42.7223
-3956.5 40.6667
-3957.5 38.9444
-3958.5 42.7222
-3959.5 48.7778
-3960.5 52.1667
-3961.5 54.2778
-3962.5 55.8333
-3963.5 58.5
-3964.5 62.1111
-3965.5 66.0555
-3966.5 70.3889
-3967.5 72.5
-3968.5 72.7222
-3969.5 73.1667
-3970.5 71.7222
-3971.5 71.5
-3972.5 70.6112
-3973.5 68.7778
-3974.5 68.1111
-3975.5 66.3333
-3976.5 64.1667
-3977.5 61.9445
-3978.5 59.8333
-3979.5 58.5
-3980.5 55.5
-3981.5 52.2223
-3982.5 49.6667
-3983.5 45.9445
-3984.5 44.8889
-3985.5 45.0555
-3986.5 45.1111
-3987.5 44.1111
-3988.5 43.0555
-3989.5 42.0555
-3990.5 40.6667
-3991.5 39.7223
-3992.5 37.6111
-3993.5 40.6111
-3994.5 47.7223
-3995.5 52.8889
-3996.5 57
-3997.5 59.7223
-3998.5 64.8333
-3999.5 69.7222
-4000.5 71.5
-4001.5 73.8333
-4002.5 74.8889
-4003.5 75.5555
-4004.5 74.8333
-4005.5 73.8888
-4006.5 74.1111
-4007.5 72.4444
-4008.5 71.5
-4009.5 70.1667
-4010.5 67.2222
-4011.5 65.6111
-4012.5 63.8889
-4013.5 60.2778
-4014.5 55.9445
-4015.5 53.2778
-4016.5 51.0555
-4017.5 48.2222
-4018.5 44.8889
-4019.5 41.5
-4020.5 39.3889
-4021.5 39.1667
-4022.5 36.7223
-4023.5 34.5555
-4024.5 34.3889
-4025.5 33.2222
-4026.5 35.5555
-4027.5 41.9445
-4028.5 47.3889
-4029.5 49.8889
-4030.5 53.5555
-4031.5 58.3333
-4032.5 62.6667
-4033.5 67.5
-4034.5 71.5
-4035.5 74.0556
-4036.5 75.8333
-4037.5 76.0556
-4038.5 75.2223
-4039.5 74.6667
-4040.5 73.3889
-4041.5 72.6111
-4042.5 73.0555
-4043.5 70.5555
-4044.5 69.0555
-4045.5 67.7222
-4046.5 61.7222
-4047.5 56.7777
-4048.5 53.8889
-4049.5 50.2777
-4050.5 47.5
-4051.5 44.8889
-4052.5 38.1111
-4053.5 30.8333
-4054.5 29.8889
-4055.5 33.9445
-4056.5 38.3333
-4057.5 40.8889
-4058.5 44.1111
-4059.5 46.6111
-4060.5 48.3333
-4061.5 52.3333
-4062.5 54.3889
-4063.5 54.7222
-4064.5 56.7222
-4065.5 57.2222
-4066.5 58.3333
-4067.5 62.6111
-4068.5 63.6667
-4069.5 63.8333
-4070.5 64.8333
-4071.5 64.6111
-4072.5 63.1111
-4073.5 60.6667
-4074.5 60.8333
-4075.5 60.1111
-4076.5 60.2222
-4077.5 60.5
-4078.5 58.2778
-4079.5 54.2778
-4080.5 47.3333
-4081.5 42.7223
-4082.5 38
-4083.5 33.3889
-4084.5 31
-4085.5 29.9444
-4086.5 29.9444
-4087.5 29.6111
-4088.5 31.3889
-4089.5 36.3889
-4090.5 40.8889
-4091.5 43.1111
-4092.5 43.6111
-4093.5 43.7778
-4094.5 45.7223
-4095.5 51.6667
-4096.5 57.5555
-4097.5 61.1111
-4098.5 63.6111
-4099.5 64.6667
-4100.5 66.3333
-4101.5 66.5555
-4102.5 65.6111
-4103.5 64.0555
-4104.5 63.1111
-4105.5 61.7777
-4106.5 61.0555
-4107.5 62.2223
-4108.5 64.2778
-4109.5 64.7223
-4110.5 62.6111
-4111.5 59.4445
-4112.5 53.8889
-4113.5 47.6667
-4114.5 41.9445
-4115.5 38.1111
-4116.5 33.7222
-4117.5 31.4444
-4118.5 32.0556
-4119.5 28.5556
-4120.5 25.6111
-4121.5 36.5555
-4122.5 48.4444
-4123.5 49.8889
-4124.5 49.5
-4125.5 50.4445
-4126.5 53.6667
-4127.5 58.8889
-4128.5 65.0555
-4129.5 67.6667
-4130.5 69.1111
-4131.5 69.1111
-4132.5 66.1111
-4133.5 64.7777
-4134.5 64.8333
-4135.5 68.3333
-4136.5 68.6111
-4137.5 65.6111
-4138.5 65.5556
-4139.5 65.2778
-4140.5 64
-4141.5 60.6111
-4142.5 56.5
-4143.5 50.4445
-4144.5 42.1667
-4145.5 35.3889
-4146.5 31
-4147.5 28.0556
-4148.5 28.1111
-4149.5 29.7778
-4150.5 31.6111
-4151.5 35.6111
-4152.5 39.7223
-4153.5 40.9445
-4154.5 42.7777
-4155.5 46.7222
-4156.5 50.7222
-4157.5 54.6111
-4158.5 57.8333
-4159.5 60.8889
-4160.5 64.7778
-4161.5 65.8889
-4162.5 65.7222
-4163.5 68.0555
-4164.5 68.3889
-4165.5 66.6667
-4166.5 66.3333
-4167.5 67.2777
-4168.5 64.6667
-4169.5 60.9445
-4170.5 59.8889
-4171.5 54.8333
-4172.5 47.0555
-4173.5 42.5
-4174.5 38.4445
-4175.5 32.7777
-4176.5 31.5556
-4177.5 31.5556
-4178.5 28.5
-4179.5 29.5556
-4180.5 31.2778
-4181.5 32.6667
-4182.5 37.2777
-4183.5 39.0555
-4184.5 43.3333
-4185.5 50.0555
-4186.5 56.0555
-4187.5 62.3334
-4188.5 66.3889
-4189.5 67.8889
-4190.5 68.1112
-4191.5 67.9444
-4192.5 66.5555
-4193.5 65.2778
-4194.5 64.4444
-4195.5 61.6666
-4196.5 60.2777
-4197.5 59.3333
-4198.5 57.8889
-4199.5 59.7222
-4200.5 58.7778
-4201.5 54.6667
-4202.5 50.2778
-4203.5 43.5
-4204.5 40.3889
-4205.5 39
-4206.5 33.8333
-4207.5 29.8889
-4208.5 29.3889
-4209.5 31.3333
-4210.5 36
-4211.5 42.2223
-4212.5 46.3333
-4213.5 50.1667
-4214.5 54.1111
-4215.5 56.8889
-4216.5 59.1667
-4217.5 60.1111
-4218.5 62.2778
-4219.5 64.1667
-4220.5 66.5
-4221.5 69.7222
-4222.5 70
-4223.5 68.6667
-4224.5 67.1112
-4225.5 67.2778
-4226.5 66.1667
-4227.5 61.3333
-4228.5 57.6111
-4229.5 52.2222
-4230.5 45.3333
-4231.5 42.1667
-4232.5 39.7222
-4233.5 37
-4234.5 34
-4235.5 29.5
-4236.5 27.2222
-4237.5 28.7778
-4238.5 29.1111
-4239.5 29.0556
-4240.5 32
-4241.5 35.3889
-4242.5 37.7222
-4243.5 41.8333
-4244.5 46.0555
-4245.5 51.5555
-4246.5 58.1667
-4247.5 59.8333
-4248.5 61.2222
-4249.5 65.2777
-4250.5 69.9444
-4251.5 72.3333
-4252.5 70.7778
-4253.5 70.7223
-4254.5 70.9444
-4255.5 69.7777
-4256.5 66.8888
-4257.5 64.3333
-4258.5 60.6111
-4259.5 54
-4260.5 48.1111
-4261.5 43.1111
-4262.5 41.2777
-4263.5 40.5555
-4264.5 38.0555
-4265.5 33.3333
-4266.5 29.7778
-4267.5 29.5
-4268.5 28.7222
-4269.5 28.1667
-4270.5 29.8889
-4271.5 33.1111
-4272.5 40.3889
-4273.5 48.4445
-4274.5 55.3889
-4275.5 60.3889
-4276.5 62.1667
-4277.5 65.7222
-4278.5 68.6111
-4279.5 69.3889
-4280.5 70.5
-4281.5 69.4445
-4282.5 67.7223
-4283.5 68.9444
-4284.5 68.4444
-4285.5 64.5
-4286.5 60.8889
-4287.5 57.5
-4288.5 54.7222
-4289.5 51.6111
-4290.5 48.7222
-4291.5 44.2777
-4292.5 39.7777
-4293.5 38.1667
-4294.5 36.9445
-4295.5 33.5555
-4296.5 30.5556
-4297.5 32.6667
-4298.5 36.5
-4299.5 42.2222
-4300.5 47.9445
-4301.5 49.5555
-4302.5 49.5555
-4303.5 50.6111
-4304.5 53
-4305.5 55.2778
-4306.5 56.6667
-4307.5 59.1667
-4308.5 63.1667
-4309.5 65.6111
-4310.5 66.7778
-4311.5 68.1667
-4312.5 67.5556
-4313.5 65.1111
-4314.5 64.6667
-4315.5 63.8334
-4316.5 61.1667
-4317.5 59.9445
-4318.5 57.8889
-4319.5 54.1667
-4320.5 50
-4321.5 44.5
-4322.5 39.0555
-4323.5 33.9445
-4324.5 29.3889
-4325.5 28.1111
-4326.5 28.2222
-4327.5 27.3333
-4328.5 28.7222
-4329.5 32.7778
-4330.5 37.7223
-4331.5 44.3889
-4332.5 49.4445
-4333.5 53.6111
-4334.5 58.0555
-4335.5 61.6111
-4336.5 65.3333
-4337.5 67.3889
-4338.5 67.8889
-4339.5 68.6667
-4340.5 67.8333
-4341.5 66.4444
-4342.5 65.3888
-4343.5 62.8889
-4344.5 59.7222
-4345.5 56.7222
-4346.5 54.7222
-4347.5 49.5
-4348.5 45.0555
-4349.5 45.5
-4350.5 45.9445
-4351.5 44
-4352.5 41.5555
-4353.5 37.7222
-4354.5 32.4445
-4355.5 29.2222
-4356.5 27.3333
-4357.5 29.3333
-4358.5 34.8889
-4359.5 42.1667
-4360.5 48.2222
-4361.5 51.8889
-4362.5 55.7778
-4363.5 60.5
-4364.5 63.6111
-4365.5 64.4444
-4366.5 65.3889
-4367.5 66.8333
-4368.5 66.6112
-4369.5 65.6667
-4370.5 64.5555
-4371.5 62.6111
-4372.5 63.1667
-4373.5 62.9444
-4374.5 59.3333
-4375.5 55
-4376.5 51.7778
-4377.5 48
-4378.5 42.6111
-4379.5 35.1667
-4380.5 27.8333
-4381.5 25.0556
-4382.5 25.8889
-4383.5 30.8889
-4384.5 35.6111
-4385.5 40.2777
-4386.5 46.1667
-4387.5 52.1667
-4388.5 56.0555
-4389.5 57.2222
-4390.5 58.6667
-4391.5 59.0555
-4392.5 59.4445
-4393.5 60.6667
-4394.5 63.7223
-4395.5 65.4444
-4396.5 65.0555
-4397.5 64.2222
-4398.5 63.7222
-4399.5 65.2222
-4400.5 65.7777
-4401.5 64.8889
-4402.5 63.5
-4403.5 60.7222
-4404.5 57.1111
-4405.5 51.1111
-4406.5 46.9445
-4407.5 44.1111
-4408.5 38.0555
-4409.5 32.5
-4410.5 27.6111
-4411.5 26.1111
-4412.5 31.3333
-4413.5 35.5555
-4414.5 37.9445
-4415.5 41.3889
-4416.5 45.5
-4417.5 51.5
-4418.5 57.2778
-4419.5 60.6667
-4420.5 62.1667
-4421.5 63
-4422.5 63.8889
-4423.5 64.8333
-4424.5 64.6667
-4425.5 64.5
-4426.5 64.2223
-4427.5 62.8333
-4428.5 61
-4429.5 59
-4430.5 56.5
-4431.5 54.5555
-4432.5 53.2222
-4433.5 53.8333
-4434.5 49.5555
-4435.5 40.1667
-4436.5 35
-4437.5 32.0556
-4438.5 30.8333
-4439.5 29.6667
-4440.5 26.3889
-4441.5 27
-4442.5 28.5556
-4443.5 29.8333
-4444.5 35.8333
-4445.5 44.4445
-4446.5 52.5555
-4447.5 57.7223
-4448.5 60.8333
-4449.5 61.7777
-4450.5 62.0555
-4451.5 63.6111
-4452.5 64.8333
-4453.5 64.8889
-4454.5 63.0556
-4455.5 62.2222
-4456.5 62.0555
-4457.5 61.3889
-4458.5 58.9445
-4459.5 53.7777
-4460.5 47.1667
-4461.5 40
-4462.5 35.1667
-4463.5 31.0556
-4464.5 27.0556
-4465.5 24.5556
-4466.5 23.5
-4467.5 24.1667
-4468.5 25.5556
-4469.5 26.2778
-4470.5 28.3333
-4471.5 33.3333
-4472.5 38.1111
-4473.5 41.9445
-4474.5 46.6111
-4475.5 51.7778
-4476.5 58.7778
-4477.5 64.7222
-4478.5 66.9444
-4479.5 69.6667
-4480.5 73.0556
-4481.5 73.7777
-4482.5 72.8888
-4483.5 71.1667
-4484.5 71.6667
-4485.5 70.8333
-4486.5 67.3333
-4487.5 64.3333
-4488.5 61
-4489.5 58.5
-4490.5 54.9445
-4491.5 47
-4492.5 37.3889
-4493.5 32.7222
-4494.5 30.8889
-4495.5 29.8889
-4496.5 31.2222
-4497.5 34.2777
-4498.5 34.9445
-4499.5 37.2223
-4500.5 45.8889
-4501.5 54.5555
-4502.5 60.4445
-4503.5 63.2223
-4504.5 65.3333
-4505.5 68.2222
-4506.5 67.9444
-4507.5 67.4444
-4508.5 69.2777
-4509.5 71.1667
-4510.5 70.5555
-4511.5 67.0555
-4512.5 62.1666
-4513.5 55.4445
-4514.5 50.7778
-4515.5 47.7223
-4516.5 42.7223
-4517.5 37.5555
-4518.5 34.9445
-4519.5 33.6667
-4520.5 33.1111
-4521.5 33.5
-4522.5 35.8333
-4523.5 40
-4524.5 42.7223
-4525.5 46.0555
-4526.5 47.8333
-4527.5 49.2222
-4528.5 54.9445
-4529.5 62.7778
-4530.5 66.7778
-4531.5 67.8889
-4532.5 69.7777
-4533.5 71.8333
-4534.5 71.8889
-4535.5 71
-4536.5 70.3333
-4537.5 66.2222
-4538.5 64.6667
-4539.5 63.9444
-4540.5 60.2778
-4541.5 56.8333
-4542.5 52.8333
-4543.5 48
-4544.5 42.1667
-4545.5 37.7222
-4546.5 35.1111
-4547.5 33.0555
-4548.5 30.2778
-4549.5 27.5
-4550.5 28.7222
-4551.5 34.8333
-4552.5 42.2778
-4553.5 47.2223
-4554.5 51.3333
-4555.5 57.7778
-4556.5 63.3333
-4557.5 65.7778
-4558.5 66.3333
-4559.5 66.7222
-4560.5 65.3888
-4561.5 64.3888
-4562.5 67.1111
-4563.5 68.3889
-4564.5 68.0556
-4565.5 66.2777
-4566.5 64
-4567.5 62.5
-4568.5 58.7777
-4569.5 52.5
-4570.5 46.6111
-4571.5 39.3889
-4572.5 32.4445
-4573.5 31
-4574.5 34.7777
-4575.5 41.7222
-4576.5 45.2777
-4577.5 43.8889
-4578.5 46.3333
-4579.5 51.1667
-4580.5 54.1667
-4581.5 57.2222
-4582.5 59.5
-4583.5 61.0555
-4584.5 65.3888
-4585.5 68.9444
-4586.5 70.2778
-4587.5 72.1667
-4588.5 71.5555
-4589.5 70.6667
-4590.5 68.9444
-4591.5 67.1111
-4592.5 66.2778
-4593.5 63.2778
-4594.5 60.8889
-4595.5 57.3889
-4596.5 52.7778
-4597.5 48
-4598.5 40.2222
-4599.5 32.1111
-4600.5 30.4444
-4601.5 34.9445
-4602.5 37.7777
-4603.5 38.2777
-4604.5 40.3333
-4605.5 46.3889
-4606.5 51.3889
-4607.5 55.3333
-4608.5 58.8333
-4609.5 61.9444
-4610.5 67.3888
-4611.5 68.6667
-4612.5 65.1111
-4613.5 63.3333
-4614.5 61.8889
-4615.5 61.2777
-4616.5 60.2222
-4617.5 56.1667
-4618.5 53.8889
-4619.5 50.5
-4620.5 46.5555
-4621.5 44.0555
-4622.5 43.2777
-4623.5 42.5
-4624.5 36.0555
-4625.5 31.6111
-4626.5 33.7778
-4627.5 38.3889
-4628.5 44.1667
-4629.5 49.8333
-4630.5 54.1111
-4631.5 55.2778
-4632.5 56.7778
-4633.5 61.4445
-4634.5 60.7778
-4635.5 59.0556
-4636.5 61.3333
-4637.5 63.1667
-4638.5 64.5556
-4639.5 64.5
-4640.5 62.5555
-4641.5 62.5
-4642.5 62.7222
-4643.5 59.8889
-4644.5 57.8889
-4645.5 53.6111
-4646.5 47.2778
-4647.5 41.6111
-4648.5 42.4444
-4649.5 43.5555
-4650.5 38
-4651.5 33.2777
-4652.5 32.2222
-4653.5 35.1111
-4654.5 40.2222
-4655.5 45.8333
-4656.5 50
-4657.5 54
-4658.5 58.7222
-4659.5 60.0555
-4660.5 61
-4661.5 63
-4662.5 64.1111
-4663.5 64.3333
-4664.5 63.1111
-4665.5 63.2778
-4666.5 61.9445
-4667.5 58.5
-4668.5 54.3889
-4669.5 50.3889
-4670.5 46.6667
-4671.5 40.9445
-4672.5 33.3333
-4673.5 28.5556
-4674.5 30.5556
-4675.5 33.8889
-4676.5 33.8333
-4677.5 37.2222
-4678.5 40.9445
-4679.5 43.7778
-4680.5 50.5
-4681.5 57.5
-4682.5 63.3333
-4683.5 64.7778
-4684.5 63.1111
-4685.5 63.8333
-4686.5 66.2222
-4687.5 65.7222
-4688.5 64.8333
-4689.5 65
-4690.5 65.0556
-4691.5 62.2778
-4692.5 54.5555
-4693.5 46.8889
-4694.5 42.5555
-4695.5 39.8333
-4696.5 36.5
-4697.5 32.5
-4698.5 31.4444
-4699.5 30.3333
-4700.5 29.3333
-4701.5 32.2778
-4702.5 34.8333
-4703.5 37.2223
-4704.5 41.8333
-4705.5 36.3333
-4706.5 40.3889
-4707.5 58.9445
-4708.5 65.9444
-4709.5 66.3333
-4710.5 65.6112
-4711.5 63.5
-4712.5 60.3889
-4713.5 56.5555
-4714.5 51.8889
-4715.5 49.5555
-4716.5 47.1111
-4717.5 44.9445
-4718.5 41.5555
-4719.5 37.1667
-4720.5 33.7778
-4721.5 31.5556
-4722.5 33.6111
-4723.5 36.0555
-4724.5 38.8333
-4725.5 45
-4726.5 50.3333
-4727.5 54.6111
-4728.5 59.6667
-4729.5 64.1111
-4730.5 68
-4731.5 71.6667
-4732.5 72.3888
-4733.5 71.8888
-4734.5 70.8333
-4735.5 71.0556
-4736.5 69
-4737.5 63.4444
-4738.5 57.1667
-4739.5 55.7778
-4740.5 57.8889
-4741.5 52.5555
-4742.5 46.2222
-4743.5 39.3333
-4744.5 30.8889
-4745.5 28.2778
-4746.5 31.5
-4747.5 35.4445
-4748.5 39.5555
-4749.5 43.4445
-4750.5 46.0555
-4751.5 49.6111
-4752.5 55.2222
-4753.5 61
-4754.5 67.2223
-4755.5 71.9444
-4756.5 73.2777
-4757.5 74.6667
-4758.5 73.8889
-4759.5 72.3333
-4760.5 70.3333
-4761.5 67.2778
-4762.5 61.3889
-4763.5 52.2777
-4764.5 46.6111
-4765.5 42.7223
-4766.5 38.8889
-4767.5 34.8889
-4768.5 29.3333
-4769.5 29.1667
-4770.5 34.2777
-4771.5 40.1667
-4772.5 43.8889
-4773.5 46.8333
-4774.5 53.2778
-4775.5 59.0556
-4776.5 63.4444
-4777.5 65.8333
-4778.5 66.2777
-4779.5 66.2222
-4780.5 65.2222
-4781.5 63.3889
-4782.5 64.2223
-4783.5 63
-4784.5 58.7222
-4785.5 57.0555
-4786.5 50.4445
-4787.5 38.2222
-4788.5 32.4445
-4789.5 30.8333
-4790.5 31.7778
-4791.5 36.6667
-4792.5 40
-4793.5 43.3889
-4794.5 45.1667
-4795.5 50.8889
-4796.5 59.3333
-4797.5 62.0556
-4798.5 63.3889
-4799.5 65.1111
-4800.5 66.7778
-4801.5 67.6112
-4802.5 68.5556
-4803.5 68.6111
-4804.5 65.8333
-4805.5 60.8889
-4806.5 54.5555
-4807.5 52.5555
-4808.5 51.5555
-4809.5 45
-4810.5 37.2778
-4811.5 31.5556
-4812.5 29.3333
-4813.5 30.1667
-4814.5 31.6111
-4815.5 33.7777
-4816.5 37.1111
-4817.5 40.8889
-4818.5 45.0555
-4819.5 51.7777
-4820.5 57.8889
-4821.5 61.4444
-4822.5 65.1111
-4823.5 67.5
-4824.5 68.3333
-4825.5 68.6111
-4826.5 68.8333
-4827.5 66.7778
-4828.5 63.1667
-4829.5 58.5
-4830.5 52.0555
-4831.5 44.7223
-4832.5 40.5555
-4833.5 35.9444
-4834.5 31.5
-4835.5 29.7778
-4836.5 29.2778
-4837.5 33.6667
-4838.5 37.8333
-4839.5 41
-4840.5 49.7777
-4841.5 58.3889
-4842.5 62
-4843.5 65.3333
-4844.5 67.9445
-4845.5 69.0556
-4846.5 68.0556
-4847.5 67.7778
-4848.5 66.5
-4849.5 63.5555
-4850.5 58.8333
-4851.5 50.7778
-4852.5 44.7223
-4853.5 40.0555
-4854.5 34.3889
-4855.5 30.8889
-4856.5 28.7778
-4857.5 28.9444
-4858.5 31.3333
-4859.5 36.7778
-4860.5 43.0556
-4861.5 48.5556
-4862.5 54.6667
-4863.5 59
-4864.5 62.5555
-4865.5 65.6111
-4866.5 68.4444
-4867.5 69.1112
-4868.5 68.5556
-4869.5 68.7222
-4870.5 66.8889
-4871.5 63.0555
-4872.5 58
-4873.5 49.2778
-4874.5 41.1667
-4875.5 35.5555
-4876.5 32.3333
-4877.5 29.8333
-4878.5 27.1111
-4879.5 27.8333
-4880.5 31.1667
-4881.5 36.1111
-4882.5 42
-4883.5 48.9445
-4884.5 53.8333
-4885.5 59.3333
-4886.5 64.7223
-4887.5 68.0556
-4888.5 70.6667
-4889.5 68.1667
-4890.5 63.9445
-4891.5 64.0555
-4892.5 63.6111
-4893.5 59.7222
-4894.5 56
-4895.5 48.9445
-4896.5 41.2778
-4897.5 37.4445
-4898.5 34.1111
-4899.5 31.7222
-4900.5 30.3333
-4901.5 32.5555
-4902.5 36.8889
-4903.5 37.2223
-4904.5 43.8889
-4905.5 53.8889
-4906.5 58.7778
-4907.5 63.7222
-4908.5 66.3888
-4909.5 66.7777
-4910.5 67.4445
-4911.5 67.3889
-4912.5 65.3889
-4913.5 61.3889
-4914.5 54.5
-4915.5 48.9445
-4916.5 47.4445
-4917.5 46.3333
-4918.5 42.3333
-4919.5 35.2223
-4920.5 30.1667
-4921.5 29.2778
-4922.5 32.0555
-4923.5 35.6667
-4924.5 38.7778
-4925.5 43.1111
-4926.5 49.3889
-4927.5 54.1111
-4928.5 57.1667
-4929.5 61.4445
-4930.5 64.3333
-4931.5 67.5
-4932.5 69.1111
-4933.5 67.7222
-4934.5 64.3333
-4935.5 60.7777
-4936.5 57.8333
-4937.5 50.8333
-4938.5 45.6667
-4939.5 41.0555
-4940.5 34.1667
-4941.5 29.9444
-4942.5 27.5
-4943.5 28.5
-4944.5 33.6667
-4945.5 39.2778
-4946.5 42.6667
-4947.5 50.3333
-4948.5 58.8889
-4949.5 62.8889
-4950.5 66.0555
-4951.5 66.7777
-4952.5 65.9444
-4953.5 65.1111
-4954.5 66.9444
-4955.5 66.8889
-4956.5 64.3333
-4957.5 60.7222
-4958.5 51.6667
-4959.5 41.4445
-4960.5 35.4445
-4961.5 31.1667
-4962.5 28.3889
-4963.5 27.6667
-4964.5 29.0556
-4965.5 28.6667
-4966.5 30.8889
-4967.5 38.7778
-4968.5 44.9445
-4969.5 48.3889
-4970.5 53.5
-4971.5 59.2222
-4972.5 62.8889
-4973.5 66.1667
-4974.5 68.2778
-4975.5 68.4445
-4976.5 67.1111
-4977.5 65.8333
-4978.5 63.7778
-4979.5 60.7223
-4980.5 56.9445
-4981.5 50.7777
-4982.5 45
-4983.5 40.8889
-4984.5 33.8333
-4985.5 28.8889
-4986.5 27.8889
-4987.5 29.7222
-4988.5 34.5555
-4989.5 39.6111
-4990.5 44.1667
-4991.5 48
-4992.5 53.3889
-4993.5 59.8889
-4994.5 64.8333
-4995.5 54.7777
-4996.5 55.7222
-4997.5 68.2222
-4998.5 68.5
-4999.5 66.3333
-5000.5 63.6111
-5001.5 60.9444
-5002.5 50.6111
-5003.5 38.1667
-5004.5 30.3889
-5005.5 27.9444
-5006.5 29
-5007.5 32.3333
-5008.5 36.2778
-5009.5 40.1111
-5010.5 44.1111
-5011.5 50.1111
-5012.5 57.2222
-5013.5 63
-5014.5 65.8889
-5015.5 66.8889
-5016.5 66.2223
-5017.5 65.4444
-5018.5 65.0555
-5019.5 63
-5020.5 60.1667
-5021.5 56.4445
-5022.5 52.4445
-5023.5 48.5
-5024.5 41.8333
-5025.5 34.0555
-5026.5 30.1667
-5027.5 29.2778
-5028.5 31.0556
-5029.5 37.0556
-5030.5 41.3333
-5031.5 40.4445
-5032.5 43
-5033.5 50.1111
-5034.5 57.6667
-5035.5 63.5555
-5036.5 66.4444
-5037.5 66.5555
-5038.5 65.2778
-5039.5 66.2223
-5040.5 66.1667
-5041.5 61.9444
-5042.5 59.1667
-5043.5 55.7223
-5044.5 49
-5045.5 42.5
-5046.5 36.8333
-5047.5 33.1111
-5048.5 30.3889
-5049.5 29.2222
-5050.5 32.2223
-5051.5 37.9445
-5052.5 42.5
-5053.5 44.5
-5054.5 44.6111
-5055.5 43.3333
-5056.5 47.8889
-5057.5 56
-5058.5 61
-5059.5 65.5555
-5060.5 67.3333
-5061.5 65.3333
-5062.5 62.5
-5063.5 59.5555
-5064.5 55.3889
-5065.5 48.3889
-5066.5 39.0555
-5067.5 32.2222
-5068.5 29.8333
-5069.5 29.3889
-5070.5 30.3333
-5071.5 36.7777
-5072.5 42.7777
-5073.5 45.7777
-5074.5 47.5555
-5075.5 50.7223
-5076.5 54.7223
-5077.5 58.4445
-5078.5 64.9445
-5079.5 67
-5080.5 66.8888
-5081.5 67.1667
-5082.5 67.0556
-5083.5 63.5
-5084.5 58.2223
-5085.5 53
-5086.5 48.3889
-5087.5 41.5555
-5088.5 35.8333
-5089.5 34.0555
-5090.5 30
-5091.5 28.6111
-5092.5 33
-5093.5 39.7223
-5094.5 44.6667
-5095.5 48.6111
-5096.5 51.7778
-5097.5 53.3889
-5098.5 56.8333
-5099.5 61.8333
-5100.5 63.6667
-5101.5 65.8888
-5102.5 68.2777
-5103.5 67.3333
-5104.5 67.3333
-5105.5 66
-5106.5 59.8333
-5107.5 51.7778
-5108.5 47.1667
-5109.5 42.3889
-5110.5 36.8333
-5111.5 32.7223
-5112.5 30.3333
-5113.5 30.7222
-5114.5 34.8333
-5115.5 43.4445
-5116.5 51.5
-5117.5 56.5
-5118.5 57.9445
-5119.5 58.9445
-5120.5 60.9445
-5121.5 64.0555
-5122.5 66.8889
-5123.5 68.1112
-5124.5 67.3333
-5125.5 64
-5126.5 61.0555
-5127.5 56.2222
-5128.5 49.8889
-5129.5 49.2223
-5130.5 47.2778
-5131.5 38.3333
-5132.5 31.3333
-5133.5 29.3889
-5134.5 30.7222
-5135.5 34.3889
-5136.5 38.2222
-5137.5 41.6111
-5138.5 45.8889
-5139.5 51.3333
-5140.5 56.5
-5141.5 62.7223
-5142.5 67.7223
-5143.5 68
-5144.5 67.3333
-5145.5 67.3889
-5146.5 65.6667
-5147.5 61.9444
-5148.5 54.6667
-5149.5 46.7223
-5150.5 42.1667
-5151.5 37.6667
-5152.5 32
-5153.5 32
-5154.5 32.2778
-5155.5 34.2778
-5156.5 41.3333
-5157.5 48.3889
-5158.5 51.7778
-5159.5 54.7778
-5160.5 59.4445
-5161.5 60.9445
-5162.5 63.7778
-5163.5 67.2778
-5164.5 68.9445
-5165.5 66.5
-5166.5 63.5
-5167.5 59.2778
-5168.5 52.8889
-5169.5 46.2777
-5170.5 39.7222
-5171.5 35.6111
-5172.5 32.2777
-5173.5 31.8333
-5174.5 32.6111
-5175.5 33.5555
-5176.5 38.0555
-5177.5 45.5
-5178.5 52.3333
-5179.5 58
-5180.5 61.4444
-5181.5 63.3888
-5182.5 65.8333
-5183.5 66.8333
-5184.5 68.3888
-5185.5 68.4444
-5186.5 67.2222
-5187.5 63.5555
-5188.5 57.3889
-5189.5 53.2778
-5190.5 50
-5191.5 44.9445
-5192.5 38.1111
-5193.5 32.7777
-5194.5 30.1111
-5195.5 30.4444
-5196.5 33.3333
-5197.5 37.3333
-5198.5 41.3889
-5199.5 45.7222
-5200.5 51.6667
-5201.5 57.1667
-5202.5 61
-5203.5 64.4444
-5204.5 65.3888
-5205.5 65.6111
-5206.5 66.3889
-5207.5 63.6111
-5208.5 56.1111
-5209.5 50
-5210.5 46.6111
-5211.5 41.7222
-5212.5 36.4445
-5213.5 32.8333
-5214.5 31.4444
-5215.5 31.7222
-5216.5 33.1667
-5217.5 36.5
-5218.5 42.5
-5219.5 48.6111
-5220.5 55.2777
-5221.5 58.8889
-5222.5 61.0555
-5223.5 63.1111
-5224.5 64.2778
-5225.5 65.4444
-5226.5 64.2222
-5227.5 62.5
-5228.5 60.3333
-5229.5 54.3889
-5230.5 46.1111
-5231.5 40.0555
-5232.5 37.8333
-5233.5 36.7222
-5234.5 33.3333
-5235.5 29.5556
-5236.5 28.6667
-5237.5 33.3889
-5238.5 39.3889
-5239.5 42.6111
-5240.5 48.5555
-5241.5 55.5
-5242.5 60.0555
-5243.5 63.6111
-5244.5 65.3889
-5245.5 64.2778
-5246.5 63.3333
-5247.5 63.2222
-5248.5 60.9445
-5249.5 58.0556
-5250.5 51.0556
-5251.5 40.3889
-5252.5 33.2222
-5253.5 30.0556
-5254.5 31.5556
-5255.5 35.9445
-5256.5 40.9445
-5257.5 44.1111
-5258.5 47.1667
-5259.5 51.6667
-5260.5 54.7778
-5261.5 59.1111
-5262.5 62.6111
-5263.5 62.9445
-5264.5 62.5
-5265.5 62.7223
-5266.5 60.9445
-5267.5 56.7777
-5268.5 52.1111
-5269.5 47.1111
-5270.5 42.7777
-5271.5 34.7777
-5272.5 28.3333
-5273.5 29.4444
-5274.5 29
-5275.5 30.6667
-5276.5 32.6667
-5277.5 37.7777
-5278.5 44.7777
-5279.5 46.9445
-5280.5 49.1667
-5281.5 58.2778
-5282.5 53.2778
-5283.5 54.5555
-5284.5 69.8888
-5285.5 70.4444
-5286.5 70.2222
-5287.5 66
-5288.5 57.0555
-5289.5 48.3333
-5290.5 41.2778
-5291.5 36.3333
-5292.5 33.6111
-5293.5 30.3333
-5294.5 27.8333
-5295.5 29.2778
-5296.5 33.0555
-5297.5 38.1667
-5298.5 47.0555
-5299.5 58.6667
-5300.5 67
-5301.5 68.7223
-5302.5 69.4445
-5303.5 70
-5304.5 67.1667
-5305.5 61.8333
-5306.5 58.6667
-5307.5 50.1667
-5308.5 38.6111
-5309.5 35.3889
-5310.5 38.2223
-5311.5 38.6111
-5312.5 37.5555
-5313.5 40.5555
-5314.5 47
-5315.5 52.3333
-5316.5 54.3889
-5317.5 56.8333
-5318.5 59.8333
-5319.5 64.6667
-5320.5 66.9445
-5321.5 66.3889
-5322.5 65.5
-5323.5 64.5555
-5324.5 60.7778
-5325.5 53.5555
-5326.5 47.2222
-5327.5 42.1667
-5328.5 36.8333
-5329.5 33.5555
-5330.5 34.3333
-5331.5 39.4445
-5332.5 49.1111
-5333.5 54.9445
-5334.5 57.7778
-5335.5 62.0555
-5336.5 67.3333
-5337.5 72.5
-5338.5 71.6112
-5339.5 68.9445
-5340.5 64.5555
-5341.5 59.5
-5342.5 52.5555
-5343.5 42.1667
-5344.5 35.1111
-5345.5 33.7778
-5346.5 35.6667
-5347.5 38.5
-5348.5 42.8333
-5349.5 50.4445
-5350.5 57.3889
-5351.5 58
-5352.5 61.0555
-5353.5 66.5555
-5354.5 69.0555
-5355.5 70.6111
-5356.5 72.3333
-5357.5 72.7223
-5358.5 70.7223
-5359.5 69.5
-5360.5 61.1667
-5361.5 47.1111
-5362.5 38.6111
-5363.5 35.6111
-5364.5 33.3333
-5365.5 31.4444
-5366.5 35.7222
-5367.5 43.5555
-5368.5 52
-5369.5 60.0555
-5370.5 65.7777
-5371.5 69.6667
-5372.5 71.2778
-5373.5 72.3889
-5374.5 72.3333
-5375.5 68.7223
-5376.5 62.9445
-5377.5 58.6667
-5378.5 53.7777
-5379.5 47.6667
-5380.5 42.1667
-5381.5 36.8889
-5382.5 34.2778
-5383.5 34.8889
-5384.5 38.9445
-5385.5 44.1111
-5386.5 51.2222
-5387.5 60.2777
-5388.5 66.3889
-5389.5 67.9444
-5390.5 69.2777
-5391.5 70.7777
-5392.5 71.4444
-5393.5 72.4444
-5394.5 70.7777
-5395.5 69.7777
-5396.5 67.9444
-5397.5 62.0556
-5398.5 56.5
-5399.5 50.6667
-5400.5 41.4445
-5401.5 34.1667
-5402.5 32.6111
-5403.5 35.7778
-5404.5 42.4445
-5405.5 50
-5406.5 55.4445
-5407.5 59.8889
-5408.5 64.6667
-5409.5 68.3889
-5410.5 70.3889
-5411.5 68.4445
-5412.5 66.8333
-5413.5 64.9444
-5414.5 62.3889
-5415.5 57.9445
-5416.5 51.3889
-5417.5 48.0555
-5418.5 45.3333
-5419.5 38.8333
-5420.5 34.4445
-5421.5 32
-5422.5 29.5556
-5423.5 29.5
-5424.5 33.4445
-5425.5 41.3333
-5426.5 49.0555
-5427.5 61.1111
-5428.5 69.5
-5429.5 71.2777
-5430.5 70.4444
-5431.5 67.5
-5432.5 63.3889
-5433.5 58.1111
-5434.5 52.5555
-5435.5 47.9445
-5436.5 40.7778
-5437.5 34.4445
-5438.5 36.2778
-5439.5 40.8889
-5440.5 48.4445
-5441.5 56.7778
-5442.5 62.1111
-5443.5 66.8888
-5444.5 71.3333
-5445.5 73.3889
-5446.5 73.3333
-5447.5 72
-5448.5 72.0556
-5449.5 70.5
-5450.5 68.2778
-5451.5 64.5
-5452.5 56.9445
-5453.5 49
-5454.5 40.7777
-5455.5 34.2777
-5456.5 33.9445
-5457.5 38.0556
-5458.5 43.0556
-5459.5 51.5
-5460.5 56.7222
-5461.5 61.0555
-5462.5 67
-5463.5 69.7223
-5464.5 72.1667
-5465.5 75.6667
-5466.5 74.6667
-5467.5 67.3333
-5468.5 61.6111
-5469.5 57.7777
-5470.5 52.6667
-5471.5 47.3889
-5472.5 40.3333
-5473.5 33.2222
-5474.5 30.3889
-5475.5 31.6667
-5476.5 35.2222
-5477.5 40.7222
-5478.5 46.2222
-5479.5 52.7222
-5480.5 57.6111
-5481.5 64.2222
-5482.5 70.2777
-5483.5 72.5555
-5484.5 74.9444
-5485.5 72.5555
-5486.5 70.5
-5487.5 70.3889
-5488.5 69.5
-5489.5 65.7777
-5490.5 57.6667
-5491.5 42.6667
-5492.5 30.3889
-5493.5 29.9444
-5494.5 33.4444
-5495.5 39.3333
-5496.5 51.5555
-5497.5 64.4445
-5498.5 70.6667
-5499.5 72.9444
-5500.5 73.7778
-5501.5 70.8333
-5502.5 66.3889
-5503.5 63.6111
-5504.5 54.2777
-5505.5 39.4444
-5506.5 31.6111
-5507.5 28.7778
-5508.5 28.7222
-5509.5 34.4445
-5510.5 36.3889
-5511.5 40
-5512.5 52.6111
-5513.5 61.0555
-5514.5 64.0555
-5515.5 69.2223
-5516.5 72.3889
-5517.5 73.5555
-5518.5 73.7778
-5519.5 69.7778
-5520.5 66.1111
-5521.5 54.5
-5522.5 39.9445
-5523.5 32.4445
-5524.5 28.5556
-5525.5 30.4444
-5526.5 34.2223
-5527.5 38.9445
-5528.5 43.0555
-5529.5 47.4445
-5530.5 53.1111
-5531.5 56.7777
-5532.5 59.9445
-5533.5 61.7778
-5534.5 62.0555
-5535.5 59.6667
-5536.5 56.6111
-5537.5 52.5
-5538.5 45.5555
-5539.5 35.7777
-5540.5 28.2222
-5541.5 27.6111
-5542.5 29.5
-5543.5 34.9445
-5544.5 40.4445
-5545.5 46.1667
-5546.5 51.4445
-5547.5 56.6667
-5548.5 60
-5549.5 60.5555
-5550.5 61.7223
-5551.5 60.7778
-5552.5 57.0555
-5553.5 52.7222
-5554.5 48.8889
-5555.5 41.4444
-5556.5 33.0555
-5557.5 29
-5558.5 28.6111
-5559.5 30.1111
-5560.5 34.6667
-5561.5 42.5555
-5562.5 50.6111
-5563.5 56.5555
-5564.5 60.0555
-5565.5 60.5555
-5566.5 60.3889
-5567.5 59.2223
-5568.5 55
-5569.5 53.2222
-5570.5 52.6667
-5571.5 48.6667
-5572.5 43.6667
-5573.5 36.8333
-5574.5 29.6667
-5575.5 28.1111
-5576.5 34
-5577.5 40.2778
-5578.5 45.1667
-5579.5 51.5555
-5580.5 56.2223
-5581.5 55.7778
-5582.5 57.4445
-5583.5 60.6111
-5584.5 59.2777
-5585.5 56.6111
-5586.5 52.7778
-5587.5 51.8889
-5588.5 56.6111
-5589.5 61.4445
-5590.5 62.1111
-5591.5 58.5556
-5592.5 51.2223
-5593.5 42
-5594.5 35.2222
-5595.5 31.8889
-5596.5 30.8333
-5597.5 36.7777
-5598.5 48.2777
-5599.5 56.4445
-5600.5 61.2223
-5601.5 63.0555
-5602.5 62.3889
-5603.5 58.9444
-5604.5 52.8889
-5605.5 46.5
-5606.5 41.7778
-5607.5 42.1111
-5608.5 37.8889
-5609.5 31.1667
-5610.5 31.9444
-5611.5 37.9445
-5612.5 45.6111
-5613.5 51.6111
-5614.5 57.7778
-5615.5 63.3889
-5616.5 65.1111
-5617.5 66
-5618.5 63.7223
-5619.5 56.1667
-5620.5 51.1667
-5621.5 50.9445
-5622.5 51.6111
-5623.5 47.5
-5624.5 37.2777
-5625.5 31.3333
-5626.5 30.1111
-5627.5 29.3889
-5628.5 34.5555
-5629.5 43
-5630.5 50.8889
-5631.5 58.0555
-5632.5 64.7778
-5633.5 70.2223
-5634.5 71.3333
-5635.5 69.0555
-5636.5 62.8333
-5637.5 53.3333
-5638.5 44.1667
-5639.5 37.6111
-5640.5 32.8333
-5641.5 30
-5642.5 29.3889
-5643.5 37.4445
-5644.5 48.0555
-5645.5 53.9444
-5646.5 57
-5647.5 57.5556
-5648.5 60.5556
-5649.5 63.7223
-5650.5 65.3333
-5651.5 63.3333
-5652.5 59.2223
-5653.5 55.5
-5654.5 51.5
-5655.5 47.5
-5656.5 43.0555
-5657.5 36.8333
-5658.5 32.6111
-5659.5 31.8333
-5660.5 31.8333
-5661.5 37.2222
-5662.5 44.8333
-5663.5 51
-5664.5 54.8889
-5665.5 57.5
-5666.5 60.4445
-5667.5 62.7222
-5668.5 64.5555
-5669.5 65.1111
-5670.5 62.7222
-5671.5 56.7222
-5672.5 53.0555
-5673.5 50.2778
-5674.5 44.7223
-5675.5 36.9445
-5676.5 30.1111
-5677.5 29.2778
-5678.5 33.3889
-5679.5 39.8889
-5680.5 48.2778
-5681.5 53.5555
-5682.5 57.6111
-5683.5 61.7778
-5684.5 62.2778
-5685.5 63.4445
-5686.5 65.2778
-5687.5 63.2778
-5688.5 59.5
-5689.5 55.8333
-5690.5 50.9445
-5691.5 41.7222
-5692.5 32.1667
-5693.5 29.2222
-5694.5 28.0556
-5695.5 31
-5696.5 38.3333
-5697.5 43.7223
-5698.5 50.4445
-5699.5 59.1111
-5700.5 63.7222
-5701.5 65.5556
-5702.5 67.5556
-5703.5 65.7777
-5704.5 62
-5705.5 58.3333
-5706.5 54.8333
-5707.5 48.1667
-5708.5 40.9445
-5709.5 36.1667
-5710.5 32
-5711.5 29.6667
-5712.5 32.6111
-5713.5 37.2778
-5714.5 41.8333
-5715.5 51.4445
-5716.5 61.1111
-5717.5 66.2222
-5718.5 68.9445
-5719.5 69.3889
-5720.5 66.1667
-5721.5 62.7777
-5722.5 57.5555
-5723.5 49.0555
-5724.5 42.5
-5725.5 36.1111
-5726.5 31.1667
-5727.5 30.0556
-5728.5 29.9444
-5729.5 33.4445
-5730.5 40
-5731.5 50.2778
-5732.5 59.5
-5733.5 64.2777
-5734.5 66.2777
-5735.5 66.7222
-5736.5 67.3333
-5737.5 67
-5738.5 65.1667
-5739.5 57.7223
-5740.5 49.8333
-5741.5 44.1667
-5742.5 36.9444
-5743.5 31.5
-5744.5 32.2223
-5745.5 37.8889
-5746.5 44.2223
-5747.5 51.5
-5748.5 55.8333
-5749.5 57.5
-5750.5 61.5555
-5751.5 65.6111
-5752.5 67.5556
-5753.5 68.3333
-5754.5 66
-5755.5 61.4445
-5756.5 54.9445
-5757.5 46.1111
-5758.5 37.8889
-5759.5 32.2777
-5760.5 28.8333
-5761.5 28.2222
-5762.5 31.1111
-5763.5 37.0555
-5764.5 41.7222
-5765.5 46.7222
-5766.5 52.2222
-5767.5 53.5555
-5768.5 57.0555
-5769.5 60.8333
-5770.5 64.6667
-5771.5 66.8333
-5772.5 64.1112
-5773.5 59.4445
-5774.5 50.7222
-5775.5 38.8889
-5776.5 31.2778
-5777.5 30.3333
-5778.5 33.2223
-5779.5 40.3889
-5780.5 45.5555
-5781.5 47.6667
-5782.5 49.7777
-5783.5 52.7222
-5784.5 59.8333
-5785.5 64.1667
-5786.5 63.8333
-5787.5 64.0555
-5788.5 64.5555
-5789.5 65.8333
-5790.5 62.0556
-5791.5 53.5555
-5792.5 46
-5793.5 37.7222
-5794.5 30.7222
-5795.5 31.2778
-5796.5 37.8333
-5797.5 44.1111
-5798.5 48.2222
-5799.5 51.3333
-5800.5 55.7222
-5801.5 58.8889
-5802.5 63.5
-5803.5 65.5
-5804.5 65.0556
-5805.5 64.2223
-5806.5 60.1111
-5807.5 53.7777
-5808.5 46.8333
-5809.5 40.8333
-5810.5 34.5555
-5811.5 33.1111
-5812.5 35.2222
-5813.5 38.0555
-5814.5 42.3889
-5815.5 45.9445
-5816.5 51.8333
-5817.5 60.1667
-5818.5 63.4445
-5819.5 64.7777
-5820.5 67.3333
-5821.5 67.5556
-5822.5 65.2223
-5823.5 61.3889
-5824.5 57.8333
-5825.5 53.1667
-5826.5 46.2223
-5827.5 39
-5828.5 32.8889
-5829.5 30.1667
-5830.5 31.6667
-5831.5 37.5555
-5832.5 45.1111
-5833.5 52.1111
-5834.5 58.2778
-5835.5 63.2778
-5836.5 66.2223
-5837.5 66.5556
-5838.5 65.6667
-5839.5 64.6111
-5840.5 61.0555
-5841.5 53.2223
-5842.5 46.5
-5843.5 40.2222
-5844.5 33.0555
-5845.5 30.7222
-5846.5 37.0555
-5847.5 44.0555
-5848.5 49.6111
-5849.5 55.3333
-5850.5 59.5
-5851.5 65.1111
-5852.5 55.6666
-5853.5 52.1111
-5854.5 60.2222
-5855.5 56.5555
-5856.5 52.2778
-5857.5 48.8889
-5858.5 43.6667
-5859.5 37.3889
-5860.5 32.6111
-5861.5 33.7778
-5862.5 34.0555
-5863.5 32.7222
-5864.5 35.0555
-5865.5 39.7777
-5866.5 43.2777
-5867.5 49.2222
-5868.5 59.1667
-5869.5 65.6111
-5870.5 67.1667
-5871.5 65.7777
-5872.5 61
-5873.5 50.2223
-5874.5 42.6667
-5875.5 40.7777
-5876.5 37.8889
-5877.5 33.4445
-5878.5 31.8333
-5879.5 35.2222
-5880.5 42.6111
-5881.5 51
-5882.5 56.2778
-5883.5 61.1667
-5884.5 65.1667
-5885.5 67
-5886.5 68.7222
-5887.5 67.8333
-5888.5 64.5
-5889.5 61.3889
-5890.5 59
-5891.5 53.7778
-5892.5 46.3889
-5893.5 39.7222
-5894.5 36.3333
-5895.5 33.2222
-5896.5 31.8889
-5897.5 36.3889
-5898.5 43.5555
-5899.5 52.1667
-5900.5 59.1111
-5901.5 63.0555
-5902.5 66.4444
-5903.5 67.5556
-5904.5 67
-5905.5 65
-5906.5 60.7223
-5907.5 55.7778
-5908.5 48.3333
-5909.5 42.5
-5910.5 39.3889
-5911.5 35.6667
-5912.5 31.5556
-5913.5 32.2778
-5914.5 39.0555
-5915.5 48.6111
-5916.5 57.3333
-5917.5 62.6667
-5918.5 65.0555
-5919.5 66.1111
-5920.5 67.6111
-5921.5 66.7222
-5922.5 64.6667
-5923.5 59.2222
-5924.5 52.0555
-5925.5 48.1667
-5926.5 48.6667
-5927.5 46.4445
-5928.5 39.7222
-5929.5 35.5555
-5930.5 30.5
-5931.5 34.2222
-5932.5 43.5555
-5933.5 47.1667
-5934.5 49.4445
-5935.5 57.5556
-5936.5 65.6112
-5937.5 68.5
-5938.5 69.3888
-5939.5 66.9444
-5940.5 66.7777
-5941.5 64.8333
-5942.5 59.3889
-5943.5 53.3889
-5944.5 45.7223
-5945.5 37.1667
-5946.5 33.6667
-5947.5 33.6667
-5948.5 31.8889
-5949.5 37.0555
-5950.5 47.4445
-5951.5 53.3333
-5952.5 60.4444
-5953.5 67.7777
-5954.5 69.0556
-5955.5 65.7778
-5956.5 63.2223
-5957.5 60.7778
-5958.5 56.3333
-5959.5 51.3889
-5960.5 42.2778
-5961.5 32.7778
-5962.5 30.1667
-5963.5 37.8889
-5964.5 46.1111
-5965.5 52.7223
-5966.5 57.8333
-5967.5 58.4445
-5968.5 61.8334
-5969.5 66.8889
-5970.5 68.4445
-5971.5 68.1111
-5972.5 65.6667
-5973.5 60.7777
-5974.5 58.3333
-5975.5 54.1667
-5976.5 42.3889
-5977.5 32
-5978.5 30.8333
-5979.5 31.6111
-5980.5 30.6111
-5981.5 34.8333
-5982.5 45.8889
-5983.5 57.1111
-5984.5 63.6667
-5985.5 67.1667
-5986.5 68.3889
-5987.5 67.3333
-5988.5 63.3334
-5989.5 58.1111
-5990.5 51.4445
-5991.5 42.5
-5992.5 34.5555
-5993.5 31.9444
-5994.5 38.3889
-5995.5 45.7778
-5996.5 48.6667
-5997.5 52.0555
-5998.5 56.7223
-5999.5 62.2778
-6000 65.7778
