0.5 72.5
1.5 73.3889
2.5 73.4445
3.5 58.3889
4.5 44.0556
5.5 45.7223
6.5 48.2778
7.5 51.1111
8.5 54.5556
9.5 59.3333
10.5 65.2777
11.5 70.7777
12.5 72.3889
13.5 72.5556
14.5 74.5556
15.5 74.6667
16.5 72
17.5 67
18.5 60.7223
19.5 53.4445
20.5 48.3333
21.5 45.5556
22.5 44.0556
23.5 46.1667
24.5 48.9445
25.5 51.9445
26.5 54.5555
27.5 58.4445
28.5 62.0556
29.5 64.5
30.5 69.0556
31.5 73.1667
32.5 74.4445
33.5 74.2777
34.5 71.5555
35.5 68.6111
36.5 67
37.5 61.1667
38.5 54.7778
39.5 50
40.5 45.5
41.5 44.2778
42.5 46.1111
43.5 50.3889
44.5 55.2222
45.5 62.9445
46.5 70.2778
47.5 72.5
48.5 72.9445
49.5 72
50.5 70.5
51.5 67.8333
52.5 62.2222
53.5 54.0555
54.5 46.7778
55.5 42.3333
56.5 40.4445
57.5 40.3889
58.5 44.4445
59.5 53.2777
60.5 59.5555
61.5 63.7223
62.5 66.8333
63.5 67
64.5 66.7778
65.5 72.5556
66.5 78.7223
67.5 76.2223
68.5 71.8333
69.5 64.5555
70.5 57.3889
71.5 53.5
72.5 51.2222
73.5 48.6111
74.5 47.5555
75.5 51.5
76.5 57
77.5 62.2777
78.5 65.2222
79.5 68.2778
80.5 71.4444
81.5 73.9444
82.5 75.3333
83.5 72.6667
84.5 67.6111
85.5 64.3333
86.5 61.7778
87.5 55.8333
88.5 50.7778
89.5 49.5
90.5 47.6667
91.5 48.0555
92.5 49.9445
93.5 52.2778
94.5 56.0555
95.5 60.8888
96.5 64.4444
97.5 68.5556
98.5 76.5
99.5 80.1667
100.5 74.3333
101.5 67
102.5 62.7777
103.5 57.2222
104.5 50.5
105.5 45.2778
106.5 42.5
107.5 40.1667
108.5 41.5555
109.5 47.6667
110.5 52.7222
111.5 57.3889
112.5 59.6667
113.5 62.0555
114.5 67.1111
115.5 70.1111
116.5 71.0555
117.5 72.8333
118.5 73.8333
119.5 70.8889
120.5 65.8889
121.5 59.7223
122.5 52.5555
123.5 46.7222
124.5 44.0555
125.5 42.6667
126.5 43.2777
127.5 47.1111
128.5 50.5555
129.5 53.2222
130.5 58.2777
131.5 64.8333
132.5 67.8888
133.5 69.8888
134.5 71.7777
135.5 73.2777
136.5 74.6111
137.5 70.5
138.5 63.7222
139.5 56
140.5 50.1111
141.5 46.4445
142.5 42.3333
143.5 40.8333
144.5 44.3889
145.5 47.6111
146.5 50.0555
147.5 55.2777
148.5 59
149.5 62.1111
150.5 64.6667
151.5 68.1111
152.5 73.1111
153.5 75.0556
154.5 73.5556
155.5 69.1111
156.5 66.3888
157.5 63.4444
158.5 57.3889
159.5 50.7222
160.5 46.3333
161.5 43.4445
162.5 42.1111
163.5 44.7778
164.5 49.5555
165.5 54.2222
166.5 56.5
167.5 60.7222
168.5 67.3333
169.5 72.1667
170.5 75.0555
171.5 75.3333
172.5 74.8333
173.5 73.7222
174.5 71.1667
175.5 68.0556
176.5 61.3889
177.5 51.9445
178.5 44.8333
179.5 42.0555
180.5 44.6111
181.5 47.0555
182.5 48.1667
183.5 52.8889
184.5 58.0555
185.5 62.7778
186.5 66.8333
187.5 70.3333
188.5 73.6667
189.5 74.6667
190.5 75.3889
191.5 74.2777
192.5 71.3333
193.5 66.4444
194.5 59.1111
195.5 53.3889
196.5 47.4445
197.5 42.8333
198.5 42.2778
199.5 43.1667
200.5 46.2223
201.5 49.8333
202.5 51.7778
203.5 56.7778
204.5 62
205.5 67.1111
206.5 71.1111
207.5 72.7222
208.5 73.5
209.5 72.0556
210.5 70.9444
211.5 66.7222
212.5 59.6111
213.5 53.2777
214.5 47.6111
215.5 47.8333
216.5 48.5555
217.5 46.3333
218.5 48.4445
219.5 53.0556
220.5 58.5
221.5 63.5
222.5 67.2778
223.5 70.8333
224.5 74.0556
225.5 77.6111
226.5 80.1667
227.5 80.4444
228.5 80.7777
229.5 79.2777
230.5 77.1667
231.5 72.7778
232.5 65.0556
233.5 56.8333
234.5 48.8889
235.5 46.3889
236.5 47.8333
237.5 50.2223
238.5 55.3889
239.5 62.1667
240.5 65.6667
241.5 68.9445
242.5 72.1667
243.5 74
244.5 76.5556
245.5 80.7777
246.5 82.0555
247.5 78.6111
248.5 75
249.5 68.1111
250.5 61.2222
251.5 55.8333
252.5 51.7223
253.5 46.8889
254.5 43.9445
255.5 43.4445
256.5 41.5555
257.5 43.5555
258.5 48.1667
259.5 53.0555
260.5 58.3333
261.5 64.3333
262.5 68.2223
263.5 70.5556
264.5 73.0556
265.5 74.1667
266.5 74.4445
267.5 73.8889
268.5 73.0556
269.5 68.3889
270.5 61.2222
271.5 54.7222
272.5 49.1667
273.5 45.8333
274.5 48.3333
275.5 51.4445
276.5 48.3333
277.5 48.1111
278.5 53.1111
279.5 57.9445
280.5 61.2222
281.5 65.6667
282.5 70.5556
283.5 71.2222
284.5 72.2222
285.5 74.8333
286.5 75.3333
287.5 71.8333
288.5 66.1111
289.5 62.3889
290.5 58.1111
291.5 51.9445
292.5 48.3333
293.5 45.7222
294.5 43.7777
295.5 45.3333
296.5 48.5556
297.5 50.9445
298.5 53.7777
299.5 60.5556
300.5 66.3333
301.5 70.2778
302.5 73.3333
303.5 75.0556
304.5 75.3889
305.5 72.1112
306.5 68.4445
307.5 65.4445
308.5 61
309.5 56.2777
310.5 53.7777
311.5 51.8333
312.5 48.6667
313.5 48
314.5 48.7778
315.5 52.7223
316.5 58.9445
317.5 63.2778
318.5 67.9444
319.5 70.4444
320.5 71.7778
321.5 73.8889
322.5 71
323.5 66.7777
324.5 66.4444
325.5 64.2223
326.5 60.2223
327.5 56.7778
328.5 51.6667
329.5 47.3333
330.5 45.3333
331.5 44.1111
332.5 47.2223
333.5 50.4445
334.5 52
335.5 57.1111
336.5 59.9445
337.5 61.5555
338.5 66.5555
339.5 69.6111
340.5 71.5
341.5 70.5555
342.5 69.0555
343.5 68.0555
344.5 63.7778
345.5 59.9445
346.5 54.2222
347.5 46.3889
348.5 41.7223
349.5 42.7778
350.5 45.5
351.5 48.3889
352.5 52.1111
353.5 55.1667
354.5 60.2223
355.5 63.7223
356.5 64.8333
357.5 66.7778
358.5 68.5
359.5 68.3333
360.5 68.2777
361.5 67.6667
362.5 64.8889
363.5 61.8333
364.5 58.9445
365.5 57.4445
366.5 54.5555
367.5 50.7777
368.5 48.7222
369.5 51.2222
370.5 59.3889
371.5 66.2777
372.5 69.1111
373.5 70.4444
374.5 70.5
375.5 71.3889
376.5 73.9444
377.5 74.8333
378.5 75.8888
379.5 76.7222
380.5 75.1111
381.5 71.2777
382.5 66.5
383.5 61.0556
384.5 53.8333
385.5 48.3333
386.5 44.3333
387.5 43.1111
388.5 46
389.5 52.1111
390.5 57.2777
391.5 60.5
392.5 64.1667
393.5 67.7778
394.5 70.6667
395.5 73
396.5 75.7778
397.5 76.2222
398.5 75.6667
399.5 72.3333
400.5 68.2223
401.5 66.7223
402.5 62.8889
403.5 56.3889
404.5 48.7223
405.5 42.8889
406.5 41.1111
407.5 41.9445
408.5 43.2223
409.5 45.4445
410.5 46.6667
411.5 49.2222
412.5 52.9445
413.5 57.0556
414.5 61.7223
415.5 63.5
416.5 65.8889
417.5 68.5
418.5 70.5555
419.5 70.3333
420.5 65.5556
421.5 59.3333
422.5 56
423.5 54.8889
424.5 51.0555
425.5 46.1667
426.5 42.5555
427.5 44.0555
428.5 50.6667
429.5 55
430.5 56.7777
431.5 60.1667
432.5 63.4445
433.5 65.6667
434.5 68.4444
435.5 69
436.5 70.1667
437.5 70.4445
438.5 70.5
439.5 70.4445
440.5 66.7778
441.5 61.6667
442.5 57.3889
443.5 54
444.5 49.8333
445.5 44.7223
446.5 41.5
447.5 41.3333
448.5 42.6667
449.5 46.2222
450.5 49.8889
451.5 55.2222
452.5 59.6111
453.5 63.0555
454.5 66.9445
455.5 69.6667
456.5 71.1667
457.5 71.6667
458.5 70.7777
459.5 67.3333
460.5 64.2223
461.5 60
462.5 56.2222
463.5 52.8333
464.5 49.9445
465.5 46.7778
466.5 42.5
467.5 42
468.5 45.7778
469.5 51.1111
470.5 55.1111
471.5 57.8333
472.5 60.3333
473.5 62.2778
474.5 64.7222
475.5 68.8888
476.5 72.1111
477.5 72.6111
478.5 71.3888
479.5 69.2777
480.5 65
481.5 60.6667
482.5 57.0555
483.5 52.2778
484.5 47.7223
485.5 42.3333
486.5 38.6111
487.5 38.7777
488.5 39.0555
489.5 40.2778
490.5 44.8889
491.5 50.0555
492.5 55.1667
493.5 59.1667
494.5 61.6111
495.5 63.0555
496.5 65
497.5 67.5
498.5 69.8333
499.5 72.6112
500.5 73.0556
501.5 71.3333
502.5 69.1667
503.5 68.8889
504.5 67.8889
505.5 61.1111
506.5 52.8333
507.5 48
508.5 43.8333
509.5 40.2222
510.5 39.1111
511.5 40.3333
512.5 41.7223
513.5 42.5
514.5 45.5555
515.5 50.6667
516.5 54.4444
517.5 58.7222
518.5 62
519.5 64.2222
520.5 67.2222
521.5 68.1667
522.5 68.6111
523.5 68.5
524.5 67.1111
525.5 64.0555
526.5 60.4445
527.5 64.2223
528.5 68.6667
529.5 63.2778
530.5 54.1667
531.5 47.8889
532.5 44.8333
533.5 47.2222
534.5 52.6667
535.5 56.5
536.5 58.5555
537.5 59.6667
538.5 61.7778
539.5 64.8333
540.5 69.1111
541.5 72.2222
542.5 73.3333
543.5 75.0556
544.5 76.9445
545.5 75.3333
546.5 72.5
547.5 69.5556
548.5 66.5
549.5 61.8889
550.5 56.8889
551.5 53.3333
552.5 49.6111
553.5 45.7222
554.5 43.7777
555.5 45.3333
556.5 48.1111
557.5 53.3333
558.5 58.4445
559.5 62.5555
560.5 68.7222
561.5 71.5556
562.5 69.7778
563.5 67.8889
564.5 66.9444
565.5 67.7778
566.5 69.3333
567.5 68.7223
568.5 66.1112
569.5 63.0556
570.5 58.4444
571.5 50.7222
572.5 44.7778
573.5 41.8333
574.5 38.8889
575.5 38.7778
576.5 40.6111
577.5 41.9445
578.5 45.5556
579.5 50.9445
580.5 55.9445
581.5 61.3333
582.5 66.0555
583.5 69
584.5 70.8333
585.5 72.5
586.5 74.4444
587.5 76.2223
588.5 75.2778
589.5 70.3889
590.5 67
591.5 64.8889
592.5 61.3333
593.5 54.7223
594.5 47.4445
595.5 43.6667
596.5 42.1667
597.5 43.9445
598.5 48.2778
599.5 52.7778
600.5 57.2223
601.5 60.2223
602.5 62
603.5 65.5
604.5 67.8889
605.5 68.1111
606.5 69.3889
607.5 71.3889
608.5 72.5555
609.5 72.9445
610.5 72.4445
611.5 71.2222
612.5 67.2777
613.5 61.8333
614.5 57.7778
615.5 53.7222
616.5 48.7777
617.5 44.1111
618.5 42.7777
619.5 43.7777
620.5 44.7777
621.5 47.8889
622.5 53.6111
623.5 56.8889
624.5 60.7223
625.5 65.1667
626.5 68.5555
627.5 71.5555
628.5 72.5
629.5 74.1111
630.5 75.0555
631.5 75.9444
632.5 74.7223
633.5 72.6667
634.5 70.3333
635.5 64.8889
636.5 58.3889
637.5 51.1667
638.5 45.5
639.5 43.2778
640.5 41.8333
641.5 41.4445
642.5 44.5
643.5 49
644.5 51.6111
645.5 55.1667
646.5 60.1111
647.5 64.6111
648.5 67.0556
649.5 68.8889
650.5 70.6111
651.5 70.6111
652.5 71.1111
653.5 68.3333
654.5 61.1111
655.5 54
656.5 50
657.5 48.1111
658.5 46.6111
659.5 45.1111
660.5 43.2222
661.5 40.0555
662.5 39.6111
663.5 43.5555
664.5 45.5
665.5 47.8889
666.5 53.6111
667.5 58.7223
668.5 62.7223
669.5 67.1667
670.5 71.7778
671.5 74.0555
672.5 75.1111
673.5 75.1111
674.5 74.5555
675.5 72.7223
676.5 69.9445
677.5 67
678.5 62.3889
679.5 58.2778
680.5 54.5
681.5 50.1667
682.5 43.9445
683.5 39.1111
684.5 39.1667
685.5 39.5555
686.5 42.2222
687.5 46.2777
688.5 49.3889
689.5 52.7223
690.5 57.8333
691.5 62.0555
692.5 63.4445
693.5 65.4445
694.5 67.4445
695.5 67.9445
696.5 68.7222
697.5 75.6667
698.5 80.3333
699.5 79.6112
700.5 76.6112
701.5 70
702.5 66.2777
703.5 62.2777
704.5 55.0555
705.5 48.2778
706.5 45.1667
707.5 46.3333
708.5 49.0555
709.5 52.5555
710.5 56.5
711.5 60.5555
712.5 64.3889
713.5 67.5
714.5 69.2223
715.5 71.5556
716.5 73.5
717.5 74.4444
718.5 73.5555
719.5 71.7222
720.5 71.4444
721.5 71.2222
722.5 67.9445
723.5 62
724.5 56.7222
725.5 52.5
726.5 49.2778
727.5 46.0555
728.5 45.9445
729.5 49.0555
730.5 51.3889
731.5 52.8889
732.5 55.2777
733.5 57.6111
734.5 58.5555
735.5 60.6667
736.5 64.8889
737.5 68.2777
738.5 69.3333
739.5 72.1112
740.5 77
741.5 79.2777
742.5 76.3889
743.5 71.6667
744.5 64.8889
745.5 54.5555
746.5 45.7777
747.5 41.1667
748.5 39.3333
749.5 40.8889
750.5 44.5
751.5 46.6667
752.5 48.3333
753.5 51.1111
754.5 54.0555
755.5 58
756.5 62.5555
757.5 65.2777
758.5 67.6111
759.5 71.3333
760.5 75.0556
761.5 75.1111
762.5 72.2223
763.5 69.1667
764.5 65.0556
765.5 60.1111
766.5 54.6111
767.5 47.7222
768.5 43.3333
769.5 41.6111
770.5 40.6667
771.5 42.7223
772.5 43.8333
773.5 48.1667
774.5 55.8333
775.5 59.7222
776.5 62.8889
777.5 66.3889
778.5 67.5
779.5 68.7223
780.5 71.7223
781.5 73.8889
782.5 73.4445
783.5 71.7778
784.5 70.5
785.5 68.1111
786.5 64.1111
787.5 59.4444
788.5 53.8333
789.5 48.8333
790.5 44.3889
791.5 39.6667
792.5 39.2222
793.5 41.7777
794.5 45.3889
795.5 48.7223
796.5 52.3333
797.5 56.4445
798.5 60.6667
799.5 64.8333
800.5 66.5
801.5 68.6112
802.5 71.5
803.5 74.1111
804.5 76.7223
805.5 77.3889
806.5 75.7777
807.5 74.2222
808.5 71.7222
809.5 68.9444
810.5 67.0556
811.5 63.0556
812.5 58.2777
813.5 52.8333
814.5 44.2778
815.5 39.1111
816.5 40
817.5 43
818.5 48.0555
819.5 50.2778
820.5 51.0555
821.5 54.8333
822.5 59.3889
823.5 63.5
824.5 66.8333
825.5 69.7222
826.5 71.5556
827.5 73.1667
828.5 74.7777
829.5 74.5
830.5 73.8889
831.5 72.4445
832.5 70.0555
833.5 66.9444
834.5 62.2778
835.5 55.2223
836.5 49
837.5 44.7777
838.5 41.7222
839.5 41.0555
840.5 39.9445
841.5 41.8333
842.5 45.1111
843.5 46.3889
844.5 47.7222
845.5 50
846.5 52.6111
847.5 55.2222
848.5 59.3333
849.5 63.7778
850.5 68.8889
851.5 72.5556
852.5 73
853.5 74.0555
854.5 75.0555
855.5 74.3889
856.5 71.8889
857.5 67.4444
858.5 63.8889
859.5 58.7223
860.5 52.3333
861.5 47.6111
862.5 44.7777
863.5 40.6667
864.5 37.2222
865.5 37.1667
866.5 39.4445
867.5 42.6111
868.5 44.5
869.5 48.5555
870.5 52.3889
871.5 54.1667
872.5 56.7778
873.5 61.2778
874.5 65.6111
875.5 71.8333
876.5 76.7222
877.5 77.1111
878.5 79.1111
879.5 80.1667
880.5 81
881.5 81.6112
882.5 80.8333
883.5 80.5555
884.5 77.6667
885.5 73.3888
886.5 69.6111
887.5 65.8333
888.5 59.3889
889.5 51.9445
890.5 46.9445
891.5 45.0555
892.5 47.3333
893.5 51.2777
894.5 55.3333
895.5 59.7778
896.5 65.3333
897.5 70.1112
898.5 71.0556
899.5 73.1667
900.5 74.6667
901.5 76.1112
902.5 77.0556
903.5 76.4444
904.5 75.7222
905.5 69.2778
906.5 65.2223
907.5 66.8333
908.5 66.3333
909.5 59.7223
910.5 50.6111
911.5 45.6667
912.5 42.6111
913.5 39.5
914.5 38.4444
915.5 40.0555
916.5 43.5555
917.5 47.7222
918.5 51.3889
919.5 55.1111
920.5 59.4444
921.5 62.7222
922.5 65.1667
923.5 67.3888
924.5 68.7777
925.5 68.3333
926.5 69.8889
927.5 71.2777
928.5 69.3333
929.5 68.1667
930.5 68.2778
931.5 66.1111
932.5 62.0555
933.5 56.0555
934.5 48.2223
935.5 41.7778
936.5 37.8333
937.5 36.6667
938.5 37.2777
939.5 40
940.5 43.1111
941.5 46.3333
942.5 51.7222
943.5 55.5555
944.5 57.1111
945.5 59.7222
946.5 64
947.5 69.0555
948.5 72.8333
949.5 76.2777
950.5 76.3889
951.5 73.9444
952.5 70.9444
953.5 67.3889
954.5 66.5
955.5 63.7778
956.5 59.1667
957.5 55.2778
958.5 51.6667
959.5 48.6111
960.5 44.6111
961.5 42.6111
962.5 44.1111
963.5 42.6667
964.5 42.1667
965.5 46.5555
966.5 49.9445
967.5 52.9445
968.5 55.7223
969.5 58.3889
970.5 61.2222
971.5 63
972.5 66.7778
973.5 71.6667
974.5 73.4444
975.5 74.3333
976.5 74.8889
977.5 74.3889
978.5 73.5
979.5 72.2778
980.5 70.6111
981.5 68.1667
982.5 66.0556
983.5 61.7222
984.5 54.1667
985.5 48.1111
986.5 43.2222
987.5 41.0555
988.5 40.5
989.5 41.6667
990.5 46.1667
991.5 50.6111
992.5 55.3333
993.5 60.1111
994.5 65.4444
995.5 70.5
996.5 74.5556
997.5 75.2777
998.5 74.6667
999.5 74.2777
1000.5 73.3888
1001.5 70.7777
1002.5 66.7777
1003.5 63.8333
1004.5 59.5555
1005.5 54.8889
1006.5 50.2778
1007.5 46.2778
1008.5 43.7778
1009.5 42.2778
1010.5 42.5
1011.5 43.8889
1012.5 45.9445
1013.5 50.5
1014.5 55.5555
1015.5 58.7222
1016.5 63.2777
1017.5 67.4444
1018.5 71.5
1019.5 74.1667
1020.5 74.9444
1021.5 75.6667
1022.5 73.8889
1023.5 70.6667
1024.5 65.9445
1025.5 62.5555
1026.5 59.5555
1027.5 57.7777
1028.5 56.5555
1029.5 51.1667
1030.5 46.1667
1031.5 42.9445
1032.5 40.5
1033.5 41.6667
1034.5 45.1667
1035.5 48.6111
1036.5 53.3889
1037.5 54.7222
1038.5 51.6667
1039.5 52
1040.5 56.3333
1041.5 60.3333
1042.5 63.7223
1043.5 66.7778
1044.5 70.2223
1045.5 73.4444
1046.5 74.8333
1047.5 73.9444
1048.5 72.5
1049.5 72
1050.5 68.5
1051.5 61.5
1052.5 54.9445
1053.5 48.6111
1054.5 43
1055.5 40.8889
1056.5 39.6667
1057.5 38.5
1058.5 37.6111
1059.5 38.2223
1060.5 41.0556
1061.5 43.3333
1062.5 45.3333
1063.5 48.8333
1064.5 58.5
1065.5 68.8889
1066.5 72.5
1067.5 74.8333
1068.5 77.5
1069.5 79.3333
1070.5 81.4445
1071.5 82.3889
1072.5 82.7222
1073.5 82.8333
1074.5 81.1111
1075.5 77.1111
1076.5 71.8888
1077.5 65.7777
1078.5 60.7777
1079.5 55.5555
1080.5 50.7778
1081.5 48.1111
1082.5 45.6111
1083.5 43.8333
1084.5 43.4445
1085.5 44.0555
1086.5 46.6111
1087.5 50.9445
1088.5 53.2223
1089.5 54.7778
1090.5 59
1091.5 65.5556
1092.5 69.9445
1093.5 72.4445
1094.5 76.0556
1095.5 79.2777
1096.5 82
1097.5 83.7223
1098.5 83.0555
1099.5 81.3333
1100.5 78.3333
1101.5 73.1667
1102.5 64.6111
1103.5 57
1104.5 54.2223
1105.5 52.5
1106.5 49.1111
1107.5 46.2778
1108.5 43.6111
1109.5 40.7223
1110.5 42.4445
1111.5 45.6111
1112.5 45.5555
1113.5 48.0555
1114.5 52.3333
1115.5 56.5
1116.5 62.6112
1117.5 62.7223
1118.5 60.2778
1119.5 62.1111
1120.5 65.3888
1121.5 68.6667
1122.5 71.3889
1123.5 73.3333
1124.5 74.7778
1125.5 74.9445
1126.5 72.8889
1127.5 70.6112
1128.5 70.1667
1129.5 68.8333
1130.5 66.7222
1131.5 59.7777
1132.5 48.3889
1133.5 42.9445
1134.5 41.2777
1135.5 41.1111
1136.5 44.1111
1137.5 46.6111
1138.5 47.7778
1139.5 50.4445
1140.5 53.1111
1141.5 57.3333
1142.5 65.1667
1143.5 68.8889
1144.5 69.7222
1145.5 72.6667
1146.5 74.2778
1147.5 73.5556
1148.5 73.1112
1149.5 75.5556
1150.5 77
1151.5 77.5556
1152.5 77.8889
1153.5 75.4445
1154.5 74.7778
1155.5 72.9445
1156.5 66.7222
1157.5 60.5555
1158.5 56.1667
1159.5 51.6667
1160.5 46.6667
1161.5 43
1162.5 40.5555
1163.5 40.9445
1164.5 41.5
1165.5 41.7778
1166.5 42.5
1167.5 45.1667
1168.5 49.7778
1169.5 53.3333
1170.5 59
1171.5 65.8333
1172.5 70.0555
1173.5 73.2222
1174.5 75.5
1175.5 76.3889
1176.5 77.6111
1177.5 78.2222
1178.5 80.1667
1179.5 81.1667
1180.5 79.0555
1181.5 77.2778
1182.5 76.4444
1183.5 74.1667
1184.5 69.3889
1185.5 64.1667
1186.5 58.8889
1187.5 55
1188.5 50.6667
1189.5 45.8333
1190.5 43.3333
1191.5 42.7223
1192.5 42.9445
1193.5 45.7778
1194.5 50.5556
1195.5 54.2223
1196.5 56.0555
1197.5 58.2222
1198.5 61
1199.5 70.6111
1200.5 79.8888
1201.5 79.3333
1202.5 79.5555
1203.5 80.4444
1204.5 80.3889
1205.5 80.3889
1206.5 81.3889
1207.5 81.3889
1208.5 80.5555
1209.5 80.2778
1210.5 78.8889
1211.5 78
1212.5 76.9444
1213.5 73.1111
1214.5 69.8889
1215.5 67.2778
1216.5 61.8334
1217.5 52.4445
1218.5 44.2777
1219.5 42.5
1220.5 42.5556
1221.5 45.4445
1222.5 50.8333
1223.5 51.1667
1224.5 49.0555
1225.5 49
1226.5 51.1111
1227.5 55.8333
1228.5 59.5
1229.5 65.5555
1230.5 74.2222
1231.5 74.0555
1232.5 70.8889
1233.5 72.2223
1234.5 74.2778
1235.5 75.5
1236.5 77
1237.5 80
1238.5 81.6667
1239.5 81.6667
1240.5 79.7222
1241.5 75.6111
1242.5 71.8333
1243.5 67.5556
1244.5 53.5555
1245.5 41.3889
1246.5 41
1247.5 42.4445
1248.5 41.7222
1249.5 42.5555
1250.5 45.2778
1251.5 46.9445
1252.5 47
1253.5 49
1254.5 51.1111
1255.5 51.5555
1256.5 55.3333
1257.5 59.3333
1258.5 63.0555
1259.5 67.6667
1260.5 74.0555
1261.5 78.4445
1262.5 79.7778
1263.5 79.6667
1264.5 81.0556
1265.5 84.5
1266.5 85.5556
1267.5 85.1667
1268.5 84.5555
1269.5 82.6667
1270.5 78.4445
1271.5 73.1111
1272.5 69.2777
1273.5 66
1274.5 62.4445
1275.5 57.0555
1276.5 52.2222
1277.5 50.2222
1278.5 49.2222
1279.5 49.3889
1280.5 49.5555
1281.5 50.1111
1282.5 49.3889
1283.5 48.6667
1284.5 49.2778
1285.5 49.3333
1286.5 50.8333
1287.5 52.5
1288.5 54.6111
1289.5 58.1111
1290.5 60.5
1291.5 65.0556
1292.5 70.8333
1293.5 76.0555
1294.5 80.3889
1295.5 84.7223
1296.5 88
1297.5 87.5555
1298.5 86.8333
1299.5 85.0556
1300.5 81.6667
1301.5 77.3889
1302.5 72.1667
1303.5 67.4445
1304.5 62.8333
1305.5 57.6667
1306.5 53.8333
1307.5 50.8333
1308.5 48.7778
1309.5 49.2223
1310.5 49.1667
1311.5 48.0556
1312.5 47.8889
1313.5 48.3333
1314.5 48.9444
1315.5 51.9444
1316.5 55.2777
1317.5 60.1111
1318.5 67.6667
1319.5 71.5
1320.5 68.3889
1321.5 65.9445
1322.5 68.5
1323.5 72.2222
1324.5 75.1667
1325.5 75.8333
1326.5 76.7223
1327.5 76.7223
1328.5 78.1112
1329.5 80.1112
1330.5 78.5
1331.5 75.9444
1332.5 72.7223
1333.5 69.1667
1334.5 63.9444
1335.5 59.5
1336.5 57.3333
1337.5 55.9445
1338.5 53.1111
1339.5 48.3333
1340.5 45.2222
1341.5 44.8333
1342.5 45.6111
1343.5 45.5
1344.5 46.1667
1345.5 48.2777
1346.5 52.1111
1347.5 55.8889
1348.5 60.7222
1349.5 67.8333
1350.5 72.1111
1351.5 73.2222
1352.5 73.0556
1353.5 73.3889
1354.5 75.3333
1355.5 77.9444
1356.5 79.1111
1357.5 79.6111
1358.5 79.9444
1359.5 79.2223
1360.5 79.3333
1361.5 80.8333
1362.5 81.5
1363.5 79.1111
1364.5 73.8333
1365.5 66.0556
1366.5 55.5556
1367.5 48.8333
1368.5 48.7222
1369.5 48.1111
1370.5 46.3889
1371.5 44.6111
1372.5 44.9445
1373.5 47.9445
1374.5 51.6667
1375.5 53.6667
1376.5 54
1377.5 58
1378.5 61.8333
1379.5 64.7777
1380.5 69.0556
1381.5 70.8889
1382.5 70.8889
1383.5 71.8333
1384.5 73.4444
1385.5 75.6111
1386.5 77.6667
1387.5 79.8889
1388.5 81.7778
1389.5 82.2222
1390.5 80.8888
1391.5 77.7222
1392.5 74.6667
1393.5 71.2222
1394.5 65.8889
1395.5 60.4445
1396.5 58.2777
1397.5 55.1667
1398.5 51.0555
1399.5 49.1111
1400.5 45.7222
1401.5 45.7222
1402.5 47.4445
1403.5 47.7778
1404.5 50.1111
1405.5 52.6111
1406.5 56.2778
1407.5 61.3333
1408.5 65.5
1409.5 69.2222
1410.5 72.6667
1411.5 73.7223
1412.5 75
1413.5 77.2222
1414.5 78.2222
1415.5 79.7222
1416.5 81.1667
1417.5 80.3888
1418.5 77.6111
1419.5 74.4444
1420.5 71.3889
1421.5 66.9445
1422.5 64.2222
1423.5 63.7777
1424.5 61.0555
1425.5 56.7778
1426.5 51.0555
1427.5 48.1111
1428.5 46.4445
1429.5 44.2222
1430.5 45.6111
1431.5 46.3333
1432.5 46.9445
1433.5 47.2222
1434.5 48.4444
1435.5 53.9444
1436.5 60.3333
1437.5 65.5556
1438.5 69.8889
1439.5 72.5556
1440.5 75.1111
1441.5 77
1442.5 78.6111
1443.5 80.5556
1444.5 81.4445
1445.5 82.1667
1446.5 82.0555
1447.5 80.3889
1448.5 76.6667
1449.5 72.7777
1450.5 69.9445
1451.5 66.6667
1452.5 64.4445
1453.5 60.6111
1454.5 54.5
1455.5 51.5
1456.5 47.8333
1457.5 43.0555
1458.5 42.4444
1459.5 44.3333
1460.5 45.1111
1461.5 47.5555
1462.5 51.8333
1463.5 54.8889
1464.5 58
1465.5 61
1466.5 64.1667
1467.5 66.4444
1468.5 67.5555
1469.5 70.3333
1470.5 72.9444
1471.5 73.6112
1472.5 73.7223
1473.5 74.3333
1474.5 75.7223
1475.5 75.1667
1476.5 73.8333
1477.5 73.9445
1478.5 80.2778
1479.5 83.4444
1480.5 77.6667
1481.5 72.4445
1482.5 68.1111
1483.5 66.3333
1484.5 65.7222
1485.5 63.1666
1486.5 59
1487.5 55.2778
1488.5 52.4445
1489.5 51.7222
1490.5 50.7222
1491.5 49.7777
1492.5 50.3333
1493.5 52.1667
1494.5 52.7222
1495.5 51.8889
1496.5 54.0555
1497.5 57.6111
1498.5 62.1112
1499.5 65.6667
1500.5 69.0556
1501.5 73.0556
1502.5 75.8333
1503.5 76.3333
1504.5 75.5556
1505.5 77.1111
1506.5 78.8333
1507.5 82
1508.5 84.3889
1509.5 85.0556
1510.5 86.2222
1511.5 86.2222
1512.5 85.2777
1513.5 83
1514.5 78.5
1515.5 73.1111
1516.5 68.6111
1517.5 62.7777
1518.5 57.7222
1519.5 54.7222
1520.5 53.8333
1521.5 52.8889
1522.5 51.9445
1523.5 51.6667
1524.5 50.6111
1525.5 49.4445
1526.5 47.8333
1527.5 48.1111
1528.5 50.3333
1529.5 52.2222
1530.5 54.7778
1531.5 58.9445
1532.5 62.8333
1533.5 66
1534.5 66.7778
1535.5 66.1667
1536.5 68.0556
1537.5 70.7778
1538.5 71.7778
1539.5 73.3889
1540.5 74.5
1541.5 75.3889
1542.5 76.7223
1543.5 76.7778
1544.5 76.3889
1545.5 74.5555
1546.5 71.2222
1547.5 68.3889
1548.5 65.8889
1549.5 63.0555
1550.5 60.3333
1551.5 56.3333
1552.5 53.5
1553.5 51.4445
1554.5 49.1667
1555.5 47.9444
1556.5 47.2222
1557.5 46.9445
1558.5 47.9445
1559.5 49.7222
1560.5 50
1561.5 50.2778
1562.5 50.8889
1563.5 52.3333
1564.5 56.5555
1565.5 62.1111
1566.5 65.6667
1567.5 65
1568.5 64.3889
1569.5 66
1570.5 67.3889
1571.5 69.1667
1572.5 71.8888
1573.5 73.8333
1574.5 75.7777
1575.5 76.8333
1576.5 77.6667
1577.5 77.8333
1578.5 77.2223
1579.5 77
1580.5 75.5
1581.5 73.8889
1582.5 72.0555
1583.5 70.8333
1584.5 66.1112
1585.5 60.2223
1586.5 56.6111
1587.5 55.2222
1588.5 56.1667
1589.5 52.4445
1590.5 47.9445
1591.5 47.0555
1592.5 46.7223
1593.5 47.4445
1594.5 48.5555
1595.5 49.2223
1596.5 48.2223
1597.5 46.7223
1598.5 46.7223
1599.5 48.5555
1600.5 51.8889
1601.5 55
1602.5 58.2778
1603.5 63.1666
1604.5 67.6111
1605.5 70.9445
1606.5 72.1667
1607.5 74.6111
1608.5 79.4445
1609.5 80.0555
1610.5 80.2222
1611.5 81.8888
1612.5 81.8888
1613.5 78.9444
1614.5 76.6667
1615.5 76.5555
1616.5 75.2222
1617.5 73
1618.5 69.8889
1619.5 65.5
1620.5 60.3333
1621.5 57.3333
1622.5 57.2222
1623.5 56.3889
1624.5 52.1667
1625.5 48.5
1626.5 47.4445
1627.5 47.2223
1628.5 46.5555
1629.5 46.8889
1630.5 48.3889
1631.5 50.3889
1632.5 53.1667
1633.5 54.6111
1634.5 57.6667
1635.5 60.4445
1636.5 61.7223
1637.5 63.7223
1638.5 67
1639.5 70.0556
1640.5 71.2223
1641.5 72.6667
1642.5 74.5
1643.5 75
1644.5 75.7223
1645.5 78.7778
1646.5 79.7778
1647.5 79.5556
1648.5 79.3888
1649.5 77.1111
1650.5 74.5
1651.5 70.6111
1652.5 68.2777
1653.5 67
1654.5 63.9445
1655.5 62
1656.5 58.6111
1657.5 52.9445
1658.5 50.5
1659.5 51.3889
1660.5 49.9445
1661.5 48.6667
1662.5 48.0556
1663.5 46.6667
1664.5 46.1111
1665.5 47.6667
1666.5 50.5
1667.5 52.3333
1668.5 56.9445
1669.5 60.1111
1670.5 61.2778
1671.5 63.2223
1672.5 65.3889
1673.5 65.7778
1674.5 67.3889
1675.5 70.2777
1676.5 72.0555
1677.5 73.8889
1678.5 73.4445
1679.5 74.4445
1680.5 76.9445
1681.5 76.6667
1682.5 75.5556
1683.5 76.1667
1684.5 74.8333
1685.5 73
1686.5 71.8333
1687.5 68.6112
1688.5 64.8889
1689.5 61
1690.5 56.8889
1691.5 52.5
1692.5 50.7778
1693.5 50.8333
1694.5 48.3889
1695.5 45.1667
1696.5 41.8889
1697.5 42.4445
1698.5 42.9445
1699.5 42.8889
1700.5 44.6111
1701.5 49.0556
1702.5 55.7223
1703.5 60.5555
1704.5 63.1667
1705.5 64.3333
1706.5 65.9444
1707.5 67.6111
1708.5 70.0556
1709.5 73.3889
1710.5 76.3889
1711.5 78.5
1712.5 79.8333
1713.5 80.9445
1714.5 81.6667
1715.5 83.2777
1716.5 84.2222
1717.5 84.3889
1718.5 84.8333
1719.5 83.1667
1720.5 82.5
1721.5 79.8333
1722.5 75.7223
1723.5 70.3889
1724.5 65.2222
1725.5 64.3889
1726.5 63.1111
1727.5 59.6667
1728.5 57.1667
1729.5 55.2223
1730.5 53.1111
1731.5 50.8333
1732.5 51.0555
1733.5 54.0555
1734.5 53.1111
1735.5 52.2222
1736.5 52.7222
1737.5 53.3333
1738.5 53.2778
1739.5 54.1111
1740.5 57.3889
1741.5 61.1667
1742.5 65.7778
1743.5 68.6112
1744.5 70.4444
1745.5 71.3333
1746.5 74.1667
1747.5 77.6667
1748.5 77.8333
1749.5 80.3333
1750.5 81.4444
1751.5 75.5
1752.5 73
1753.5 74.7223
1754.5 75.5556
1755.5 76.1667
1756.5 75.8889
1757.5 75.3889
1758.5 74.2777
1759.5 72
1760.5 67.2223
1761.5 60.7223
1762.5 55.5556
1763.5 51.4445
1764.5 49.2777
1765.5 48.3889
1766.5 48.3889
1767.5 48.2222
1768.5 47.5555
1769.5 46.9445
1770.5 45.6667
1771.5 46.7777
1772.5 48.0555
1773.5 48.6667
1774.5 49.3889
1775.5 50.3333
1776.5 52.3333
1777.5 55.4445
1778.5 60.3333
1779.5 63.7222
1780.5 65.1667
1781.5 67.3333
1782.5 69.4445
1783.5 70.6667
1784.5 72.6667
1785.5 76.1667
1786.5 77.5
1787.5 77.7223
1788.5 79.3889
1789.5 80
1790.5 78.9444
1791.5 78.6667
1792.5 78.1111
1793.5 76.8889
1794.5 75.3889
1795.5 72.3889
1796.5 69.5555
1797.5 66.6111
1798.5 65.0556
1799.5 65.0556
1800.5 64.5556
1801.5 64.4445
1802.5 62.1112
1803.5 57.8333
1804.5 53.6111
1805.5 50.2777
1806.5 47.7777
1807.5 46.2777
1808.5 46.9444
1809.5 47.8333
1810.5 49.8333
1811.5 52.5555
1812.5 55.2223
1813.5 56.2778
1814.5 56.1111
1815.5 56.2777
1816.5 58.5
1817.5 61.2223
1818.5 62.7778
1819.5 65.2222
1820.5 67.1667
1821.5 69.3889
1822.5 71.2223
1823.5 73.0556
1824.5 75.6112
1825.5 77.3889
1826.5 79
1827.5 79.5556
1828.5 78.4445
1829.5 78.5
1830.5 79.1111
1831.5 78.3333
1832.5 77.8889
1833.5 77.1667
1834.5 74.8888
1835.5 72.2222
1836.5 69
1837.5 64.8333
1838.5 63.0555
1839.5 62.5555
1840.5 61.1111
1841.5 59.6111
1842.5 56.2778
1843.5 51.5
1844.5 48.9445
1845.5 49.3333
1846.5 49.7223
1847.5 49.5556
1848.5 51.3889
1849.5 52
1850.5 52.5555
1851.5 54.1667
1852.5 56.9445
1853.5 61.8889
1854.5 64.1111
1855.5 66.1111
1856.5 68.5556
1857.5 68.3889
1858.5 67.6112
1859.5 69.6112
1860.5 71.8333
1861.5 72.7777
1862.5 74.9444
1863.5 77
1864.5 79.8889
1865.5 80.5556
1866.5 77
1867.5 76.4444
1868.5 77.6667
1869.5 77.8333
1870.5 76.8889
1871.5 75
1872.5 68.5
1873.5 58.0555
1874.5 49.4444
1875.5 46.5
1876.5 45.6111
1877.5 45.2223
1878.5 48.6667
1879.5 50.5
1880.5 49.7222
1881.5 50.4445
1882.5 53.1111
1883.5 56.3889
1884.5 59.2777
1885.5 62.6111
1886.5 65.7222
1887.5 65.0555
1888.5 62.8333
1889.5 61.3333
1890.5 57.5
1891.5 52.5555
1892.5 60.1111
1893.5 65.8888
1894.5 68.7222
1895.5 79.7222
1896.5 78.5
1897.5 69.9444
1898.5 67.8333
1899.5 68.4444
1900.5 69.2223
1901.5 70.3333
1902.5 71.3333
1903.5 75.9445
1904.5 79.2778
1905.5 79.3889
1906.5 79.3889
1907.5 80
1908.5 82.1667
1909.5 82.2778
1910.5 79.6112
1911.5 77.1112
1912.5 75.2778
1913.5 72
1914.5 70.2222
1915.5 67.9444
1916.5 65.3889
1917.5 62
1918.5 58.3333
1919.5 57.5555
1920.5 55.3333
1921.5 51.3889
1922.5 49.4445
1923.5 47.7223
1924.5 46.6111
1925.5 45.8889
1926.5 45.1111
1927.5 45.1667
1928.5 43.6667
1929.5 43.7223
1930.5 44.2778
1931.5 45.5555
1932.5 49.4445
1933.5 53.4445
1934.5 54.8889
1935.5 55
1936.5 56.0555
1937.5 58.5
1938.5 63
1939.5 64.8333
1940.5 66
1941.5 68.6667
1942.5 71.4444
1943.5 72.8889
1944.5 73.3333
1945.5 79.6111
1946.5 85
1947.5 86.1111
1948.5 87.6667
1949.5 86.7777
1950.5 85.5
1951.5 84.6667
1952.5 84.5
1953.5 84.6111
1954.5 84.1111
1955.5 83.5
1956.5 81.8333
1957.5 79.1667
1958.5 75.6111
1959.5 69.5555
1960.5 61.1666
1961.5 57.1667
1962.5 57.8889
1963.5 57.6667
1964.5 56.8889
1965.5 55.6667
1966.5 53.4445
1967.5 50.8889
1968.5 49.7222
1969.5 49.0555
1970.5 48.4445
1971.5 49.8889
1972.5 51.4445
1973.5 53.5
1974.5 56.1667
1975.5 57.6111
1976.5 57.9445
1977.5 56.9445
1978.5 59.4445
1979.5 62.9445
1980.5 64.0555
1981.5 67
1982.5 68.4444
1983.5 69.5555
1984.5 71.3889
1985.5 73.5555
1986.5 76.8333
1987.5 80.8333
1988.5 85.6667
1989.5 87.4445
1990.5 85.1667
1991.5 84.9445
1992.5 86.3333
1993.5 81.7777
1994.5 80.3889
1995.5 82.7778
1996.5 82
1997.5 80.5
1998.5 76.7223
1999.5 74.0556
2000.5 71.6112
2001.5 68.0556
2002.5 65
2003.5 63.2778
2004.5 62.1667
2005.5 60.3889
2006.5 59.1111
2007.5 56.8889
2008.5 51.8889
2009.5 48.6667
2010.5 47.6111
2011.5 45.5555
2012.5 45.5
2013.5 44.3889
2014.5 42.7777
2015.5 42.5
2016.5 42.7778
2017.5 43.5555
2018.5 43.6111
2019.5 44
2020.5 44.8889
2021.5 46.8889
2022.5 49.3333
2023.5 51.7223
2024.5 57.7778
2025.5 62.7223
2026.5 68.7778
2027.5 71.8333
2028.5 67.1667
2029.5 70
2030.5 73.5
2031.5 76
2032.5 77.8333
2033.5 76.6667
2034.5 78.9444
2035.5 78.3889
2036.5 76.6667
2037.5 78.1111
2038.5 79.0556
2039.5 78.7777
2040.5 79.0555
2041.5 80.7778
2042.5 82.8333
2043.5 82.3333
2044.5 80
2045.5 78.4445
2046.5 76.2778
2047.5 75
2048.5 72.1667
2049.5 69.7222
2050.5 67.7222
2051.5 63.3889
2052.5 61.9445
2053.5 59.4445
2054.5 56.2778
2055.5 52.6111
2056.5 48.2777
2057.5 47.1667
2058.5 45.6111
2059.5 44.2222
2060.5 45.7777
2061.5 46.2222
2062.5 46.7777
2063.5 47.5
2064.5 46.3889
2065.5 46.3889
2066.5 46.1111
2067.5 44.7778
2068.5 45.9445
2069.5 48.7222
2070.5 48.7222
2071.5 46.8889
2072.5 47.6111
2073.5 50.8333
2074.5 54.1111
2075.5 56.5555
2076.5 59.3333
2077.5 62.2223
2078.5 64.9445
2079.5 67.8889
2080.5 69.3889
2081.5 71.3333
2082.5 74.0556
2083.5 74.5
2084.5 74.7223
2085.5 76.1111
2086.5 75.3333
2087.5 74.7777
2088.5 76.7222
2089.5 78.2777
2090.5 79.9444
2091.5 79.5556
2092.5 77.7778
2093.5 76.8333
2094.5 77.1112
2095.5 76.8889
2096.5 75.0556
2097.5 72.1111
2098.5 68
2099.5 65.4445
2100.5 62.1667
2101.5 56.6667
2102.5 53.5
2103.5 51
2104.5 45.6111
2105.5 43.8333
2106.5 45.6667
2107.5 45.5
2108.5 45.1667
2109.5 46.7222
2110.5 47.4444
2111.5 46.5555
2112.5 47.9445
2113.5 49.8889
2114.5 49.8889
2115.5 51.3889
2116.5 54.5
2117.5 56.9444
2118.5 57.2222
2119.5 59.0555
2120.5 62.1111
2121.5 64.0555
2122.5 66.2222
2123.5 67.5
2124.5 69.3333
2125.5 71
2126.5 71
2127.5 72.8889
2128.5 76
2129.5 78.2222
2130.5 79.0555
2131.5 77.5555
2132.5 76.8333
2133.5 76
2134.5 72.4444
2135.5 61.7777
2136.5 54
2137.5 54.3333
2138.5 51.6667
2139.5 52.3889
2140.5 58.3889
2141.5 67.6112
2142.5 72.3889
2143.5 68.6111
2144.5 59.6111
2145.5 50.8333
2146.5 47.8889
2147.5 44.8889
2148.5 42.9445
2149.5 42.9445
2150.5 42.4445
2151.5 42.2222
2152.5 42
2153.5 43.7778
2154.5 44.3333
2155.5 42.7778
2156.5 47
2157.5 48.1667
2158.5 45.6111
2159.5 45.2777
2160.5 46.4445
2161.5 47.7778
2162.5 47.3889
2163.5 46.7778
2164.5 48.0555
2165.5 51.1111
2166.5 51.5
2167.5 53.1111
2168.5 56.2222
2169.5 63
2170.5 72.0556
2171.5 71.2223
2172.5 66.2223
2173.5 65.4444
2174.5 65.6111
2175.5 67.8333
2176.5 71.8889
2177.5 75.7778
2178.5 77.9444
2179.5 77.8888
2180.5 78.1667
2181.5 76.8889
2182.5 76.1111
2183.5 77.3333
2184.5 76.1667
2185.5 76.0555
2186.5 77.2222
2187.5 75.1667
2188.5 73.9445
2189.5 73.9445
2190.5 71.6667
2191.5 70.3888
2192.5 67.9444
2193.5 62.0555
2194.5 56.7778
2195.5 52.2223
2196.5 48.8889
2197.5 45
2198.5 43.5555
2199.5 54.7222
2200.5 58.9444
2201.5 49.6667
2202.5 43.2223
2203.5 40.3889
2204.5 41.9445
2205.5 42.2778
2206.5 41.1111
2207.5 40.5
2208.5 39.7777
2209.5 42.1111
2210.5 44.2778
2211.5 44.3889
2212.5 43.7777
2213.5 42.5
2214.5 41.6111
2215.5 43.5
2216.5 46.3333
2217.5 51
2218.5 56.6111
2219.5 55.8889
2220.5 52.9445
2221.5 57.5556
2222.5 64.2223
2223.5 66.9445
2224.5 69
2225.5 71.8889
2226.5 71.8333
2227.5 67.8889
2228.5 67.6111
2229.5 71.1667
2230.5 77.8889
2231.5 84.5
2232.5 84.6667
2233.5 83.6667
2234.5 85.1111
2235.5 85.4445
2236.5 84.6667
2237.5 84.1111
2238.5 84.7778
2239.5 84.2778
2240.5 83.5
2241.5 83
2242.5 81.9444
2243.5 82.7777
2244.5 80.7777
2245.5 76.7222
2246.5 72.0555
2247.5 68.1667
2248.5 62.7778
2249.5 55.4445
2250.5 52.3889
2251.5 51.7778
2252.5 49.3889
2253.5 50
2254.5 52.8333
2255.5 54.8333
2256.5 54.5
2257.5 51.2777
2258.5 48.3889
2259.5 45.4445
2260.5 44.8333
2261.5 42.8333
2262.5 42.3889
2263.5 43.7222
2264.5 43.8333
2265.5 44.9444
2266.5 46.6111
2267.5 47.7223
2268.5 48.2778
2269.5 49.5
2270.5 51.1111
2271.5 53.1667
2272.5 54.5555
2273.5 55.6667
2274.5 57.9444
2275.5 61.6667
2276.5 64.6667
2277.5 67.8333
2278.5 71.7222
2279.5 74.1111
2280.5 74.8889
2281.5 75.9444
2282.5 80.2777
2283.5 82.1111
2284.5 79.3333
2285.5 78.2223
2286.5 79
2287.5 79.2777
2288.5 79.0555
2289.5 77.2778
2290.5 75.1667
2291.5 74.7223
2292.5 73.1667
2293.5 71.3333
2294.5 71.7778
2295.5 73.2778
2296.5 73.6667
2297.5 73.7777
2298.5 74.5
2299.5 75.5
2300.5 75.0556
2301.5 73.1111
2302.5 72.8888
2303.5 72.3888
2304.5 69.9444
2305.5 67.5
2306.5 66.5
2307.5 66.1112
2308.5 64.3889
2309.5 62.8889
2310.5 62.2223
2311.5 61.2223
2312.5 58
2313.5 54.6667
2314.5 53.2222
2315.5 51.6111
2316.5 48.8333
2317.5 46.0555
2318.5 45.0555
2319.5 44.2778
2320.5 42.4445
2321.5 39.8889
2322.5 39.7778
2323.5 40.8333
2324.5 41.2223
2325.5 44.2223
2326.5 45.7778
2327.5 44.5
2328.5 44.1111
2329.5 45.2222
2330.5 47.2222
2331.5 48.8333
2332.5 49.9445
2333.5 51.1111
2334.5 54.2778
2335.5 57.2223
2336.5 58.0555
2337.5 60
2338.5 64.3889
2339.5 68.3333
2340.5 72.4444
2341.5 74.9444
2342.5 75.5556
2343.5 78.8889
2344.5 80.5
2345.5 77.7778
2346.5 75.2778
2347.5 75.5
2348.5 74.9445
2349.5 75.6112
2350.5 76.8333
2351.5 76.2222
2352.5 78.1667
2353.5 79.8889
2354.5 80.3889
2355.5 80.2778
2356.5 78.5
2357.5 77.3333
2358.5 77
2359.5 77.2223
2360.5 77.6112
2361.5 76
2362.5 74.5556
2363.5 73.1667
2364.5 71.7778
2365.5 70.8889
2366.5 69.2223
2367.5 67.4444
2368.5 66.0555
2369.5 65.1111
2370.5 65.7777
2371.5 66
2372.5 65.0556
2373.5 64.1111
2374.5 62
2375.5 59.5555
2376.5 55.1667
2377.5 52
2378.5 49.6111
2379.5 47
2380.5 46.1667
2381.5 45.1667
2382.5 45.7778
2383.5 46.1667
2384.5 44.8333
2385.5 44.1111
2386.5 43.8333
2387.5 43.5
2388.5 47.7777
2389.5 50.9445
2390.5 50.4445
2391.5 52.8889
2392.5 54.5
2393.5 55.0556
2394.5 55.7223
2395.5 55.8333
2396.5 56.0555
2397.5 57.1667
2398.5 59
2399.5 60.8333
2400.5 63.3333
2401.5 64.8889
2402.5 65.7778
2403.5 67.0555
2404.5 68.1667
2405.5 69.0555
2406.5 68.6667
2407.5 69.7222
2408.5 73.2222
2409.5 75.5
2410.5 75.5555
2411.5 75.5555
2412.5 77.1667
2413.5 78.7778
2414.5 79.2222
2415.5 78.7777
2416.5 78.2222
2417.5 78.4444
2418.5 78.3333
2419.5 78.8333
2420.5 79.1667
2421.5 80.2223
2422.5 81.0556
2423.5 79.6667
2424.5 77.7778
2425.5 76.5556
2426.5 73.7222
2427.5 69.8333
2428.5 67.2778
2429.5 65.3333
2430.5 64.6667
2431.5 65.3889
2432.5 65.9445
2433.5 65.9445
2434.5 65.5
2435.5 63.3333
2436.5 61.1111
2437.5 53.7777
2438.5 46.8333
2439.5 44.7777
2440.5 43.8889
2441.5 43.8333
2442.5 43.5
2443.5 42.6667
2444.5 41.2777
2445.5 42.1667
2446.5 42.5
2447.5 42.4445
2448.5 43.1111
2449.5 43.6111
2450.5 44.5
2451.5 43.8333
2452.5 43.2223
2453.5 42.9445
2454.5 42.9445
2455.5 43.5555
2456.5 44
2457.5 43.9445
2458.5 45.3889
2459.5 47.4445
2460.5 49.0555
2461.5 53.3889
2462.5 56.1667
2463.5 57.8889
2464.5 60.6667
2465.5 61.7778
2466.5 61.1667
2467.5 62.7223
2468.5 64.2778
2469.5 65.0555
2470.5 66.8333
2471.5 67.4444
2472.5 68.8333
2473.5 72.2777
2474.5 75.3888
2475.5 76.5555
2476.5 77.0555
2477.5 76.5555
2478.5 76.2778
2479.5 76.5555
2480.5 77.4444
2481.5 77.8889
2482.5 77.7222
2483.5 78.1667
2484.5 77.5
2485.5 77.6667
2486.5 78.4444
2487.5 78.3333
2488.5 78.4445
2489.5 77.8889
2490.5 77.3333
2491.5 76.1667
2492.5 74.4444
2493.5 73.1667
2494.5 70.1111
2495.5 66.8333
2496.5 68.3333
2497.5 69.3889
2498.5 66.7778
2499.5 63.7223
2500.5 62.7778
2501.5 63.2223
2502.5 62.2223
2503.5 61
2504.5 58.3889
2505.5 55.4445
2506.5 53.7777
2507.5 51.3333
2508.5 47.4445
2509.5 45.0556
2510.5 45.1667
2511.5 45.4445
2512.5 44.8889
2513.5 44.0555
2514.5 42.5555
2515.5 41.1667
2516.5 40.4445
2517.5 44.5
2518.5 50.2778
2519.5 52.2778
2520.5 52.1111
2521.5 52.6111
2522.5 53.3333
2523.5 53.5555
2524.5 53.7777
2525.5 56.2777
2526.5 61
2527.5 63.8889
2528.5 62.0555
2529.5 59.5555
2530.5 60.1111
2531.5 60.1111
2532.5 60.5
2533.5 60.7222
2534.5 60.0555
2535.5 60.6111
2536.5 62.2223
2537.5 63.3333
2538.5 62.9445
2539.5 62.2777
2540.5 62.8333
2541.5 63.6111
2542.5 64.7222
2543.5 66.6111
2544.5 69.6111
2545.5 71.8333
2546.5 71.1111
2547.5 71.1111
2548.5 72.4445
2549.5 72.3333
2550.5 70.7778
2551.5 70.4444
2552.5 70.7777
2553.5 69.8889
2554.5 71.5
2555.5 75.6667
2556.5 76.6667
2557.5 77.2777
2558.5 80.6111
2559.5 80.6111
2560.5 80.1667
2561.5 82.1667
2562.5 82.5
2563.5 81.9445
2564.5 82.5
2565.5 82.4445
2566.5 82.0556
2567.5 81.6667
2568.5 82.0555
2569.5 83
2570.5 82.8333
2571.5 81.6112
2572.5 79
2573.5 78.0556
2574.5 77.0556
2575.5 77
2576.5 75.4444
2577.5 69.7222
2578.5 65.5555
2579.5 63.5555
2580.5 61.9445
2581.5 58.2223
2582.5 56.3333
2583.5 57.0555
2584.5 56.0555
2585.5 55.1111
2586.5 54.4445
2587.5 52.9445
2588.5 51.7222
2589.5 50.6667
2590.5 50.5
2591.5 51.1111
2592.5 51.2777
2593.5 52.4445
2594.5 52.1667
2595.5 51.9445
2596.5 52.0555
2597.5 50.1111
2598.5 49.8333
2599.5 50.3889
2600.5 51.3333
2601.5 48.6111
2602.5 44
2603.5 44.5
2604.5 46.2778
2605.5 47.8889
2606.5 48.8889
2607.5 49.6111
2608.5 49.8889
2609.5 49.3333
2610.5 50.1111
2611.5 51.1111
2612.5 52.7223
2613.5 54.1667
2614.5 54.6111
2615.5 54.3889
2616.5 55.6667
2617.5 58.6667
2618.5 62.5
2619.5 64.8333
2620.5 64.5556
2621.5 64.9444
2622.5 65.5556
2623.5 66.1112
2624.5 66.8333
2625.5 67.6111
2626.5 68.5555
2627.5 70.5
2628.5 61.9445
2629.5 60.5
2630.5 64.5
2631.5 56
2632.5 61.9445
2633.5 66.7778
2634.5 56.2223
2635.5 49.3889
2636.5 56.8333
2637.5 70.8889
2638.5 72.3333
2639.5 71.1111
2640.5 73.0555
2641.5 77.2777
2642.5 80.4445
2643.5 78.7223
2644.5 76.5
2645.5 75.5556
2646.5 77
2647.5 78.4444
2648.5 80.2223
2649.5 78.5
2650.5 77.0555
2651.5 77.4444
2652.5 76.7777
2653.5 75.5556
2654.5 74.3889
2655.5 73.5555
2656.5 72.4445
2657.5 69.3333
2658.5 66.1667
2659.5 64.7223
2660.5 64.2778
2661.5 65.7778
2662.5 66.1667
2663.5 65.8333
2664.5 64.5
2665.5 64
2666.5 63.9445
2667.5 62.8889
2668.5 62.6111
2669.5 60.8333
2670.5 58.8333
2671.5 58.2777
2672.5 57.6667
2673.5 55.1667
2674.5 51.5
2675.5 48.5
2676.5 46.2777
2677.5 45
2678.5 44.8889
2679.5 46.2778
2680.5 48.3889
2681.5 48.4445
2682.5 48.8889
2683.5 48.2222
2684.5 47.7777
2685.5 48.5555
2686.5 47
2687.5 45.1667
2688.5 44.4445
2689.5 48.4445
2690.5 55.1667
2691.5 55.1667
2692.5 48.3333
2693.5 44.4445
2694.5 44.6111
2695.5 43.7223
2696.5 43.5555
2697.5 45.2777
2698.5 47.3333
2699.5 54.1667
2700.5 56.5555
2701.5 54.1111
2702.5 54.5555
2703.5 52.1667
2704.5 52.2222
2705.5 55
2706.5 56.1111
2707.5 55.2777
2708.5 54.5
2709.5 54.5
2710.5 56.5555
2711.5 59.0555
2712.5 61.7222
2713.5 65.5555
2714.5 68
2715.5 68.3333
2716.5 67.9444
2717.5 69.2222
2718.5 70.1667
2719.5 70
2720.5 68.7778
2721.5 68.1111
2722.5 68.8888
2723.5 69.4444
2724.5 69.4444
2725.5 68.5
2726.5 66.6112
2727.5 66.7223
2728.5 67.7778
2729.5 69.0555
2730.5 71.3333
2731.5 72.6667
2732.5 72.9445
2733.5 73.4445
2734.5 75.2778
2735.5 75.8889
2736.5 75.8333
2737.5 77.0556
2738.5 77.7778
2739.5 76.3889
2740.5 75.8889
2741.5 76.6667
2742.5 76.7222
2743.5 77.4445
2744.5 77.2223
2745.5 76.5
2746.5 76.1667
2747.5 75.8333
2748.5 76
2749.5 75.7222
2750.5 75.4445
2751.5 74.5556
2752.5 75.5556
2753.5 75.5556
2754.5 74.2222
2755.5 74.5
2756.5 74.7778
2757.5 74.8889
2758.5 73.5556
2759.5 73.0556
2760.5 73.0556
2761.5 72.6667
2762.5 71.0556
2763.5 69.8333
2764.5 69.4445
2765.5 69.3333
2766.5 69.2223
2767.5 69.3889
2768.5 69.1667
2769.5 67.7222
2770.5 67.1111
2771.5 66.8333
2772.5 66.8333
2773.5 65.2778
2774.5 62.7223
2775.5 62.2778
2776.5 60.7223
2777.5 57
2778.5 53.5555
2779.5 51.6111
2780.5 52.3889
2781.5 53.0555
2782.5 51.5
2783.5 50.6111
2784.5 50.8889
2785.5 49
2786.5 44.3889
2787.5 41.7778
2788.5 43
2789.5 42.1667
2790.5 41.0555
2791.5 43.0555
2792.5 45.0555
2793.5 45.7778
2794.5 44.4445
2795.5 43.3889
2796.5 43.5
2797.5 44.7777
2798.5 45.8333
2799.5 45.8889
2800.5 44.7222
2801.5 43
2802.5 41.3333
2803.5 40.9445
2804.5 41.3889
2805.5 41.5
2806.5 42.5
2807.5 42.8889
2808.5 42.6111
2809.5 43.2222
2810.5 44.3333
2811.5 46.3333
2812.5 47.1111
2813.5 46.6667
2814.5 47.6667
2815.5 48.9445
2816.5 51.7223
2817.5 52.3889
2818.5 51.2222
2819.5 53.5555
2820.5 55.8333
2821.5 55.6111
2822.5 56.4444
2823.5 57.2777
2824.5 57.7222
2825.5 57.9445
2826.5 58.3333
2827.5 61.2777
2828.5 61.5
2829.5 58.8333
2830.5 58.5555
2831.5 59.8333
2832.5 61
2833.5 61.5555
2834.5 64
2835.5 67.7777
2836.5 67.7222
2837.5 66.5
2838.5 68.4445
2839.5 69.6667
2840.5 69.6111
2841.5 69.1111
2842.5 69.1111
2843.5 69.8889
2844.5 69.0556
2845.5 68.3889
2846.5 68.5
2847.5 69.6667
2848.5 72.4445
2849.5 74.5
2850.5 74
2851.5 73.0555
2852.5 73.5555
2853.5 75.7778
2854.5 76.5556
2855.5 76.4444
2856.5 76.0555
2857.5 74.2778
2858.5 71.6667
2859.5 71.9444
2860.5 73.2222
2861.5 71.4444
2862.5 69.6111
2863.5 71.6111
2864.5 75
2865.5 76.2777
2866.5 77.8888
2867.5 78.4444
2868.5 78.2222
2869.5 77.3889
2870.5 77.6667
2871.5 79.3333
2872.5 80.2777
2873.5 80.5556
2874.5 82
2875.5 82.6667
2876.5 82.2778
2877.5 82.7223
2878.5 84.2778
2879.5 84
2880.5 80.2222
2881.5 78.2777
2882.5 77.7777
2883.5 76
2884.5 72.2778
2885.5 69.8333
2886.5 70.5
2887.5 71.2778
2888.5 71.8333
2889.5 70.3889
2890.5 69.8889
2891.5 70.3889
2892.5 70
2893.5 70.0555
2894.5 70.7223
2895.5 71.0556
2896.5 70.3888
2897.5 70
2898.5 69.7778
2899.5 69.2778
2900.5 69.9445
2901.5 71.6667
2902.5 71.1111
2903.5 70.1111
2904.5 68
2905.5 67
2906.5 65.8889
2907.5 64.5
2908.5 65.3333
2909.5 64.2777
2910.5 65.4445
2911.5 66.1112
2912.5 65.6667
2913.5 65.8333
2914.5 64.1667
2915.5 62
2916.5 61.3889
2917.5 59.2777
2918.5 57.0555
2919.5 56.9445
2920.5 56.5
2921.5 54.8889
2922.5 53.7223
2923.5 54.9445
2924.5 55.4445
2925.5 54.4445
2926.5 54.2777
2927.5 55.7222
2928.5 54.8889
2929.5 55.9445
2930.5 56.7222
2931.5 57.3889
2932.5 59.8889
2933.5 61.1667
2934.5 61.8333
2935.5 62.7777
2936.5 64.5555
2937.5 64.5
2938.5 63.0555
2939.5 60.0555
2940.5 57.2778
2941.5 53.6667
2942.5 50.7778
2943.5 51.4445
2944.5 51.1111
2945.5 49.8333
2946.5 50.3333
2947.5 50.7777
2948.5 49.9444
2949.5 50.2777
2950.5 47.2777
2951.5 45.2777
2952.5 47.1111
2953.5 48.1111
2954.5 48.8889
2955.5 48.1111
2956.5 46.6667
2957.5 46
2958.5 47.6111
2959.5 49.1667
2960.5 48.8333
2961.5 46.8889
2962.5 45.6111
2963.5 47.3333
2964.5 49.1667
2965.5 48.7777
2966.5 47.8333
2967.5 47.3333
2968.5 47.8333
2969.5 48.1111
2970.5 49.1111
2971.5 50.9445
2972.5 49.5555
2973.5 48.8889
2974.5 50.1111
2975.5 52.2777
2976.5 54
2977.5 53.8889
2978.5 52.7777
2979.5 51.7222
2980.5 49.3889
2981.5 48.8889
2982.5 50.6111
2983.5 50.1667
2984.5 49.7222
2985.5 51.1111
2986.5 54.1667
2987.5 55.2222
2988.5 53.7778
2989.5 52.8889
2990.5 56.1111
2991.5 59.0555
2992.5 59.1111
2993.5 59.7777
2994.5 61.1111
2995.5 61.4445
2996.5 62.3333
2997.5 63.6667
2998.5 64.0555
2999.5 64.9444
3000.5 65.5556
3001.5 64.7778
3002.5 62.9445
3003.5 62.1667
3004.5 63.3888
3005.5 63.9444
3006.5 64.2778
3007.5 65.8333
3008.5 66.8889
3009.5 66.5
3010.5 67.0556
3011.5 69.3333
3012.5 69.6667
3013.5 70.1667
3014.5 72.1111
3015.5 72.1667
3016.5 74.3889
3017.5 75.8333
3018.5 74.7777
3019.5 74.7777
3020.5 74.1667
3021.5 73.3889
3022.5 73.1111
3023.5 73.2222
3024.5 74.6111
3025.5 75.5555
3026.5 75.5555
3027.5 75.5555
3028.5 74.7222
3029.5 74.6667
3030.5 75.0556
3031.5 75.3333
3032.5 74.3888
3033.5 73.2777
3034.5 73.6667
3035.5 74.6111
3036.5 75.2777
3037.5 75.5556
3038.5 76.2223
3039.5 76.5555
3040.5 75.1667
3041.5 74.5555
3042.5 75.2777
3043.5 76.1111
3044.5 77.2778
3045.5 77.6667
3046.5 77.8889
3047.5 77.3889
3048.5 75.7223
3049.5 75.6111
3050.5 74.6667
3051.5 74.8889
3052.5 76.1667
3053.5 76.5
3054.5 75.8333
3055.5 73.7777
3056.5 74.2777
3057.5 74.7777
3058.5 75.7222
3059.5 76.5555
3060.5 76.2222
3061.5 76.3333
3062.5 74.8889
3063.5 76.1667
3064.5 78.2223
3065.5 76.3889
3066.5 75.2222
3067.5 76.1667
3068.5 77.4445
3069.5 78.3889
3070.5 77.2223
3071.5 76.6667
3072.5 77.5555
3073.5 78
3074.5 76.3333
3075.5 75.5
3076.5 76.9445
3077.5 77.2223
3078.5 76.4444
3079.5 76.0555
3080.5 78.7778
3081.5 81.6111
3082.5 81.5556
3083.5 80.9445
3084.5 79.7222
3085.5 77.8889
3086.5 78.1667
3087.5 77.9444
3088.5 76.7777
3089.5 76.3333
3090.5 75.9445
3091.5 74.7778
3092.5 73.1111
3093.5 71.3333
3094.5 71.7222
3095.5 74.4444
3096.5 75.5
3097.5 74.2222
3098.5 74.5
3099.5 74.5555
3100.5 72.7222
3101.5 70.7777
3102.5 70.9444
3103.5 71.5556
3104.5 70.8889
3105.5 70
3106.5 68
3107.5 68.3889
3108.5 69
3109.5 66.1111
3110.5 65.2223
3111.5 67.4444
3112.5 66.7777
3113.5 67.3333
3114.5 69.8333
3115.5 69.1667
3116.5 67.7777
3117.5 67.2777
3118.5 67.6667
3119.5 67.2777
3120.5 66.5555
3121.5 67.8889
3122.5 69.4445
3123.5 69.7223
3124.5 69.2223
3125.5 74.8333
3126.5 81.1667
3127.5 81.7223
3128.5 80.9445
3129.5 79.1667
3130.5 78.2222
3131.5 78.1111
3132.5 77.8889
3133.5 76.5556
3134.5 77
3135.5 77.5
3136.5 76.5556
3137.5 76.8333
3138.5 77.9445
3139.5 78.6111
3140.5 76.2777
3141.5 72.1111
3142.5 68.5
3143.5 68.0555
3144.5 68.7777
3145.5 69
3146.5 71.1667
3147.5 71.5555
3148.5 70.6111
3149.5 71
3150.5 70.7777
3151.5 69.9444
3152.5 68.7777
3153.5 66.2222
3154.5 64.5555
3155.5 62.8333
3156.5 60.6667
3157.5 60.1667
3158.5 58.7223
3159.5 57.8333
3160.5 60
3161.5 60.7778
3162.5 60.5555
3163.5 61.4444
3164.5 59.5555
3165.5 58.3889
3166.5 59
3167.5 57.9445
3168.5 58.3889
3169.5 60.8333
3170.5 62
3171.5 63
3172.5 63.5
3173.5 63
3174.5 62.2223
3175.5 61.8889
3176.5 61.8333
3177.5 61.7222
3178.5 59.4445
3179.5 57.1667
3180.5 58.6667
3181.5 57.0555
3182.5 55
3183.5 56.2778
3184.5 57.0555
3185.5 58.5555
3186.5 59.7778
3187.5 59.8333
3188.5 59.8889
3189.5 59.3333
3190.5 57.7223
3191.5 55.8333
3192.5 55.0555
3193.5 55.7777
3194.5 57.5
3195.5 58
3196.5 58.5555
3197.5 58.8889
3198.5 59.1667
3199.5 58.1111
3200.5 56.9445
3201.5 58.3889
3202.5 59.4445
3203.5 58.9445
3204.5 58.8889
3205.5 59
3206.5 60.7777
3207.5 61.9444
3208.5 59.3333
3209.5 55.4445
3210.5 52.5
3211.5 52.3889
3212.5 51.4444
3213.5 50.5
3214.5 51.3333
3215.5 51.0555
3216.5 50.6667
3217.5 50
3218.5 49.5555
3219.5 48.8333
3220.5 46.3889
3221.5 47.9445
3222.5 48.3889
3223.5 48
3224.5 50.3889
3225.5 49.1667
3226.5 48.6667
3227.5 48.8333
3228.5 48.7777
3229.5 49.7777
3230.5 49.6111
3231.5 49.0555
3232.5 48.3889
3233.5 49
3234.5 48.5556
3235.5 47.8889
3236.5 47.3889
3237.5 47
3238.5 48.2222
3239.5 49.6111
3240.5 49.1667
3241.5 48.2777
3242.5 49.8889
3243.5 51.3333
3244.5 51.5
3245.5 50.8889
3246.5 52.0555
3247.5 53.3889
3248.5 51.8889
3249.5 51.5
3250.5 51.2222
3251.5 51.0555
3252.5 50.6667
3253.5 51.2778
3254.5 53.5555
3255.5 54.7777
3256.5 55.7222
3257.5 55.2222
3258.5 54.0555
3259.5 54.3889
3260.5 54.8889
3261.5 55
3262.5 55.3889
3263.5 54.6667
3264.5 51.2778
3265.5 48.1667
3266.5 48.7223
3267.5 49.4445
3268.5 48.8889
3269.5 49.1667
3270.5 49.2778
3271.5 49.1667
3272.5 48.8333
3273.5 48.0555
3274.5 47.8889
3275.5 48.3333
3276.5 48.2778
3277.5 48.4445
3278.5 48.3333
3279.5 48.9445
3280.5 49.5555
3281.5 48.0555
3282.5 48.2222
3283.5 49.4445
3284.5 49.7223
3285.5 50.2778
3286.5 50.2778
3287.5 50.1667
3288.5 50.4445
3289.5 50.5555
3290.5 50.8889
3291.5 51.8333
3292.5 53.3333
3293.5 52.8889
3294.5 50.7223
3295.5 50.3889
3296.5 50.3889
3297.5 50.1667
3298.5 49.9445
3299.5 49
3300.5 49.2778
3301.5 48.2223
3302.5 46.6667
3303.5 47.7778
3304.5 50.5
3305.5 50.6667
3306.5 50.0555
3307.5 51.0555
3308.5 51.7777
3309.5 52.3333
3310.5 53.3889
3311.5 53.5
3312.5 51.5
3313.5 50.5
3314.5 51.6111
3315.5 53.3889
3316.5 55
3317.5 55.1667
3318.5 54.3889
3319.5 54.2777
3320.5 53.3889
3321.5 52.1667
3322.5 52.5
3323.5 52.8333
3324.5 51.3889
3325.5 51.6111
3326.5 52.3333
3327.5 52.0555
3328.5 52.4445
3329.5 52.9445
3330.5 53.1667
3331.5 53.2778
3332.5 52.3889
3333.5 51.5
3334.5 51.9445
3335.5 51.2777
3336.5 51.6667
3337.5 52.8889
3338.5 51.4445
3339.5 51.3333
3340.5 52.6111
3341.5 51.8889
3342.5 52.1667
3343.5 51.1667
3344.5 49.0555
3345.5 48.7778
3346.5 48.8333
3347.5 50.1667
3348.5 50.0555
3349.5 48.8333
3350.5 49.5
3351.5 49.7222
3352.5 49
3353.5 47.7223
3354.5 46.2778
3355.5 46.8889
3356.5 47.6667
3357.5 47.6111
3358.5 47.3889
3359.5 47.6667
3360.5 48
3361.5 48.7223
3362.5 48.8889
3363.5 47
3364.5 46.0555
3365.5 46.9445
3366.5 47.2223
3367.5 46.8333
3368.5 47.1667
3369.5 48.5555
3370.5 48.7778
3371.5 48.0555
3372.5 48.6667
3373.5 48.8889
3374.5 48.2223
3375.5 47.3333
3376.5 46.5555
3377.5 47.1667
3378.5 48.3889
3379.5 47.6111
3380.5 47.6111
3381.5 48.3889
3382.5 47.9445
3383.5 48
3384.5 48.8333
3385.5 48.7222
3386.5 48.6667
3387.5 48.8333
3388.5 49.1111
3389.5 48.6111
3390.5 48
3391.5 49.2222
3392.5 49.8333
3393.5 49.7223
3394.5 48.8889
3395.5 49.3333
3396.5 51.3889
3397.5 51
3398.5 50.2223
3399.5 50.3333
3400.5 50.2777
3401.5 50.5
3402.5 52.1667
3403.5 54.2223
3404.5 53.7223
3405.5 52.5
3406.5 51.9445
3407.5 51.3889
3408.5 51.3333
3409.5 50.9445
3410.5 51.1111
3411.5 51.4445
3412.5 50.8333
3413.5 51.0555
3414.5 51.2777
3415.5 50.9445
3416.5 51.6111
3417.5 51.5
3418.5 50.6111
3419.5 50.8333
3420.5 49.7778
3421.5 50.5556
3422.5 53.2223
3423.5 52.3889
3424.5 51.9445
3425.5 53.1667
3426.5 52.5555
3427.5 52.1111
3428.5 50.3333
3429.5 47.7777
3430.5 46.7222
3431.5 44.8889
3432.5 46.8333
3433.5 51.6111
3434.5 54.9445
3435.5 56
3436.5 56.3889
3437.5 58.7777
3438.5 60.1667
3439.5 60.5
3440.5 59.4445
3441.5 57.8333
3442.5 56.5556
3443.5 54.3333
3444.5 53.1667
3445.5 58.0555
3446.5 62.4445
3447.5 62.4445
3448.5 63.8333
3449.5 65.3889
3450.5 66.8333
3451.5 69.2778
3452.5 71.6667
3453.5 74
3454.5 74.3333
3455.5 72.2222
3456.5 71.3333
3457.5 72.3333
3458.5 74.5
3459.5 77
3460.5 78.9444
3461.5 79.7223
3462.5 80.5556
3463.5 80.7222
3464.5 80.2777
3465.5 79.5555
3466.5 80.5555
3467.5 82.3333
3468.5 81.1667
3469.5 80.3889
3470.5 81.6667
3471.5 81.7223
3472.5 82.4445
3473.5 84.1667
3474.5 83.8888
3475.5 83.7777
3476.5 84.5
3477.5 84.7223
3478.5 84.4444
3479.5 84.9444
3480.5 85.5556
3481.5 83.5
3482.5 83.3888
3483.5 85.2222
3484.5 86.0555
3485.5 86
3486.5 85.5
3487.5 85.8889
3488.5 85.7223
3489.5 85.6112
3490.5 86.1112
3491.5 87
3492.5 86.9444
3493.5 87.1112
3494.5 88
3495.5 87.2222
3496.5 85.9444
3497.5 87.2778
3498.5 89.0555
3499.5 86.2222
3500.5 83.0555
3501.5 83.3333
3502.5 82.9445
3503.5 82.6111
3504.5 81.7778
3505.5 79.2223
3506.5 76.6667
3507.5 75
3508.5 77.6112
3509.5 80.3333
3510.5 80.7778
3511.5 81.3333
3512.5 79.6667
3513.5 79.1667
3514.5 79.7222
3515.5 78.6667
3516.5 79.8889
3517.5 78.6111
3518.5 72.9444
3519.5 68.7222
3520.5 66.0555
3521.5 65.1667
3522.5 64.7222
3523.5 65.3333
3524.5 65.4444
3525.5 66.9444
3526.5 68.3888
3527.5 66.7777
3528.5 66.0556
3529.5 65.8333
3530.5 64.9444
3531.5 64.1111
3532.5 63.3889
3533.5 62.4445
3534.5 60.9445
3535.5 60.5555
3536.5 60.0555
3537.5 58.6667
3538.5 60
3539.5 61.9445
3540.5 61.2778
3541.5 61.5
3542.5 64
3543.5 63.9445
3544.5 62.3889
3545.5 61.1111
3546.5 59.8889
3547.5 59.4444
3548.5 59.6111
3549.5 59.0555
3550.5 58.2222
3551.5 59.3889
3552.5 60.8889
3553.5 60.3889
3554.5 59.4445
3555.5 58.6667
3556.5 57.6667
3557.5 56.4445
3558.5 55.6667
3559.5 55.2778
3560.5 53.1667
3561.5 51.5
3562.5 51.9445
3563.5 51.6111
3564.5 51.8889
3565.5 52.7778
3566.5 52.6667
3567.5 52.8889
3568.5 52.7222
3569.5 51.6111
3570.5 49.4445
3571.5 48.7222
3572.5 48.5555
3573.5 46.2778
3574.5 43.7778
3575.5 42.2223
3576.5 41.4445
3577.5 42.7777
3578.5 43.1111
3579.5 42.3333
3580.5 43.8333
3581.5 46.3333
3582.5 47.1111
3583.5 48.3889
3584.5 50.6111
3585.5 49.8889
3586.5 48.7778
3587.5 46.8889
3588.5 45.7777
3589.5 46.5
3590.5 46.1667
3591.5 47.0555
3592.5 47
3593.5 45.6111
3594.5 46
3595.5 50.4445
3596.5 55.3333
3597.5 60.1667
3598.5 61.1667
3599.5 57.9445
3600.5 57.1667
3601.5 55.0556
3602.5 54.7778
3603.5 52.7778
3604.5 49.7778
3605.5 46.7778
3606.5 44.1111
3607.5 46
3608.5 49.0555
3609.5 50.6667
3610.5 49.6667
3611.5 49.8889
3612.5 49.4445
3613.5 49.2223
3614.5 50.2223
3615.5 51.8333
3616.5 52
3617.5 50.4445
3618.5 50.1111
3619.5 49.9445
3620.5 51.2222
3621.5 53.1667
3622.5 54.4445
3623.5 54.2778
3624.5 54.8889
3625.5 55.4445
3626.5 55.3889
3627.5 55.9445
3628.5 57.0555
3629.5 60.2778
3630.5 62.8333
3631.5 63.0555
3632.5 63.8889
3633.5 65.4444
3634.5 66.3333
3635.5 67.3889
3636.5 69.1667
3637.5 69.3889
3638.5 68.8889
3639.5 70.6667
3640.5 72.0556
3641.5 70.5556
3642.5 68.6111
3643.5 67.7778
3644.5 66.5556
3645.5 66.0556
3646.5 66.1112
3647.5 66.3333
3648.5 67.2222
3649.5 68.9444
3650.5 70.9444
3651.5 72.3333
3652.5 74.8889
3653.5 75.2223
3654.5 75.1111
3655.5 76.1667
3656.5 77.8889
3657.5 81.1111
3658.5 80.7222
3659.5 79.7778
3660.5 80.7223
3661.5 81.8889
3662.5 82.5
3663.5 82.1667
3664.5 81.5
3665.5 80.1111
3666.5 80
3667.5 80.4444
3668.5 81.6667
3669.5 83.7222
3670.5 83.6111
3671.5 82.5
3672.5 83.3333
3673.5 82.7222
3674.5 82.0555
3675.5 83.9444
3676.5 83.3333
3677.5 81.8333
3678.5 81.9444
3679.5 81.0555
3680.5 82.0555
3681.5 83.1111
3682.5 81.1667
3683.5 80.3889
3684.5 80.5
3685.5 80.5556
3686.5 81.6667
3687.5 81.9445
3688.5 82
3689.5 80.6667
3690.5 78.1112
3691.5 76.9445
3692.5 75
3693.5 74.7223
3694.5 74.3333
3695.5 72.5
3696.5 72.1111
3697.5 72.3333
3698.5 71.8333
3699.5 72.3333
3700.5 72.6111
3701.5 71.1667
3702.5 68.6667
3703.5 68
3704.5 69.6111
3705.5 69.8889
3706.5 69.9444
3707.5 68.8333
3708.5 66.8333
3709.5 65.0555
3710.5 64.2778
3711.5 63.7223
3712.5 63.7223
3713.5 64.6667
3714.5 65.6111
3715.5 65.0555
3716.5 63.4445
3717.5 63.3333
3718.5 62.7222
3719.5 61.8333
3720.5 59.2223
3721.5 57.4445
3722.5 58.7222
3723.5 60.1111
3724.5 60.2778
3725.5 58
3726.5 54.2222
3727.5 50.6667
3728.5 50
3729.5 51.2778
3730.5 51.3889
3731.5 50.6667
3732.5 49.2777
3733.5 47.2222
3734.5 45.9445
3735.5 48.8889
3736.5 48
3737.5 46.1111
3738.5 48
3739.5 47.6667
3740.5 47.3889
3741.5 47.8333
3742.5 48.8889
3743.5 47.7777
3744.5 46.0555
3745.5 46.6111
3746.5 46.2777
3747.5 44.5
3748.5 46.8333
3749.5 47.2223
3750.5 43.6667
3751.5 42.1111
3752.5 41.9445
3753.5 43.0555
3754.5 45.3889
3755.5 48.3333
3756.5 49.2223
3757.5 48.1111
3758.5 48.0555
3759.5 48.0555
3760.5 48.1667
3761.5 49.8889
3762.5 51.2778
3763.5 52.8889
3764.5 54.6111
3765.5 53.6111
3766.5 53.2777
3767.5 56.2222
3768.5 58.1667
3769.5 59.0555
3770.5 61.3889
3771.5 64.7778
3772.5 68.1667
3773.5 70.6111
3774.5 71.7222
3775.5 73.5555
3776.5 75.6667
3777.5 76.1111
3778.5 77.1667
3779.5 77.1667
3780.5 76.2778
3781.5 77.4444
3782.5 78.8333
3783.5 79.7777
3784.5 78.7777
3785.5 78.6667
3786.5 79.1667
3787.5 78.5
3788.5 79.0556
3789.5 78.2777
3790.5 78.1111
3791.5 78.2222
3792.5 77.2222
3793.5 77.7777
3794.5 79.9444
3795.5 79.8333
3796.5 79.1667
3797.5 79.7777
3798.5 80.6667
3799.5 81.2778
3800.5 80
3801.5 79.7222
3802.5 79.5555
3803.5 78
3804.5 77.3333
3805.5 75.5556
3806.5 73.7777
3807.5 73.6111
3808.5 72.5
3809.5 71.7223
3810.5 70.2778
3811.5 68.7778
3812.5 69.8333
3813.5 70.1667
3814.5 69.1667
3815.5 68
3816.5 67.9445
3817.5 70
3818.5 70.6667
3819.5 68.7777
3820.5 65.5555
3821.5 64.5
3822.5 64.2222
3823.5 62.6111
3824.5 59.1667
3825.5 56.6667
3826.5 55.9445
3827.5 54
3828.5 52.2778
3829.5 50.2223
3830.5 47.5555
3831.5 47
3832.5 48.2223
3833.5 49.9445
3834.5 52.0555
3835.5 53.6667
3836.5 55.7222
3837.5 56.1667
3838.5 55.2222
3839.5 53.9445
3840.5 53
3841.5 53.1667
3842.5 54.1111
3843.5 55.4445
3844.5 54.4445
3845.5 52.4445
3846.5 50.7223
3847.5 49.8333
3848.5 48.8889
3849.5 47.2223
3850.5 46.5
3851.5 47.0555
3852.5 47
3853.5 46.7222
3854.5 47.6111
3855.5 48.2222
3856.5 49.6111
3857.5 53.5
3858.5 56.5555
3859.5 59.3889
3860.5 58.6667
3861.5 55.2222
3862.5 54.1667
3863.5 53.3333
3864.5 55.6667
3865.5 56.7778
3866.5 56.3889
3867.5 58.7777
3868.5 61.2222
3869.5 63.7222
3870.5 66.5
3871.5 68.7778
3872.5 71.2223
3873.5 73
3874.5 75.0556
3875.5 76.3889
3876.5 77.7222
3877.5 79.0555
3878.5 79.3333
3879.5 80.2778
3880.5 79.8889
3881.5 79.1111
3882.5 77.9444
3883.5 78.7778
3884.5 82.2223
3885.5 83.2223
3886.5 82.9444
3887.5 82.8333
3888.5 82.6112
3889.5 82.8889
3890.5 83.6111
3891.5 83.8333
3892.5 86.7778
3893.5 88.3333
3894.5 86.5556
3895.5 87.1111
3896.5 89.1111
3897.5 90.3888
3898.5 88.0555
3899.5 86.5555
3900.5 85.2777
3901.5 85.5
3902.5 86
3903.5 83.9445
3904.5 83.8333
3905.5 84.2778
3906.5 84.9444
3907.5 86.0555
3908.5 86.7223
3909.5 87.0556
3910.5 87.8888
3911.5 87.4444
3912.5 84.9444
3913.5 83.8888
3914.5 85.2777
3915.5 85
3916.5 85.6667
3917.5 83.1667
3918.5 82.0556
3919.5 82.0556
3920.5 78.8333
3921.5 80.8889
3922.5 79.7778
3923.5 75.8333
3924.5 71.2777
3925.5 66.8333
3926.5 66.9445
3927.5 60.4445
3928.5 52
3929.5 54.7223
3930.5 59.8333
3931.5 62.4445
3932.5 61.3889
3933.5 57
3934.5 56.5555
3935.5 57.9445
3936.5 58.1667
3937.5 58.3889
3938.5 57.1667
3939.5 55.9445
3940.5 55.1111
3941.5 53.9445
3942.5 51.1667
3943.5 45.6667
3944.5 43.6667
3945.5 45.3889
3946.5 44.8889
3947.5 43.6667
3948.5 44.8333
3949.5 46.2777
3950.5 46
3951.5 46.4445
3952.5 47
3953.5 48.4445
3954.5 50.1667
3955.5 48.7777
3956.5 47
3957.5 46.9445
3958.5 47.1667
3959.5 47.2222
3960.5 47.0555
3961.5 46.2223
3962.5 46.6667
3963.5 48.8333
3964.5 51.3889
3965.5 54.2778
3966.5 59.0555
3967.5 63
3968.5 63
3969.5 63.3333
3970.5 64.6111
3971.5 66.2223
3972.5 68.7778
3973.5 71.0556
3974.5 72.6667
3975.5 73.2777
3976.5 72.7777
3977.5 70.6111
3978.5 68.9444
3979.5 70.2223
3980.5 70.5
3981.5 70.6111
3982.5 73.5556
3983.5 75.6111
3984.5 77.0555
3985.5 77.3333
3986.5 77.9444
3987.5 78.8888
3988.5 78.7777
3989.5 78.5
3990.5 78.4445
3991.5 79.5
3992.5 79.4445
3993.5 77.9445
3994.5 77.3889
3995.5 78.1667
3996.5 78.2223
3997.5 78.2223
3998.5 79.2778
3999.5 77.7222
4000.5 76.5556
4001.5 77.6667
4002.5 77.2778
4003.5 75.1111
4004.5 72.9444
4005.5 71.9444
4006.5 71.5
4007.5 71.5
4008.5 71.5555
4009.5 71.8889
4010.5 72.8333
4011.5 70.4445
4012.5 67.5556
4013.5 66.6667
4014.5 66.3888
4015.5 65.6667
4016.5 63.9445
4017.5 63.3889
4018.5 62.7223
4019.5 62.6667
4020.5 61.3333
4021.5 60.0555
4022.5 59.5555
4023.5 57.3333
4024.5 56.4445
4025.5 57.2222
4026.5 55.2222
4027.5 53.2222
4028.5 53.3889
4029.5 53.2222
4030.5 53.2222
4031.5 51.6111
4032.5 50.6111
4033.5 51.5555
4034.5 51.6667
4035.5 50.3333
4036.5 48.6667
4037.5 47.6667
4038.5 47.1667
4039.5 47.1667
4040.5 47.2778
4041.5 46.3889
4042.5 46.3889
4043.5 49.5
4044.5 50.2222
4045.5 50.3889
4046.5 52.1111
4047.5 54.1111
4048.5 54.8889
4049.5 54.8333
4050.5 54.7778
4051.5 55.5555
4052.5 55.5555
4053.5 53.7223
4054.5 55.3333
4055.5 58.4445
4056.5 61.5555
4057.5 64.6667
4058.5 66.0555
4059.5 68.3333
4060.5 72.6667
4061.5 76.4444
4062.5 77.4444
4063.5 76.4444
4064.5 74.8889
4065.5 72.7778
4066.5 71.8333
4067.5 70.6111
4068.5 71.7222
4069.5 77.9445
4070.5 81.1667
4071.5 82.2777
4072.5 83.6667
4073.5 83.2777
4074.5 83.1111
4075.5 82.3333
4076.5 81.2223
4077.5 82.7778
4078.5 83
4079.5 80.7222
4080.5 80.2222
4081.5 78.8889
4082.5 78.3889
4083.5 80.3333
4084.5 81.7778
4085.5 81.6111
4086.5 80.8889
4087.5 79.5
4088.5 78.5556
4089.5 77.0556
4090.5 75.3333
4091.5 74.1111
4092.5 70.6667
4093.5 68.0555
4094.5 67.8333
4095.5 65
4096.5 60.7777
4097.5 58
4098.5 55.9445
4099.5 55.7222
4100.5 56.5
4101.5 56.2778
4102.5 53.8889
4103.5 51.8333
4104.5 51.4445
4105.5 50.5555
4106.5 49.1111
4107.5 47.5
4108.5 46.1111
4109.5 46.5555
4110.5 46.8333
4111.5 46.8889
4112.5 48.2778
4113.5 50.1111
4114.5 51.7777
4115.5 52.2777
4116.5 54.6667
4117.5 60
4118.5 61
4119.5 61
4120.5 62.9445
4121.5 64.2222
4122.5 67.6111
4123.5 71.3889
4124.5 73.8889
4125.5 76.7778
4126.5 78.8889
4127.5 79.0555
4128.5 80.6111
4129.5 81.4444
4130.5 80.6667
4131.5 80.2223
4132.5 79.8333
4133.5 79.1667
4134.5 79.8333
4135.5 81
4136.5 80.7778
4137.5 80
4138.5 80.3888
4139.5 80.9444
4140.5 78.4444
4141.5 76.7222
4142.5 75.6667
4143.5 73.5555
4144.5 72.6111
4145.5 70.9444
4146.5 68.1667
4147.5 64.0556
4148.5 62.3333
4149.5 62.5
4150.5 62.3889
4151.5 62.6667
4152.5 60.8889
4153.5 59.8889
4154.5 60.1667
4155.5 59.9445
4156.5 58.6667
4157.5 54.9445
4158.5 52.1667
4159.5 50.7222
4160.5 48.8333
4161.5 48.3333
4162.5 48.1111
4163.5 47.4445
4164.5 46.6111
4165.5 46.0555
4166.5 46.5
4167.5 47.6111
4168.5 47.2777
4169.5 47.4444
4170.5 48.2777
4171.5 50.0555
4172.5 52.5
4173.5 52.7778
4174.5 53.7778
4175.5 56.0555
4176.5 59.1111
4177.5 61.2222
4178.5 63.5555
4179.5 66.3889
4180.5 67
4181.5 66.2222
4182.5 66.5
4183.5 68.6112
4184.5 71.6667
4185.5 74.9445
4186.5 76.8333
4187.5 77.6111
4188.5 77.8889
4189.5 78.5555
4190.5 79.8889
4191.5 79.6667
4192.5 78.1112
4193.5 75.8889
4194.5 74.4445
4195.5 75
4196.5 75
4197.5 74.3889
4198.5 74.4444
4199.5 73.4444
4200.5 71.1111
4201.5 69.2777
4202.5 69.8888
4203.5 70.1111
4204.5 68.6667
4205.5 68.7777
4206.5 68.6667
4207.5 64.7777
4208.5 58.9445
4209.5 55.4445
4210.5 53.1667
4211.5 49.3333
4212.5 44.2223
4213.5 48.4445
4214.5 49.5
4215.5 44
4216.5 44.3889
4217.5 45.7778
4218.5 47.2223
4219.5 45.9445
4220.5 44.0555
4221.5 46.5555
4222.5 51.1111
4223.5 55.0555
4224.5 59.5555
4225.5 65.2223
4226.5 70.6112
4227.5 72.8889
4228.5 71.8333
4229.5 71.7223
4230.5 76.2223
4231.5 79.3333
4232.5 80.1111
4233.5 81.2222
4234.5 81.5555
4235.5 80.9444
4236.5 81.2777
4237.5 81.5
4238.5 81.6112
4239.5 83.2223
4240.5 84.4444
4241.5 84.0555
4242.5 85.2222
4243.5 86.1667
4244.5 85.8333
4245.5 86.8333
4246.5 87.2223
4247.5 86.2223
4248.5 84.6667
4249.5 84.2222
4250.5 83.8333
4251.5 83.5556
4252.5 83.6667
4253.5 83.9445
4254.5 83.1111
4255.5 82.3333
4256.5 80.0556
4257.5 77.7778
4258.5 76.6111
4259.5 75.7222
4260.5 74.8333
4261.5 71.6112
4262.5 68.8889
4263.5 67.5555
4264.5 64.2778
4265.5 64.5
4266.5 66.6111
4267.5 65.0555
4268.5 62.1111
4269.5 58.8889
4270.5 59.1111
4271.5 56.5
4272.5 51.7223
4273.5 51
4274.5 49.1667
4275.5 46.4445
4276.5 45.6667
4277.5 45.7778
4278.5 45.7222
4279.5 47.6667
4280.5 49.2778
4281.5 47.8889
4282.5 46.8889
4283.5 47
4284.5 46.1111
4285.5 45.5
4286.5 47.6667
4287.5 52.7777
4288.5 56.1667
4289.5 54.1111
4290.5 52.5
4291.5 54.5
4292.5 58.8889
4293.5 59.0556
4294.5 56.9445
4295.5 58.8889
4296.5 60.9444
4297.5 63.4444
4298.5 68.5556
4299.5 69.9445
4300.5 69.7222
4301.5 78.0556
4302.5 85.4445
4303.5 86.6111
4304.5 86.7222
4305.5 85.6111
4306.5 86.2222
4307.5 87.5556
4308.5 87.3889
4309.5 85.6667
4310.5 83.5
4311.5 79.8889
4312.5 76.5
4313.5 75.7222
4314.5 74.7777
4315.5 71.7222
4316.5 68.7777
4317.5 67.3889
4318.5 65.3333
4319.5 65.5
4320.5 65.3889
4321.5 64.1667
4322.5 63.9444
4323.5 64.4444
4324.5 64.3889
4325.5 63
4326.5 63
4327.5 63.2222
4328.5 61.1667
4329.5 59
4330.5 56.5
4331.5 55.4445
4332.5 54.4445
4333.5 51.5555
4334.5 48.8889
4335.5 49.8333
4336.5 50.9445
4337.5 49.5555
4338.5 50.1111
4339.5 54.9445
4340.5 60.7778
4341.5 64.5555
4342.5 68.5
4343.5 70.8889
4344.5 72.1111
4345.5 71.8889
4346.5 72.2778
4347.5 73.4445
4348.5 72.7778
4349.5 71.2778
4350.5 71.3333
4351.5 71.5555
4352.5 71.2777
4353.5 71.2222
4354.5 71.3333
4355.5 74.7222
4356.5 79.4445
4357.5 82.7223
4358.5 82.4444
4359.5 79.8333
4360.5 80.5555
4361.5 80.1667
4362.5 77.7223
4363.5 77.5
4364.5 76.7222
4365.5 75.2777
4366.5 75.7777
4367.5 78
4368.5 78.3889
4369.5 75.4444
4370.5 73.7778
4371.5 72.6111
4372.5 71.3333
4373.5 71.6111
4374.5 70.3333
4375.5 67.1112
4376.5 63.7778
4377.5 60.6667
4378.5 59.6111
4379.5 57.3889
4380.5 55.6111
4381.5 55.5555
4382.5 56.5555
4383.5 58.0555
4384.5 57.6111
4385.5 57.1111
4386.5 54.2778
4387.5 51.8333
4388.5 51.6111
4389.5 49.8889
4390.5 48.2777
4391.5 47.5
4392.5 47.2223
4393.5 48.1111
4394.5 48.7223
4395.5 49.6111
4396.5 49.5555
4397.5 51.5555
4398.5 54.0555
4399.5 57.6667
4400.5 64
4401.5 69.2777
4402.5 71.9445
4403.5 72.6112
4404.5 73.9444
4405.5 73.7777
4406.5 66.6667
4407.5 69.1111
4408.5 78.5555
4409.5 75.5
4410.5 76.1111
4411.5 76.0556
4412.5 76.4445
4413.5 75.5555
4414.5 72.8889
4415.5 75.3889
4416.5 77.4444
4417.5 76.0555
4418.5 70.9444
4419.5 71.4444
4420.5 74.1667
4421.5 72.8333
4422.5 67.9445
4423.5 65.6111
4424.5 68.3333
4425.5 70.3889
4426.5 64.8889
4427.5 59.5555
4428.5 56.7222
4429.5 52.7778
4430.5 54.3333
4431.5 61.7777
4432.5 66.8333
4433.5 58.6667
4434.5 52.2777
4435.5 52.5555
4436.5 57.2778
4437.5 59.8889
4438.5 59.0555
4439.5 67.5556
4440.5 73.2223
4441.5 76.7778
4442.5 81.5555
4443.5 82.7222
4444.5 81.9444
4445.5 80.1112
4446.5 80.3333
4447.5 80.9445
4448.5 79.7778
4449.5 82.1112
4450.5 82.2223
4451.5 80.6667
4452.5 81.8888
4453.5 81.4444
4454.5 79.7778
4455.5 81.0555
4456.5 82.6111
4457.5 81
4458.5 78.3889
4459.5 73
4460.5 71.5555
4461.5 74.3889
4462.5 77.1111
4463.5 79.1667
4464.5 78
4465.5 77.2222
4466.5 77.3888
4467.5 75.2222
4468.5 74.1111
4469.5 75.1111
4470.5 74
4471.5 72.5
4472.5 68.8889
4473.5 61.5555
4474.5 54.8333
4475.5 57.4445
4476.5 61
4477.5 54.8333
4478.5 48.1111
4479.5 47.8333
4480.5 48.2778
4481.5 47.3889
4482.5 48.3333
4483.5 48.5555
4484.5 49.7777
4485.5 50.6667
4486.5 47.6667
4487.5 46.7777
4488.5 46.4445
4489.5 46.1111
4490.5 48.6111
4491.5 50.4445
4492.5 51.7777
4493.5 55.4445
4494.5 57.6667
4495.5 56.8333
4496.5 59.3333
4497.5 61
4498.5 61.7222
4499.5 64.6111
4500.5 66.1667
4501.5 70.1667
4502.5 74.5555
4503.5 81.5555
4504.5 88.3889
4505.5 89.0556
4506.5 88.1667
4507.5 85.7778
4508.5 85.2778
4509.5 86.2223
4510.5 85.5556
4511.5 83.1112
4512.5 83.0556
4513.5 83.7222
4514.5 81.7778
4515.5 80.4444
4516.5 79.8333
4517.5 77.7777
4518.5 71.9445
4519.5 68.2223
4520.5 63.0555
4521.5 58
4522.5 57.7778
4523.5 57.1667
4524.5 55.2222
4525.5 49.7222
4526.5 44.8333
4527.5 42.4445
4528.5 46.3889
4529.5 51.7222
4530.5 52.6667
4531.5 53.1667
4532.5 54.8333
4533.5 62
4534.5 65.8333
4535.5 62.9445
4536.5 62.3889
4537.5 64.1111
4538.5 66.5
4539.5 70.8889
4540.5 76.7777
4541.5 84.1667
4542.5 89.6111
4543.5 90.2777
4544.5 89.3889
4545.5 87.1112
4546.5 85.8333
4547.5 85.9445
4548.5 86.7778
4549.5 88.5556
4550.5 86.8888
4551.5 84.3333
4552.5 81.6667
4553.5 79.5
4554.5 78.1111
4555.5 75.5556
4556.5 74.2778
4557.5 70.5
4558.5 66.8888
4559.5 63.2222
4560.5 59.5555
4561.5 59.8333
4562.5 58.9445
4563.5 55.9445
4564.5 53.8889
4565.5 52.1111
4566.5 50.0555
4567.5 50.5
4568.5 50.3889
4569.5 48.2223
4570.5 46.6111
4571.5 46.0555
4572.5 46.8333
4573.5 49.5
4574.5 50.3333
4575.5 50.7778
4576.5 50.5555
4577.5 48.6667
4578.5 47.5
4579.5 46.8333
4580.5 49.2223
4581.5 51.5
4582.5 51.1667
4583.5 53.1111
4584.5 57.8889
4585.5 62.9444
4586.5 66.5
4587.5 67.8889
4588.5 67.5556
4589.5 68.1111
4590.5 70.1667
4591.5 72.5555
4592.5 76.3889
4593.5 78.6667
4594.5 79.3333
4595.5 76.8333
4596.5 76.0555
4597.5 77.1667
4598.5 77.6667
4599.5 80.2778
4600.5 81.8333
4601.5 82.4445
4602.5 78.5555
4603.5 74
4604.5 71.3333
4605.5 65.3333
4606.5 63.8889
4607.5 67.1111
4608.5 66.3888
4609.5 60.4444
4610.5 60.1111
4611.5 62.4445
4612.5 63
4613.5 65.8889
4614.5 66.6111
4615.5 62.1111
4616.5 59.1111
4617.5 59.7222
4618.5 57
4619.5 54.9445
4620.5 52.7222
4621.5 48.8889
4622.5 48
4623.5 47.9445
4624.5 48.0555
4625.5 48.3889
4626.5 47.9445
4627.5 48.7222
4628.5 52.3333
4629.5 56.4445
4630.5 65.2223
4631.5 73.7778
4632.5 73.4444
4633.5 73.9444
4634.5 76.7778
4635.5 75.5555
4636.5 74.5
4637.5 76.6667
4638.5 77
4639.5 76.3888
4640.5 78.4444
4641.5 79.5556
4642.5 79.5
4643.5 79.2222
4644.5 78.8333
4645.5 80.4444
4646.5 80.5
4647.5 79.5556
4648.5 78.2222
4649.5 73
4650.5 66.5555
4651.5 62.3889
4652.5 61.3889
4653.5 60.8333
4654.5 60.4445
4655.5 62.3889
4656.5 66
4657.5 66.7778
4658.5 62.5555
4659.5 59.3333
4660.5 57.3333
4661.5 54.0555
4662.5 47.7222
4663.5 43.5
4664.5 42.8889
4665.5 42.5
4666.5 41.5
4667.5 41.2777
4668.5 42.1667
4669.5 44.1111
4670.5 47.8333
4671.5 52.2777
4672.5 60
4673.5 66
4674.5 67.6111
4675.5 70.5
4676.5 70.2778
4677.5 65.7778
4678.5 62.1111
4679.5 61.6111
4680.5 64
4681.5 70.3889
4682.5 76.5556
4683.5 79.6111
4684.5 82.5555
4685.5 83.7777
4686.5 83.5556
4687.5 83.6111
4688.5 82.6667
4689.5 82.4445
4690.5 82.3333
4691.5 79.9444
4692.5 80.2777
4693.5 79.1111
4694.5 76.3333
4695.5 76.2778
4696.5 74.0556
4697.5 71.1111
4698.5 70.7223
4699.5 66.3333
4700.5 60.6111
4701.5 57.6111
4702.5 56.7222
4703.5 56.3333
4704.5 53.1667
4705.5 47.6667
4706.5 42.1111
4707.5 39.8333
4708.5 40.8889
4709.5 42.9445
4710.5 44.2778
4711.5 43.5
4712.5 42.2777
4713.5 41.6111
4714.5 43.7778
4715.5 47.7223
4716.5 51.1111
4717.5 56.5
4718.5 59.5556
4719.5 61.6111
4720.5 62.5555
4721.5 63.1667
4722.5 67.2223
4723.5 73.8333
4724.5 78.6667
4725.5 79.5
4726.5 83
4727.5 85.2222
4728.5 83.2777
4729.5 83.2777
4730.5 83
4731.5 80.0555
4732.5 78
4733.5 74.6112
4734.5 70.7778
4735.5 68.2778
4736.5 64.6111
4737.5 65.7223
4738.5 70.3889
4739.5 68.7778
4740.5 64.8333
4741.5 62.5
4742.5 61
4743.5 59.6667
4744.5 57.0555
4745.5 52.5
4746.5 46.7222
4747.5 42.9445
4748.5 41.7223
4749.5 42.3889
4750.5 42.3333
4751.5 41.4445
4752.5 42.2777
4753.5 44.9444
4754.5 47.5
4755.5 54.2778
4756.5 64.2778
4757.5 70.7223
4758.5 75.3333
4759.5 75.1111
4760.5 73.5
4761.5 74.4444
4762.5 77.6111
4763.5 78.9445
4764.5 79.7778
4765.5 84.1112
4766.5 85.5556
4767.5 86.7777
4768.5 83.7222
4769.5 78.3333
4770.5 79.7777
4771.5 82.1111
4772.5 80.7778
4773.5 80.5556
4774.5 80.8889
4775.5 78.1667
4776.5 74.7777
4777.5 72.1667
4778.5 68.6667
4779.5 64.2222
4780.5 61.7778
4781.5 63.2223
4782.5 57.7778
4783.5 46.8889
4784.5 42.7222
4785.5 41.8333
4786.5 42.6111
4787.5 43
4788.5 43.8333
4789.5 46.7223
4790.5 45.3889
4791.5 43.4445
4792.5 45.4445
4793.5 49.9445
4794.5 56.3333
4795.5 62.4445
4796.5 68.2777
4797.5 73.0555
4798.5 75.1667
4799.5 76.6667
4800.5 80.6111
4801.5 84
4802.5 83.5556
4803.5 82.6112
4804.5 82.4445
4805.5 82.1667
4806.5 82
4807.5 79.9445
4808.5 77.8889
4809.5 77.6667
4810.5 77.3333
4811.5 74.6667
4812.5 71.1667
4813.5 69.1111
4814.5 68.2777
4815.5 67.2777
4816.5 64.3889
4817.5 59.2223
4818.5 52.5555
4819.5 47.7777
4820.5 47.2777
4821.5 45.8333
4822.5 42.7222
4823.5 41.2777
4824.5 45.5555
4825.5 50.1111
4826.5 56.1667
4827.5 64.0555
4828.5 65.0555
4829.5 69
4830.5 74
4831.5 73.2778
4832.5 76.7778
4833.5 81.3889
4834.5 80.0555
4835.5 81.4444
4836.5 82.9444
4837.5 80.9444
4838.5 79.7223
4839.5 81.2778
4840.5 83.6667
4841.5 83.2777
4842.5 79.9444
4843.5 75.7223
4844.5 73
4845.5 66.6667
4846.5 63.0555
4847.5 64
4848.5 59.9445
4849.5 55.6667
4850.5 52.5555
4851.5 47.8333
4852.5 43.3333
4853.5 41
4854.5 42.8333
4855.5 43.5555
4856.5 40.0555
4857.5 40
4858.5 43.3889
4859.5 45.6667
4860.5 46.0555
4861.5 49.7778
4862.5 56.8889
4863.5 64.5556
4864.5 71.1111
4865.5 74.5
4866.5 75.6667
4867.5 77.3889
4868.5 80.1667
4869.5 80.8889
4870.5 78.2778
4871.5 76.1667
4872.5 77.6111
4873.5 76.8333
4874.5 73.6111
4875.5 71.8333
4876.5 70.8333
4877.5 67.1111
4878.5 63.7223
4879.5 61.0555
4880.5 56.7777
4881.5 55.2222
4882.5 57.7777
4883.5 57.8333
4884.5 55.6667
4885.5 55.6667
4886.5 52.6667
4887.5 50.1111
4888.5 48.8889
4889.5 47.2222
4890.5 48.4445
4891.5 51
4892.5 53.7777
4893.5 59.2777
4894.5 66.5
4895.5 70.7778
4896.5 67.7778
4897.5 60.6667
4898.5 64.6111
4899.5 74.8333
4900.5 80.0556
4901.5 86.3889
4902.5 90.1667
4903.5 89.5
4904.5 89.2222
4905.5 87.8889
4906.5 87.5
4907.5 87.3888
4908.5 86.3333
4909.5 85.4444
4910.5 82.2223
4911.5 79.6111
4912.5 76.8888
4913.5 72.3888
4914.5 69.2777
4915.5 64.4445
4916.5 58.9445
4917.5 56.0555
4918.5 55.1111
4919.5 52.8889
4920.5 50.1667
4921.5 49.5555
4922.5 48.9445
4923.5 49
4924.5 47.7777
4925.5 45.4445
4926.5 45.7223
4927.5 50.6667
4928.5 56
4929.5 59.2222
4930.5 63.2222
4931.5 68.3333
4932.5 70.7777
4933.5 73.1667
4934.5 76.1667
4935.5 78
4936.5 78.2223
4937.5 79.1111
4938.5 82.6667
4939.5 82.1111
4940.5 80.3888
4941.5 84.1667
4942.5 87.6111
4943.5 86.1667
4944.5 80.2778
4945.5 74.7778
4946.5 72.9445
4947.5 75.2223
4948.5 77.1112
4949.5 74.8889
4950.5 71.7777
4951.5 67.5556
4952.5 64.1112
4953.5 60.7778
4954.5 57.1111
4955.5 52.3333
4956.5 50.7222
4957.5 50.1111
4958.5 48.7222
4959.5 48.1667
4960.5 46.7222
4961.5 47.6667
4962.5 48.1111
4963.5 52.0555
4964.5 56.8889
4965.5 58.3889
4966.5 61.5555
4967.5 68.7777
4968.5 75.6111
4969.5 74.5556
4970.5 71.3333
4971.5 70.8333
4972.5 74
4973.5 76.9444
4974.5 76.5
4975.5 77.1667
4976.5 78
4977.5 77.1667
4978.5 76.8333
4979.5 74.3889
4980.5 72
4981.5 71.2222
4982.5 69.5555
4983.5 66.5
4984.5 64.0555
4985.5 61.9445
4986.5 59.7222
4987.5 57
4988.5 53.4445
4989.5 49.3333
4990.5 46.4445
4991.5 48.0556
4992.5 46.5
4993.5 45.3889
4994.5 46.8889
4995.5 49.1111
4996.5 52.1111
4997.5 53.3889
4998.5 59
4999.5 66.8889
5000.5 72.4444
5001.5 75.3333
5002.5 78.8889
5003.5 82.6667
5004.5 85.8888
5005.5 84.3888
5006.5 80.7222
5007.5 79.8889
5008.5 79.5
5009.5 78.9445
5010.5 77.5
5011.5 74.6111
5012.5 70.2223
5013.5 66.6112
5014.5 65.3889
5015.5 63.2777
5016.5 59.5
5017.5 56.3889
5018.5 51.3333
5019.5 47.8333
5020.5 47.0555
5021.5 45.5
5022.5 44.5555
5023.5 44.2222
5024.5 42.1667
5025.5 41.2223
5026.5 44.2778
5027.5 48.5555
5028.5 52.3333
5029.5 56.5556
5030.5 63.5
5031.5 67.7777
5032.5 68.9444
5033.5 70.5
5034.5 72.7777
5035.5 76.1667
5036.5 75.8889
5037.5 76.4444
5038.5 79.3889
5039.5 80.5
5040.5 80.4444
5041.5 81.7223
5042.5 86.0556
5043.5 89.2222
5044.5 88.6667
5045.5 85.6111
5046.5 81.6667
5047.5 74.2222
5048.5 67.0556
5049.5 62
5050.5 56.9445
5051.5 55.3333
5052.5 52
5053.5 47.5555
5054.5 44.1667
5055.5 42
5056.5 42.2223
5057.5 43.5555
5058.5 47.0555
5059.5 51.8889
5060.5 55.4445
5061.5 58.7778
5062.5 59.6667
5063.5 57.1111
5064.5 55.3333
5065.5 59.2222
5066.5 65.0555
5067.5 70.8333
5068.5 75.5
5069.5 78.9444
5070.5 81
5071.5 80.4445
5072.5 79.6667
5073.5 78
5074.5 74.1111
5075.5 70.0556
5076.5 69.3889
5077.5 66.8889
5078.5 62.2777
5079.5 58.2222
5080.5 55.6667
5081.5 52.9445
5082.5 51.8889
5083.5 51.1111
5084.5 47.7777
5085.5 45.5
5086.5 43.6667
5087.5 43.8889
5088.5 45.3889
5089.5 49.6111
5090.5 54.4444
5091.5 58.5555
5092.5 62.5
5093.5 65.3889
5094.5 66.5556
5095.5 68.5
5096.5 71.1667
5097.5 69.6111
5098.5 70.2222
5099.5 75.3333
5100.5 77.8333
5101.5 78.8889
5102.5 81.1112
5103.5 81.9445
5104.5 82.1667
5105.5 81.5
5106.5 79.3889
5107.5 77.2223
5108.5 72.3333
5109.5 66.3333
5110.5 63.9445
5111.5 60.3333
5112.5 55.1667
5113.5 51.7778
5114.5 50
5115.5 47.6667
5116.5 46.6111
5117.5 46.4445
5118.5 44.5
5119.5 43.2222
5120.5 46.5
5121.5 50.8889
5122.5 53.1667
5123.5 57.7223
5124.5 64.2778
5125.5 67.6667
5126.5 65.5556
5127.5 64.1667
5128.5 69.5
5129.5 74.8889
5130.5 76.7778
5131.5 79.7223
5132.5 81.2223
5133.5 81.9445
5134.5 83.2778
5135.5 82.1112
5136.5 79.1667
5137.5 78.0556
5138.5 78.0556
5139.5 75.3889
5140.5 72.7777
5141.5 71.8888
5142.5 70.4444
5143.5 65.9445
5144.5 60.5555
5145.5 55.8889
5146.5 51.5
5147.5 49.3333
5148.5 47.3333
5149.5 44.4445
5150.5 42.6111
5151.5 42.7777
5152.5 45.5
5153.5 50.1667
5154.5 55.2223
5155.5 60.9445
5156.5 65.4445
5157.5 68.1667
5158.5 70.5
5159.5 72.5
5160.5 75.1667
5161.5 78.0556
5162.5 79.2777
5163.5 78.7222
5164.5 77.7777
5165.5 76.1667
5166.5 73.9445
5167.5 70.1111
5168.5 66.4445
5169.5 63.7778
5170.5 59.1111
5171.5 54.2222
5172.5 49.6667
5173.5 46.0555
5174.5 45.3333
5175.5 45.6111
5176.5 44.7777
5177.5 42.7222
5178.5 43.5555
5179.5 45.8333
5180.5 46.7778
5181.5 49.7223
5182.5 56.9445
5183.5 62.3333
5184.5 65.5556
5185.5 72.5
5186.5 77.7777
5187.5 79.3333
5188.5 79.3333
5189.5 78.9444
5190.5 79
5191.5 78.8333
5192.5 77.8333
5193.5 76.1111
5194.5 75.1111
5195.5 74.1667
5196.5 72.3333
5197.5 67.4445
5198.5 63
5199.5 59.5
5200.5 55.8333
5201.5 55.0555
5202.5 53.9445
5203.5 51.8333
5204.5 48.5
5205.5 44.9444
5206.5 43.2777
5207.5 43.8889
5208.5 44.3333
5209.5 45.5
5210.5 48.3889
5211.5 51.8333
5212.5 57
5213.5 63.3889
5214.5 68.3333
5215.5 74.1111
5216.5 81.0556
5217.5 84.3889
5218.5 86
5219.5 86.6111
5220.5 86.6667
5221.5 81.3333
5222.5 75.9444
5223.5 75.1111
5224.5 73.4444
5225.5 71.2777
5226.5 66.8333
5227.5 62.7777
5228.5 60.5
5229.5 55.8889
5230.5 51.5555
5231.5 48.8889
5232.5 43.7223
5233.5 42
5234.5 42.0555
5235.5 41.8333
5236.5 41.6111
5237.5 41.4445
5238.5 41.1111
5239.5 40.2778
5240.5 42.2223
5241.5 48
5242.5 54.0555
5243.5 57.7223
5244.5 62.9444
5245.5 65.9444
5246.5 66.1667
5247.5 69.3333
5248.5 72.7777
5249.5 73.5
5250.5 73.3889
5251.5 74.3333
5252.5 74.7777
5253.5 74.3889
5254.5 75.6667
5255.5 76.3333
5256.5 78.2778
5257.5 80.2778
5258.5 78.6111
5259.5 74.0556
5260.5 71.7223
5261.5 69.1112
5262.5 66.2223
5263.5 64.1667
5264.5 60.1111
5265.5 58.8889
5266.5 56
5267.5 51.4445
5268.5 46.5555
5269.5 43.6111
5270.5 44.2777
5271.5 42.6667
5272.5 40.8889
5273.5 46.6667
5274.5 48.8889
5275.5 46.7777
5276.5 48.5555
5277.5 52.8333
5278.5 57.3889
5279.5 60.5
5280.5 65.0555
5281.5 72.5555
5282.5 79.6111
5283.5 84.6667
5284.5 86.1111
5285.5 83.6111
5286.5 82.5
5287.5 82
5288.5 81.8889
5289.5 80.2223
5290.5 78.8889
5291.5 76.9445
5292.5 74.5556
5293.5 73.1111
5294.5 70.5
5295.5 67.1111
5296.5 63
5297.5 59.3889
5298.5 55.4445
5299.5 50.9445
5300.5 50.6667
5301.5 49.8333
5302.5 49.6111
5303.5 52.6667
5304.5 56.7222
5305.5 60.5
5306.5 62.2222
5307.5 64.2777
5308.5 64.2777
5309.5 66.6667
5310.5 69.9445
5311.5 71.0555
5312.5 74.6111
5313.5 79.6667
5314.5 82.3889
5315.5 83.5556
5316.5 85.6667
5317.5 85.3333
5318.5 81.8889
5319.5 79.8889
5320.5 79.5556
5321.5 78.1111
5322.5 73
5323.5 67.9445
5324.5 65.8889
5325.5 61.8889
5326.5 57.3889
5327.5 53.0555
5328.5 48.9445
5329.5 48.2778
5330.5 48.1111
5331.5 47.6111
5332.5 50.2778
5333.5 57
5334.5 61.7777
5335.5 61
5336.5 63.7778
5337.5 67.7223
5338.5 70.2778
5339.5 73.9445
5340.5 76.2778
5341.5 78.0556
5342.5 79
5343.5 80.0556
5344.5 80.5
5345.5 80.1667
5346.5 76.3333
5347.5 72.3889
5348.5 71.1667
5349.5 67.0555
5350.5 63.7223
5351.5 64.2223
5352.5 64.7223
5353.5 60.1667
5354.5 54.9445
5355.5 52.9445
5356.5 50.5555
5357.5 48.2777
5358.5 49.3333
5359.5 50.8889
5360.5 49
5361.5 49.0555
5362.5 50.7222
5363.5 51.6111
5364.5 55.0555
5365.5 59.5555
5366.5 61.7222
5367.5 66.5
5368.5 73.6667
5369.5 76.7223
5370.5 78.7223
5371.5 82.7778
5372.5 86.7222
5373.5 87.8888
5374.5 87.8333
5375.5 86.8888
5376.5 84.8888
5377.5 82.0555
5378.5 73.7778
5379.5 66.7223
5380.5 64.4445
5381.5 62.5555
5382.5 58.6667
5383.5 54
5384.5 51.1111
5385.5 47.6667
5386.5 46.1111
5387.5 48.8333
5388.5 47.7777
5389.5 43.5
5390.5 41.8889
5391.5 42.1111
5392.5 45.0555
5393.5 48.5
5394.5 51.5
5395.5 54.9445
5396.5 57.7778
5397.5 60.0555
5398.5 67.1667
5399.5 76.7222
5400.5 81.9444
5401.5 83.8333
5402.5 83.6111
5403.5 83.9445
5404.5 84.6667
5405.5 83.4444
5406.5 80.9444
5407.5 77.8888
5408.5 76.3333
5409.5 67.5
5410.5 59
5411.5 57.7222
5412.5 54.3333
5413.5 50.1111
5414.5 46.7223
5415.5 43.6667
5416.5 42.1111
5417.5 42.4445
5418.5 43
5419.5 43.4445
5420.5 47
5421.5 51.2778
5422.5 50.2778
5423.5 57.1667
5424.5 68.7777
5425.5 72.3889
5426.5 72.3889
5427.5 73.3889
5428.5 74.7778
5429.5 76.1111
5430.5 77.2222
5431.5 82.1111
5432.5 86.5
5433.5 84
5434.5 80.7777
5435.5 74
5436.5 62.8333
5437.5 57.3889
5438.5 57.4445
5439.5 55.6111
5440.5 53.3889
5441.5 51.7223
5442.5 48.7778
5443.5 44.5555
5444.5 43.1667
5445.5 44.0555
5446.5 46.2222
5447.5 48.2222
5448.5 52.3333
5449.5 57.7223
5450.5 60.4445
5451.5 64
5452.5 67.8889
5453.5 77.5556
5454.5 85.8889
5455.5 86.8889
5456.5 87.4445
5457.5 86.3889
5458.5 81.5555
5459.5 81.2778
5460.5 85.1667
5461.5 84.1111
5462.5 82.1667
5463.5 73.8889
5464.5 59.7778
5465.5 56.8333
5466.5 55.3889
5467.5 48.5555
5468.5 46.2777
5469.5 45.2222
5470.5 44.6667
5471.5 46.6111
5472.5 54.7222
5473.5 61.1667
5474.5 66.0555
5475.5 74.5
5476.5 76.8333
5477.5 75.8333
5478.5 77.4445
5479.5 78.5
5480.5 77.5555
5481.5 75.7222
5482.5 74.6667
5483.5 73.1667
5484.5 69.3333
5485.5 64.7222
5486.5 61.7777
5487.5 58.8333
5488.5 55.8889
5489.5 55
5490.5 52.8333
5491.5 50
5492.5 48.7223
5493.5 47.6667
5494.5 48.2778
5495.5 50.5555
5496.5 51.5
5497.5 54.6111
5498.5 59.8889
5499.5 64.5555
5500.5 68.6111
5501.5 74.7777
5502.5 81.0555
5503.5 82.0555
5504.5 79.8889
5505.5 77.8889
5506.5 73.7222
5507.5 69.8888
5508.5 68.2222
5509.5 64.7222
5510.5 60
5511.5 56
5512.5 53.6667
5513.5 53.2223
5514.5 52.9445
5515.5 51.7777
5516.5 50.0555
5517.5 52.6111
5518.5 56.8889
5519.5 57.9444
5520.5 66.2222
5521.5 75.3333
5522.5 76.3333
5523.5 73.4445
5524.5 74.6667
5525.5 78.6111
5526.5 79.9444
5527.5 78.1111
5528.5 74.8889
5529.5 73.5
5530.5 68.3888
5531.5 62.6667
5532.5 58.5
5533.5 52
5534.5 47.6111
5535.5 46.2222
5536.5 44.5
5537.5 47.1667
5538.5 50.4444
5539.5 50.9444
5540.5 50.7777
5541.5 55.2777
5542.5 61.2222
5543.5 64.7222
5544.5 69.6111
5545.5 73.0555
5546.5 75.4444
5547.5 78.0556
5548.5 78.3889
5549.5 77.2222
5550.5 74.7777
5551.5 68.5555
5552.5 63.3889
5553.5 61.8889
5554.5 59.2778
5555.5 53.5555
5556.5 50.3889
5557.5 47.1111
5558.5 44.5
5559.5 44.6667
5560.5 44.6111
5561.5 44.8333
5562.5 47.9445
5563.5 52.3889
5564.5 54.8333
5565.5 60.4445
5566.5 65
5567.5 68.5
5568.5 71.8889
5569.5 72.7222
5570.5 74.7222
5571.5 76.4444
5572.5 77.1667
5573.5 77.1667
5574.5 75.8889
5575.5 75.2222
5576.5 74.4444
5577.5 73.6667
5578.5 72.8333
5579.5 69.9444
5580.5 65.5555
5581.5 60.5555
5582.5 56.5555
5583.5 51.7222
5584.5 48.6667
5585.5 47.7223
5586.5 44.8333
5587.5 43
5588.5 45.3889
5589.5 48.3333
5590.5 49.3333
5591.5 54.7778
5592.5 58.8889
5593.5 60.6111
5594.5 66.0555
5595.5 70.7778
5596.5 73.8333
5597.5 75.5555
5598.5 77.0555
5599.5 79.0555
5600.5 79.8889
5601.5 78.4444
5602.5 77.6667
5603.5 76.9445
5604.5 72.8889
5605.5 70
5606.5 69
5607.5 65.6667
5608.5 60.7222
5609.5 57.2222
5610.5 55.0555
5611.5 51.3333
5612.5 48.2778
5613.5 46.4445
5614.5 45.6111
5615.5 47.0555
5616.5 49.0555
5617.5 50.6667
5618.5 54.3333
5619.5 60.7222
5620.5 65.5555
5621.5 69.2777
5622.5 73.5556
5623.5 76.7223
5624.5 78
5625.5 78.5556
5626.5 78.1111
5627.5 75.9444
5628.5 73.9444
5629.5 71.6667
5630.5 69.2778
5631.5 67.7223
5632.5 64.2223
5633.5 61.3333
5634.5 60.5
5635.5 57.1667
5636.5 54.6111
5637.5 51.1667
5638.5 47.3889
5639.5 47.5555
5640.5 48
5641.5 48.3333
5642.5 48.9445
5643.5 54.2222
5644.5 60.4445
5645.5 64.8889
5646.5 69.8889
5647.5 72.1667
5648.5 74.8333
5649.5 77.5555
5650.5 78.4445
5651.5 79.0556
5652.5 78.7777
5653.5 77.7777
5654.5 75
5655.5 72
5656.5 68
5657.5 64.0555
5658.5 59.8889
5659.5 55.5
5660.5 52.7778
5661.5 48.8333
5662.5 45.5
5663.5 46.5
5664.5 49
5665.5 51.1111
5666.5 58.4445
5667.5 65.0555
5668.5 66.7777
5669.5 70.5556
5670.5 75.7223
5671.5 77.3889
5672.5 78.8889
5673.5 79.6111
5674.5 78.1667
5675.5 77.5556
5676.5 75.2777
5677.5 72.3333
5678.5 70.4444
5679.5 67.2778
5680.5 63
5681.5 60.1667
5682.5 56.7222
5683.5 52.7222
5684.5 49.8889
5685.5 47.4444
5686.5 46.6111
5687.5 48.1667
5688.5 49.1667
5689.5 50.5555
5690.5 56.1667
5691.5 61.6111
5692.5 64.2222
5693.5 67.2222
5694.5 70.6111
5695.5 71.8889
5696.5 73.1111
5697.5 77.8333
5698.5 81.8333
5699.5 81.9444
5700.5 78.3888
5701.5 75.1111
5702.5 72.6111
5703.5 67.8333
5704.5 63.6111
5705.5 60.8333
5706.5 56.8889
5707.5 50.9445
5708.5 46.3889
5709.5 45.0555
5710.5 45.8889
5711.5 47.1667
5712.5 49.2778
5713.5 54.5
5714.5 58.9445
5715.5 62.5
5716.5 66.2777
5717.5 68.9445
5718.5 71.9445
5719.5 73.5556
5720.5 74.8889
5721.5 76.3333
5722.5 75.6111
5723.5 73.3333
5724.5 72.6111
5725.5 71
5726.5 67.2222
5727.5 64.2222
5728.5 61.1111
5729.5 57.0555
5730.5 52.5555
5731.5 48.8333
5732.5 47.7777
5733.5 47.2777
5734.5 45.8333
5735.5 46.1111
5736.5 51.6667
5737.5 55.2777
5738.5 55.3333
5739.5 59.1111
5740.5 64.4444
5741.5 68.3333
5742.5 72.4444
5743.5 74.6111
5744.5 74.5556
5745.5 74.7222
5746.5 73.5
5747.5 73.0555
5748.5 70.4444
5749.5 65.6111
5750.5 63.2778
5751.5 60.1111
5752.5 55.5
5753.5 52.5555
5754.5 50.1111
5755.5 48.1667
5756.5 45.9445
5757.5 46.6667
5758.5 50.8333
5759.5 54.6667
5760.5 58.8889
5761.5 63.3333
5762.5 65.5556
5763.5 69
5764.5 72.8888
5765.5 75.1111
5766.5 77.3889
5767.5 75.3333
5768.5 72.8333
5769.5 72.6111
5770.5 70.7222
5771.5 67.1667
5772.5 63.4445
5773.5 59.2223
5774.5 55.3333
5775.5 52.5555
5776.5 48.4445
5777.5 45.6111
5778.5 45.9445
5779.5 45.6667
5780.5 47.7778
5781.5 52.3889
5782.5 54.4445
5783.5 58.5
5784.5 63.7777
5785.5 66.9445
5786.5 69.4445
5787.5 72.1111
5788.5 74.5
5789.5 73.7778
5790.5 72.3333
5791.5 71.6111
5792.5 68.6111
5793.5 64.1111
5794.5 59.7222
5795.5 56.5
5796.5 53.3333
5797.5 48.4445
5798.5 45.4445
5799.5 45.5555
5800.5 46.5
5801.5 51.3333
5802.5 58.6667
5803.5 64.3333
5804.5 69.3333
5805.5 75
5806.5 80.0556
5807.5 81.7223
5808.5 82.6667
5809.5 83
5810.5 81.8333
5811.5 77.9445
5812.5 71.8889
5813.5 67.5
5814.5 62.7778
5815.5 59.3333
5816.5 58
5817.5 54
5818.5 49.3333
5819.5 45.9445
5820.5 43.6111
5821.5 44.2778
5822.5 46.0556
5823.5 51.1667
5824.5 59.8889
5825.5 63.6667
5826.5 66.7222
5827.5 73.2777
5828.5 79.7222
5829.5 82.2222
5830.5 82.2777
5831.5 84.0555
5832.5 83.6111
5833.5 79.1111
5834.5 75.7222
5835.5 72.3888
5836.5 70.4444
5837.5 67.5556
5838.5 62.2223
5839.5 59.1667
5840.5 56.5555
5841.5 53.8333
5842.5 52.4445
5843.5 53.8889
5844.5 55.9445
5845.5 58.2778
5846.5 63.4444
5847.5 69.5
5848.5 73.3333
5849.5 75.5
5850.5 76.9445
5851.5 79.6111
5852.5 82.1111
5853.5 80.8333
5854.5 78.8333
5855.5 77.4445
5856.5 75.2222
5857.5 72.7222
5858.5 68.7778
5859.5 61.5
5860.5 55.3333
5861.5 52.6111
5862.5 50.2222
5863.5 49.9444
5864.5 50.1111
5865.5 54.1667
5866.5 56.8889
5867.5 58.7777
5868.5 67.8333
5869.5 75.8888
5870.5 81.1111
5871.5 83
5872.5 82.7777
5873.5 83.8888
5874.5 81.0556
5875.5 74.8333
5876.5 71.3333
5877.5 69.0556
5878.5 62.7222
5879.5 56.2778
5880.5 52.7778
5881.5 50.9445
5882.5 52.2223
5883.5 57.1667
5884.5 60.7223
5885.5 64.2223
5886.5 70.6667
5887.5 73.7778
5888.5 75.1667
5889.5 76.6111
5890.5 79.6667
5891.5 80.5
5892.5 77.1112
5893.5 73.7223
5894.5 71.6111
5895.5 67.2777
5896.5 63.5555
5897.5 64.4445
5898.5 64.1667
5899.5 65.5556
5900.5 65.3333
5901.5 63.1667
5902.5 64.6111
5903.5 65.1111
5904.5 59.6666
5905.5 56.2222
5906.5 57.7222
5907.5 55.5555
5908.5 53.1111
5909.5 55
5910.5 57.3333
5911.5 63.3334
5912.5 72.7223
5913.5 80.8333
5914.5 84.9444
5915.5 85.3889
5916.5 86.6667
5917.5 86.9444
5918.5 87.1112
5919.5 85.1667
5920.5 81.5
5921.5 74.1667
5922.5 66.7222
5923.5 63.3333
5924.5 60.2777
5925.5 58.3889
5926.5 55.6667
5927.5 54.3889
5928.5 51.6667
5929.5 47.2222
5930.5 44.0555
5931.5 43.3333
5932.5 47.4445
5933.5 51.8889
5934.5 56.1667
5935.5 59.2223
5936.5 61.0556
5937.5 64.2778
5938.5 70.9445
5939.5 77.2223
5940.5 77.5
5941.5 75.8888
5942.5 73.7777
5943.5 69.9445
5944.5 64.6112
5945.5 60.2778
5946.5 57.6667
5947.5 53.7222
5948.5 49.7777
5949.5 47.4444
5950.5 45.3889
5951.5 44.8333
5952.5 45.9445
5953.5 47.9445
5954.5 51.8889
5955.5 56.1111
5956.5 61.4444
5957.5 69.6111
5958.5 74.6111
5959.5 75.6111
5960.5 76.6111
5961.5 78.3333
5962.5 80.1667
5963.5 79.1667
5964.5 77.1667
5965.5 75.8333
5966.5 73.2223
5967.5 70.6667
5968.5 68.8889
5969.5 66
5970.5 61.5555
5971.5 56.7777
5972.5 53.1111
5973.5 48.2778
5974.5 44.1667
5975.5 44.3333
5976.5 45.7777
5977.5 47.2777
5978.5 49.5555
5979.5 53.4445
5980.5 58.3889
5981.5 64
5982.5 67.7777
5983.5 71.2222
5984.5 73.0555
5985.5 74.5
5986.5 77.0556
5987.5 76.3333
5988.5 75.3888
5989.5 73.4444
5990.5 72.5
5991.5 71.3333
5992.5 64.8333
5993.5 59.3333
5994.5 56.8889
5995.5 54.2223
5996.5 50.6667
5997.5 47.7777
5998.5 47.9445
5999.5 47.0555
6000 45.3333
