-234	7.00369
-233	13.553
-232	20.5466
-231	28.0481
-230	35.0507
-229	42.0659
-228	48.5431
-227	55.0373
-226	61.624
-225	68.6448
-224	75.4565
-223	81.5679
-222	88.5578
-221	95.4345
-220	101.478
-219	107.911
-218	115.017
-217	122.058
-216	128.52
-215	134.661
-214	141
-213	147.542
-212	154.469
-211	161.139
-210	167.61
-209	174.434
-208	181.389
-207	187.982
-206	194.662
-205	201.428
-204	207.959
-203	215.007
-202	222.087
-201	229.569
-200	237.499
-199	245.097
-198	251.573
-197	259.141
-196	267.564
-195	275.839
-194	283.468
-193	291.15
-192	298.92
-191	306.882
-190	314.159
-189	321.162
-188	328.803
-187	336.819
-186	343.917
-185	351.988
-184	359.091
-183	366.909
-182	374.899
-181	382.94
-180	391.137
-179	399.084
-178	406.147
-177	414.211
-176	421.866
-175	429.511
-174	437.458
-173	444.935
-172	452.041
-171	459.597
-170	467.009
-169	473.942
-168	480.71
-167	487.993
-166	495.338
-165	502.369
-164	509.474
-163	516.624
-162	524.02
-161	530.735
-160	538.414
-159	545.641
-158	553.588
-157	561.182
-156	568.807
-155	576.792
-154	584.102
-153	592.081
-152	600.791
-151	609.259
-150	617.767
-149	626.022
-148	634.149
-147	642.567
-146	650.916
-145	659.873
-144	668.093
-143	676.482
-142	684.942
-141	693.029
-140	701.471
-139	709.841
-138	718.057
-137	726.779
-136	735.159
-135	743.56
-134	751.512
-133	760.517
-132	769.396
-131	777.605
-130	786.183
-129	794.582
-128	802.942
-127	812.219
-126	821.044
-125	829.403
-124	838.03
-123	847.51
-122	855.913
-121	865.312
-120	874.003
-119	882.647
-118	891.909
-117	901.578
-116	911.11
-115	920.6
-114	930.723
-113	940.682
-112	950.989
-111	961.04
-110	971.425
-109	982.479
-108	992.351
-107	1003.3
-106	1013.41
-105	1023.12
-104	1033.41
-103	1044.09
-102	1054.61
-101	1065.35
-100	1075.42
-99	1085.94
-98	1096.07
-97	1106.18
-96	1116.03
-95	1126.17
-94	1136.52
-93	1145.91
-92	1155.28
-91	1164.51
-90	1174.73
-89	1183.24
-88	1193.62
-87	1203.42
-86	1213.53
-85	1223.75
-84	1234.37
-83	1245.39
-82	1255.56
-81	1266.25
-80	1277.87
-79	1289.96
-78	1300.75
-77	1312.59
-76	1324.49
-75	1336.45
-74	1347.42
-73	1359.42
-72	1371.5
-71	1383.11
-70	1394.35
-69	1406.27
-68	1418.22
-67	1430.22
-66	1441.57
-65	1453.75
-64	1466.65
-63	1478.92
-62	1492.71
-61	1504.86
-60	1517.02
-59	1529.5
-58	1542.88
-57	1555.48
-56	1568.32
-55	1581.97
-54	1595.17
-53	1609.79
-52	1625.59
-51	1639.41
-50	1654.49
-49	1669.23
-48	1684.59
-47	1699.13
-46	1715.59
-45	1731.91
-44	1747.79
-43	1764.6
-42	1779.68
-41	1794.49
-40	1809.55
-39	1823.61
-38	1839.19
-37	1854.34
-36	1868.98
-35	1884.92
-34	1901.43
-33	1919.43
-32	1936.98
-31	1955.72
-30	1975.95
-29	1995.13
-28	2013.9
-27	2031.02
-26	2049.56
-25	2069.84
-24	2089.92
-23	2110.5
-22	2132.59
-21	2153.74
-20	2175.05
-19	2197.79
-18	2220.5
-17	2243.34
-16	2268.67
-15	2295.94
-14	2322.14
-13	2350.65
-12	2379.97
-11	2412.41
-10	2443.5
-9	2477.09
-8	2508.94
-7	2543.45
-6	2579.8
-5	2624.38
-4	2672.79
-3	2729.11
-2	2788.99
-1	2878.17
0	3063.64
1	3263.21
2	3350.79
3	3424.02
4	3476.04
5	3523.69
6	3566.13
7	3602.25
8	3641
9	3676.72
10	3710.51
11	3743.98
12	3776.69
13	3804.35
14	3832.36
15	3856.52
16	3879.79
17	3901.89
18	3925.39
19	3949.88
20	3972.48
21	3995.49
22	4018.46
23	4041.5
24	4060.15
25	4081.15
26	4100.27
27	4120.45
28	4139.29
29	4157.63
30	4176.19
31	4194.04
32	4211.39
33	4227.06
34	4244.82
35	4262.3
36	4278.14
37	4296.72
38	4312.14
39	4329.6
40	4345.36
41	4361.3
42	4378.94
43	4394.86
44	4410.81
45	4427.02
46	4442.42
47	4457.4
48	4472.92
49	4487.7
50	4500.7
51	4514.04
52	4526.9
53	4540.04
54	4553.05
55	4565.03
56	4577.89
57	4591.39
58	4604.95
59	4618.47
60	4631.99
61	4645.5
62	4659.41
63	4672.05
64	4683.55
65	4697.04
66	4709.6
67	4721.96
68	4733.43
69	4745.44
70	4757.32
71	4768.97
72	4781.56
73	4792.87
74	4804.27
75	4816.36
76	4826.96
77	4838.05
78	4849.48
79	4860.9
80	4871.91
81	4882.23
82	4892.76
83	4903.3
84	4913.99
85	4924.95
86	4935.74
87	4945.72
88	4957.1
89	4967.48
90	4978.76
91	4990.07
92	5001.77
93	5012.96
94	5026.18
95	5036.62
96	5047.01
97	5058.35
98	5068.74
99	5078.41
100	5089.41
101	5100.75
102	5111.43
103	5121.46
104	5131.58
105	5141.53
106	5152.07
107	5161.94
108	5171.5
109	5180.44
110	5189.47
111	5198.11
112	5207.3
113	5215.88
114	5224.76
115	5233.47
116	5242.09
117	5250.79
118	5259.52
119	5267.93
120	5276.96
121	5285.97
122	5294.87
123	5304.32
124	5313.87
125	5323.72
126	5332.16
127	5341.42
128	5350.46
129	5360.26
130	5369.48
131	5378.06
132	5387.54
133	5396.54
134	5405.12
135	5413.95
136	5422.1
137	5431.06
138	5439.84
139	5448.09
140	5456.47
141	5464.92
142	5474.23
143	5481.99
144	5490.22
145	5498.12
146	5506.43
147	5514.16
148	5522.15
149	5530.78
150	5538.5
151	5546.1
152	5554.18
153	5562.12
154	5570.31
155	5577.58
156	5585.39
157	5593.36
158	5601.63
159	5608.95
160	5616.39
161	5623.94
162	5631.8
163	5640.02
164	5648.08
165	5656.09
166	5663.95
167	5671.96
168	5680.46
169	5688.13
170	5696.13
171	5703.94
172	5711.93
173	5720.09
174	5727.61
175	5735.47
176	5742.92
177	5750.94
178	5759.8
179	5767.53
180	5775.87
181	5783.98
182	5791.5
183	5799.09
184	5806.32
185	5813.51
186	5821.32
187	5828.91
188	5836.41
189	5843.33
190	5849.58
191	5857.03
192	5863.53
193	5870.33
194	5877.34
195	5883.56
196	5890.46
197	5896.74
198	5909.54
199	5916.32
200	5922.67
201	5929.59
202	5936.3
203	5943.29
204	5950.32
205	5957.35
206	5964.89
207	5971.53
208	5978.95
209	5986.44
210	5993.56

