-0.5 48.3333
-1.5 48.3333
-2.5 48.8889
-3.5 59.6111
-4.5 76.1112
-5.5 89.2223
-6.5 95.6111
-7.5 92.5
-8.5 79.1667
-9.5 55.3333
-10.5 37.3889
-11.5 34
-12.5 42.1111
-13.5 55.2777
-14.5 65.7222
-15.5 79
-16.5 92.8333
-17.5 92.0556
-18.5 70.1111
-19.5 49.2223
-20.5 40.3889
-21.5 35.5555
-22.5 44.2778
-23.5 67
-24.5 84.1111
-25.5 91.5555
-26.5 90.1667
-27.5 76.7222
-28.5 55.8889
-29.5 39.0555
-30.5 33.6111
-31.5 42.6111
-32.5 64.2223
-33.5 79
-34.5 88.1667
-35.5 93.2778
-36.5 86.0556
-37.5 66.2778
-38.5 47.8333
-39.5 36.3889
-40.5 38.8889
-41.5 60.6111
-42.5 79.0556
-43.5 87.4444
-44.5 91.2777
-45.5 89.0556
-46.5 71.5
-47.5 51.5555
-48.5 37.5555
-49.5 38.3333
-50.5 62.0556
-51.5 83.1112
-52.5 91.0556
-53.5 92.5
-54.5 86.5556
-55.5 68.3889
-56.5 46.1667
-57.5 32
-58.5 36.3889
-59.5 54.2778
-60.5 73.7778
-61.5 87.1111
-62.5 93.5555
-63.5 90.3889
-64.5 76.1111
-65.5 54.9445
-66.5 38.4445
-67.5 32.9445
-68.5 42.8333
-69.5 64
-70.5 81.1111
-71.5 90.2222
-72.5 92.0556
-73.5 87.6667
-74.5 68.6111
-75.5 46.4445
-76.5 40
-77.5 41.8333
-78.5 50
-79.5 71.3889
-80.5 88.3333
-81.5 89.1667
-82.5 79.9445
-83.5 61.1667
-84.5 41.6111
-85.5 42.2223
-86.5 55.0555
-87.5 68.3889
-88.5 81.8333
-89.5 89.4444
-90.5 88.3889
-91.5 78.2778
-92.5 64.4445
-93.5 51.7777
-94.5 41.2777
-95.5 38.9445
-96.5 53.4444
-97.5 67.9444
-98.5 80.6112
-99.5 93.1112
-100.5 90.0556
-101.5 74.6667
-102.5 61.3333
-103.5 45.8889
-104.5 36.8333
-105.5 50.1111
-106.5 72.7777
-107.5 88.0555
-108.5 93.5555
-109.5 92.6667
-110.5 82.7222
-111.5 64.1111
-112.5 48.2222
-113.5 38.3889
-114.5 36.7777
-115.5 54.2777
-116.5 78.4444
-117.5 92.1112
-118.5 94.8889
-119.5 90.1667
-120.5 75.7222
-121.5 61.7222
-122.5 45.6667
-123.5 35
-124.5 45.1667
-125.5 65.2222
-126.5 79.3333
-127.5 87.0556
-128.5 92.3888
-129.5 88.2777
-130.5 72.4445
-131.5 58.1667
-132.5 45.1667
-133.5 33.5
-134.5 39
-135.5 56.5
-136.5 70.3888
-137.5 82.5556
-138.5 90.7778
-139.5 81.6111
-140.5 58.7777
-141.5 40.6667
-142.5 33.3333
-143.5 41.3333
-144.5 63.3333
-145.5 80.1667
-146.5 88.9444
-147.5 90.6111
-148.5 81.7222
-149.5 66.7777
-150.5 51
-151.5 36.4445
-152.5 30.6111
-153.5 38.8889
-154.5 59.0555
-155.5 75.6111
-156.5 84.5
-157.5 90.1111
-158.5 91.4445
-159.5 87.3889
-160.5 73.2223
-161.5 52.7223
-162.5 35.6111
-163.5 35.7777
-164.5 53.7222
-165.5 74.2222
-166.5 86.1667
-167.5 88.9444
-168.5 83
-169.5 65.7222
-170.5 45.4445
-171.5 33.6111
-172.5 34.6667
-173.5 46.7778
-174.5 62.9444
-175.5 80.2777
-176.5 91.2222
-177.5 86.8333
-178.5 65.3889
-179.5 44.3333
-180.5 35.6667
-181.5 39.4445
-182.5 57.2777
-183.5 77.0556
-184.5 88.3333
-185.5 93.2222
-186.5 85.2777
-187.5 65.7222
-188.5 46.8333
-189.5 36
-190.5 36.3889
-191.5 52.4445
-192.5 75.2223
-193.5 86.6667
-194.5 94.8889
-195.5 89
-196.5 70.8889
-197.5 46.8333
-198.5 29.5
-199.5 39.1111
-200.5 65.1111
-201.5 85.1111
-202.5 90.2778
-203.5 95.3333
-204.5 91.3333
-205.5 73.8889
-206.5 54.6667
-207.5 36.3333
-208.5 35.6111
-209.5 53.6667
-210.5 74.2778
-211.5 87.7223
-212.5 93.8333
-213.5 91.5
-214.5 75.1111
-215.5 47.6666
-216.5 35
-217.5 40.1667
-218.5 51.8889
-219.5 67.8333
-220.5 84.8889
-221.5 98.9443
-222.5 100.611
-223.5 92.7778
-224.5 62.2223
-225.5 32.6111
-226.5 33.8889
-227.5 48.6667
-228.5 68.2222
-229.5 87.7222
-230.5 97.3889
-231.5 88.3333
-232.5 63.2778
-233.5 42.1667
-234.5 33.7778
-235.5 34.4445
-236.5 48.5
-237.5 70.7778
-238.5 84.6112
-239.5 94.3333
-240.5 99
-241.5 93.8889
-242.5 77.0555
-243.5 51.9444
-244.5 35.6111
-245.5 41.6111
-246.5 58.2223
-247.5 79
-248.5 95.8333
-249.5 99.8333
-250.5 96.6666
-251.5 87.8889
-252.5 69.3333
-253.5 45
-254.5 35.5555
-255.5 42.1667
-256.5 60.5
-257.5 82.7778
-258.5 94.7778
-259.5 99.2225
-260.5 100.278
-261.5 91.6111
-262.5 73.8889
-263.5 51.6667
-264.5 37
-265.5 43.7222
-266.5 63.4445
-267.5 77.8333
-268.5 89.8333
-269.5 99.1669
-270.5 98.1669
-271.5 84.5
-272.5 61
-273.5 43.1667
-274.5 35.6667
-275.5 39.8889
-276.5 54.6111
-277.5 71.0555
-278.5 87.6111
-279.5 98.5556
-280.5 100.555
-281.5 96.3888
-282.5 81.7778
-283.5 62.7222
-284.5 45.7222
-285.5 35.2778
-286.5 41.2223
-287.5 51.2778
-288.5 64.6111
-289.5 84.2223
-290.5 96.1667
-291.5 96.8333
-292.5 86.6111
-293.5 70.3333
-294.5 59.2223
-295.5 45.5555
-296.5 35.7777
-297.5 42.1111
-298.5 59.3334
-299.5 79.3333
-300.5 92.4445
-301.5 98.3889
-302.5 90.3333
-303.5 73.2223
-304.5 53.6112
-305.5 39.2223
-306.5 33.8889
-307.5 34.7778
-308.5 45.9445
-309.5 61.6666
-310.5 76.6667
-311.5 89.5556
-312.5 94.8333
-313.5 90.8333
-314.5 81.1667
-315.5 68.5
-316.5 53.8889
-317.5 40.7777
-318.5 33.3889
-319.5 39.1667
-320.5 53
-321.5 65.8333
-322.5 79.8333
-323.5 90.1667
-324.5 95.8889
-325.5 98.1112
-326.5 92.3889
-327.5 78.5
-328.5 61.3334
-329.5 45.5555
-330.5 38.2222
-331.5 46.5
-332.5 60.2778
-333.5 64.8333
-334.5 78.3889
-335.5 95.9444
-336.5 98.1111
-337.5 89.3333
-338.5 67.2223
-339.5 48.2778
-340.5 40.3889
-341.5 36.5
-342.5 35.7778
-343.5 39.6111
-344.5 47.8889
-345.5 61.6111
-346.5 76.5
-347.5 89
-348.5 96.8889
-349.5 97.3333
-350.5 91.3333
-351.5 74.8889
-352.5 53.0555
-353.5 38.2222
-354.5 35.0555
-355.5 41.3889
-356.5 54.8889
-357.5 78.4444
-358.5 95.7777
-359.5 99.6112
-360.5 100
-361.5 93.3889
-362.5 75.0556
-363.5 55.3889
-364.5 39
-365.5 29.7222
-366.5 34.8333
-367.5 48.7222
-368.5 74.8333
-369.5 95.6111
-370.5 98.8889
-371.5 92.8333
-372.5 79.5556
-373.5 67.3333
-374.5 53.4444
-375.5 37.2777
-376.5 30.2778
-377.5 35.4444
-378.5 59.8333
-379.5 84.5556
-380.5 96.1664
-381.5 99.4442
-382.5 93.7222
-383.5 79.7778
-384.5 61.0556
-385.5 48.6111
-386.5 37.1667
-387.5 40.1111
-388.5 60.2778
-389.5 68.8889
-390.5 79.1667
-391.5 94.5
-392.5 99.2222
-393.5 94
-394.5 82.5555
-395.5 72.5
-396.5 55.7223
-397.5 39.1111
-398.5 33.3889
-399.5 37.7777
-400.5 59.9444
-401.5 85.1667
-402.5 96.6667
-403.5 93.5556
-404.5 88.2778
-405.5 87
-406.5 79.4444
-407.5 65.3333
-408.5 47.7223
-409.5 36.4445
-410.5 40.2777
-411.5 52.3333
-412.5 66.1667
-413.5 81.9445
-414.5 93.2778
-415.5 93
-416.5 89.2777
-417.5 82.9444
-418.5 67.5555
-419.5 52.1111
-420.5 41.8333
-421.5 37.1111
-422.5 43.5
-423.5 60.5
-424.5 75.1111
-425.5 79.0555
-426.5 83.7777
-427.5 86.3889
-428.5 77.8333
-429.5 70.2222
-430.5 60.6666
-431.5 45.3889
-432.5 37.1111
-433.5 33.6111
-434.5 37.7778
-435.5 47.7778
-436.5 60.0555
-437.5 75.5
-438.5 87.6667
-439.5 95.4445
-440.5 92.2222
-441.5 81.7777
-442.5 68.2777
-443.5 52.1111
-444.5 39.8333
-445.5 36.4445
-446.5 40.6667
-447.5 52.2222
-448.5 71.2222
-449.5 78
-450.5 80.7223
-451.5 89.1112
-452.5 89.3333
-453.5 85.7778
-454.5 82.9444
-455.5 76
-456.5 59.6667
-457.5 43.7778
-458.5 39.1111
-459.5 45.5
-460.5 53.0555
-461.5 60.3333
-462.5 71.3333
-463.5 82.9444
-464.5 89.3333
-465.5 86.6111
-466.5 78.7222
-467.5 71.5556
-468.5 56
-469.5 38.8889
-470.5 34.5
-471.5 42.4445
-472.5 59.7777
-473.5 76.5556
-474.5 87.9445
-475.5 92.2778
-476.5 86.7223
-477.5 75.6111
-478.5 60.6111
-479.5 42.7223
-480.5 35.3889
-481.5 40.3333
-482.5 51.3889
-483.5 66.1667
-484.5 80.3889
-485.5 88.7223
-486.5 94.4445
-487.5 95.1667
-488.5 86
-489.5 69.4445
-490.5 49.5
-491.5 39
-492.5 44.9445
-493.5 51.6667
-494.5 58.3333
-495.5 75.1667
-496.5 89.1111
-497.5 93.2777
-498.5 87.9444
-499.5 77.2222
-500.5 62.9445
-501.5 49.0555
-502.5 41
-503.5 41
-504.5 50.3333
-505.5 62.8888
-506.5 75.9444
-507.5 86.2778
-508.5 91.7222
-509.5 95.5556
-510.5 91.6112
-511.5 75.2223
-512.5 57.1667
-513.5 43.7222
-514.5 40.6111
-515.5 50.8333
-516.5 65.4444
-517.5 77.5556
-518.5 83.7223
-519.5 88.5555
-520.5 92.5
-521.5 90.2223
-522.5 76.6111
-523.5 56.1111
-524.5 42.3333
-525.5 39
-526.5 47.7777
-527.5 57.8333
-528.5 68.6667
-529.5 82
-530.5 88.6111
-531.5 89.7777
-532.5 86.0556
-533.5 78.8889
-534.5 68.4445
-535.5 52.2222
-536.5 39.2222
-537.5 39.3333
-538.5 50.6667
-539.5 65.3333
-540.5 78.1667
-541.5 88.1111
-542.5 89.6667
-543.5 87
-544.5 82.3333
-545.5 71.1667
-546.5 55
-547.5 41.8889
-548.5 36.3333
-549.5 39.0555
-550.5 50.2777
-551.5 64.5555
-552.5 76.2222
-553.5 84.7222
-554.5 89.0555
-555.5 84.3889
-556.5 73.8889
-557.5 62.2222
-558.5 55.4445
-559.5 45.6667
-560.5 34.3889
-561.5 36.5555
-562.5 50.2777
-563.5 66.1667
-564.5 79.4445
-565.5 87.4445
-566.5 88.1667
-567.5 83.3888
-568.5 78.1667
-569.5 68.2222
-570.5 50.2222
-571.5 37
-572.5 36.7222
-573.5 47.0555
-574.5 62.1667
-575.5 77.8889
-576.5 87.8889
-577.5 91.6112
-578.5 89.9444
-579.5 83.7222
-580.5 71.6111
-581.5 57.6667
-582.5 45
-583.5 36.4445
-584.5 38.8889
-585.5 49.1111
-586.5 62.3889
-587.5 69.7222
-588.5 78.1111
-589.5 88.1667
-590.5 91.2777
-591.5 88.1667
-592.5 78.2222
-593.5 63.3888
-594.5 48.6111
-595.5 38.3333
-596.5 33.7223
-597.5 36.8889
-598.5 46.1667
-599.5 62.3333
-600.5 78.2778
-601.5 88.7222
-602.5 91.3888
-603.5 86.1111
-604.5 76.7223
-605.5 64.3889
-606.5 56.7222
-607.5 47.7777
-608.5 37.0555
-609.5 33.8889
-610.5 39.3333
-611.5 50.1667
-612.5 64.4445
-613.5 80.1667
-614.5 88.9444
-615.5 90.4444
-616.5 84.2777
-617.5 78.7222
-618.5 72.1667
-619.5 59.5555
-620.5 45.3333
-621.5 35.8333
-622.5 39.3333
-623.5 51.7778
-624.5 66.9445
-625.5 80.5
-626.5 89.7778
-627.5 93.4444
-628.5 90
-629.5 81.1111
-630.5 68.0555
-631.5 50.5555
-632.5 37.5555
-633.5 33.6667
-634.5 37
-635.5 46.4444
-636.5 61.6667
-637.5 77.0556
-638.5 87
-639.5 91.1667
-640.5 89.6667
-641.5 80.9444
-642.5 65.9444
-643.5 53.5555
-644.5 43.1111
-645.5 34.9445
-646.5 34.4445
-647.5 41.8333
-648.5 54.1111
-649.5 69.9444
-650.5 83.8888
-651.5 89.5555
-652.5 92.2778
-653.5 91.8333
-654.5 85.8889
-655.5 72.1111
-656.5 55.4445
-657.5 44.2223
-658.5 38.1111
-659.5 38.3889
-660.5 45.9444
-661.5 55.8889
-662.5 65.8333
-663.5 78.2222
-664.5 86.6111
-665.5 91.1111
-666.5 94
-667.5 89.3333
-668.5 75.6111
-669.5 59.6667
-670.5 47.2223
-671.5 39.1111
-672.5 37.8889
-673.5 44.8889
-674.5 61.2223
-675.5 73.1667
-676.5 81.4444
-677.5 90.5555
-678.5 94.1111
-679.5 93.2222
-680.5 86.4445
-681.5 74.9445
-682.5 59.3333
-683.5 45.7223
-684.5 41.5555
-685.5 42.7777
-686.5 48.2222
-687.5 61.1111
-688.5 76.2778
-689.5 85.3333
-690.5 90.2777
-691.5 93
-692.5 89.8333
-693.5 80.6111
-694.5 63.3889
-695.5 44.9445
-696.5 38.8333
-697.5 38.2777
-698.5 43.6111
-699.5 57.6111
-700.5 71.4444
-701.5 84.8889
-702.5 91.9445
-703.5 92.5556
-704.5 88.2222
-705.5 77.5
-706.5 63.3333
-707.5 54.3333
-708.5 44
-709.5 34.5555
-710.5 35.8889
-711.5 48.7778
-712.5 67.0555
-713.5 80.3888
-714.5 89.7222
-715.5 93.1667
-716.5 89.2777
-717.5 78.3888
-718.5 67.5555
-719.5 54.7778
-720.5 40.3333
-721.5 38.1667
-722.5 49.3889
-723.5 58.0555
-724.5 64.3889
-725.5 73.9445
-726.5 81.9445
-727.5 89.9445
-728.5 90
-729.5 79.3889
-730.5 73.8889
-731.5 66.0555
-732.5 49.7222
-733.5 38.7222
-734.5 35.3889
-735.5 39.6111
-736.5 50.7778
-737.5 64.5555
-738.5 78.6667
-739.5 88.1111
-740.5 89.5
-741.5 90.6667
-742.5 92.6667
-743.5 89.0555
-744.5 77.6667
-745.5 58.3333
-746.5 42.6111
-747.5 43.0555
-748.5 45.5555
-749.5 46.2778
-750.5 52.8889
-751.5 68.9445
-752.5 82.7223
-753.5 87.7778
-754.5 89.9445
-755.5 87.1111
-756.5 79.6667
-757.5 71.5555
-758.5 62.1666
-759.5 53.5
-760.5 49.6667
-761.5 50.8333
-762.5 67.5555
-763.5 71.1111
-764.5 71.4445
-765.5 81.3333
-766.5 85.5555
-767.5 91.1111
-768.5 90.3889
-769.5 84.6112
-770.5 77.8889
-771.5 58
-772.5 40.3333
-773.5 35.7223
-774.5 33.5
-775.5 35.9444
-776.5 38.6667
-777.5 45.0555
-778.5 64.3333
-779.5 82.9444
-780.5 88
-781.5 90.5
-782.5 89.7222
-783.5 84.6667
-784.5 75.2222
-785.5 56.8889
-786.5 38.3333
-787.5 33.1111
-788.5 40.3889
-789.5 56.5556
-790.5 73.6667
-791.5 87
-792.5 88.6111
-793.5 79.6667
-794.5 66
-795.5 50.3889
-796.5 43.5555
-797.5 39.2778
-798.5 39.1667
-799.5 44.2223
-800.5 56.0555
-801.5 70.8333
-802.5 81.3333
-803.5 89.6111
-804.5 90.6667
-805.5 86.2778
-806.5 71.7222
-807.5 52.6111
-808.5 39.0555
-809.5 34.1111
-810.5 40.3889
-811.5 47.8333
-812.5 53.6111
-813.5 63.8888
-814.5 76.8333
-815.5 86
-816.5 88.7778
-817.5 86.3889
-818.5 79.6667
-819.5 72.8333
-820.5 69.5
-821.5 58.5
-822.5 42.9445
-823.5 35.2778
-824.5 44.5555
-825.5 55.8889
-826.5 67.8333
-827.5 74.2777
-828.5 76.7222
-829.5 88.6111
-830.5 91.8889
-831.5 86.6667
-832.5 73.1111
-833.5 53.5
-834.5 38.8333
-835.5 34.4445
-836.5 36.6111
-837.5 42.3889
-838.5 50.8889
-839.5 64.7222
-840.5 76.5
-841.5 83.9445
-842.5 88.7223
-843.5 91.5
-844.5 88.1667
-845.5 80.5
-846.5 71.0555
-847.5 53.2222
-848.5 38.8333
-849.5 36.4445
-850.5 40.4445
-851.5 44.3889
-852.5 48.4445
-853.5 54.7777
-854.5 62.6666
-855.5 73.5555
-856.5 83.7778
-857.5 88.6112
-858.5 87.1667
-859.5 83.8333
-860.5 74.0555
-861.5 59.5
-862.5 46.8333
-863.5 36.2223
-864.5 40.5555
-865.5 58.9444
-866.5 80.2222
-867.5 91.5
-868.5 89.8333
-869.5 83
-870.5 73.2222
-871.5 61.9444
-872.5 49.1111
-873.5 38.4444
-874.5 34.0555
-875.5 38
-876.5 51.8333
-877.5 69.7222
-878.5 83.1111
-879.5 88.3889
-880.5 89.0556
-881.5 84.6111
-882.5 75.2778
-883.5 67.5555
-884.5 60.3888
-885.5 49.7777
-886.5 37.2222
-887.5 35.7222
-888.5 45.9445
-889.5 54.3333
-890.5 67.8333
-891.5 83.1111
-892.5 90.7222
-893.5 90.1111
-894.5 83.6667
-895.5 68.5555
-896.5 46.5
-897.5 38.5
-898.5 38.8333
-899.5 44.3889
-900.5 59.6667
-901.5 67.5
-902.5 72.1667
-903.5 80.8889
-904.5 86.1667
-905.5 88.7777
-906.5 82.1667
-907.5 71.1667
-908.5 53.8889
-909.5 39.7222
-910.5 37.2777
-911.5 39.4444
-912.5 47.5555
-913.5 58.5555
-914.5 65.7222
-915.5 72.8333
-916.5 85.9445
-917.5 91.0556
-918.5 87.3333
-919.5 84.9444
-920.5 80.3889
-921.5 69.7223
-922.5 56.6111
-923.5 45.8333
-924.5 37.3889
-925.5 31.4444
-926.5 29.8333
-927.5 34.3889
-928.5 48.2777
-929.5 66.8889
-930.5 83.2223
-931.5 89.5
-932.5 85.8889
-933.5 80.5
-934.5 74.9444
-935.5 71.3333
-936.5 67.3889
-937.5 55.1111
-938.5 38.9445
-939.5 31.2778
-940.5 35.5555
-941.5 46.2778
-942.5 59.6667
-943.5 73
-944.5 82.8333
-945.5 87.8333
-946.5 88.1667
-947.5 85.2223
-948.5 81
-949.5 74.0556
-950.5 63.9445
-951.5 44.3333
-952.5 29.8333
-953.5 33.4445
-954.5 44.2778
-955.5 55.3333
-956.5 64.3333
-957.5 72.2778
-958.5 76.6112
-959.5 82.1667
-960.5 88.1111
-961.5 88.8888
-962.5 84.1111
-963.5 80.4445
-964.5 73.9445
-965.5 59.4445
-966.5 46.5
-967.5 36.6667
-968.5 36.9445
-969.5 42.2778
-970.5 52.5555
-971.5 62.9445
-972.5 70.0555
-973.5 79.9444
-974.5 86.6112
-975.5 88.7778
-976.5 91.2223
-977.5 90.6667
-978.5 81
-979.5 60.3889
-980.5 40.4445
-981.5 33.2777
-982.5 32.0555
-983.5 34.3333
-984.5 42.0555
-985.5 55.1111
-986.5 65.6111
-987.5 72.7222
-988.5 80.1111
-989.5 86.8333
-990.5 89.8333
-991.5 92.7777
-992.5 91.5
-993.5 84
-994.5 73.2777
-995.5 61
-996.5 49.9445
-997.5 40.4445
-998.5 35.0555
-999.5 36.6667
-1000.5 44.8889
-1001.5 57.0555
-1002.5 67.6667
-1003.5 75.6667
-1004.5 83.3333
-1005.5 92.5556
-1006.5 98.8333
-1007.5 99.3889
-1008.5 96.7222
-1009.5 88.3333
-1010.5 75.2777
-1011.5 60.7222
-1012.5 42.6667
-1013.5 29.5
-1014.5 30.1667
-1015.5 36.7778
-1016.5 45.2222
-1017.5 59.1111
-1018.5 71.7223
-1019.5 78.8889
-1020.5 89.3333
-1021.5 96.1112
-1022.5 98.2778
-1023.5 97.0556
-1024.5 94
-1025.5 92.0555
-1026.5 85.2222
-1027.5 75.7222
-1028.5 65.0555
-1029.5 47.7778
-1030.5 33.8333
-1031.5 31.5556
-1032.5 33.2777
-1033.5 40.2222
-1034.5 55.0555
-1035.5 70.3889
-1036.5 81.6667
-1037.5 89.1667
-1038.5 94.3333
-1039.5 97.3889
-1040.5 96.5556
-1041.5 90.2222
-1042.5 78.5556
-1043.5 63.7778
-1044.5 45.5555
-1045.5 34.5
-1046.5 34.0556
-1047.5 42.2778
-1048.5 57.3889
-1049.5 65.9444
-1050.5 74.2777
-1051.5 84.6667
-1052.5 92.6667
-1053.5 96.8888
-1054.5 96.4444
-1055.5 95.5
-1056.5 88.3888
-1057.5 74.6667
-1058.5 62.4445
-1059.5 50.5555
-1060.5 41.3333
-1061.5 37
-1062.5 34.6111
-1063.5 37.7223
-1064.5 44.6111
-1065.5 53.6667
-1066.5 66.0555
-1067.5 77.2777
-1068.5 86.5
-1069.5 93.7778
-1070.5 95.8333
-1071.5 95
-1072.5 92.6111
-1073.5 86.5
-1074.5 78.1667
-1075.5 70.0555
-1076.5 61.1667
-1077.5 48.7223
-1078.5 38.2778
-1079.5 37.3889
-1080.5 42.1667
-1081.5 47.3889
-1082.5 53.6111
-1083.5 60.2223
-1084.5 68.5555
-1085.5 77.1667
-1086.5 85.2778
-1087.5 93.2223
-1088.5 95.8333
-1089.5 95.3889
-1090.5 89.1667
-1091.5 80.2222
-1092.5 75
-1093.5 69.3889
-1094.5 59.7778
-1095.5 48.0555
-1096.5 37.8889
-1097.5 34.5
-1098.5 38.0555
-1099.5 41.0555
-1100.5 45.8333
-1101.5 54.4445
-1102.5 60.1667
-1103.5 67.8888
-1104.5 78.5
-1105.5 84
-1106.5 88.2222
-1107.5 90.7777
-1108.5 90.1667
-1109.5 87.7778
-1110.5 82.7223
-1111.5 74.6111
-1112.5 64.8889
-1113.5 56.3889
-1114.5 47.6111
-1115.5 41.8333
-1116.5 36.6111
-1117.5 33.7222
-1118.5 34.8333
-1119.5 39.9445
-1120.5 50.2777
-1121.5 54.1667
-1122.5 64.5
-1123.5 78.8889
-1124.5 86.2778
-1125.5 91.9445
-1126.5 94.2222
-1127.5 95.4445
-1128.5 93.6112
-1129.5 89.1667
-1130.5 79.3889
-1131.5 65.0555
-1132.5 51.7222
-1133.5 44.5555
-1134.5 41.4445
-1135.5 34.6667
-1136.5 31.2778
-1137.5 33.9445
-1138.5 38.7223
-1139.5 43.0555
-1140.5 54.2777
-1141.5 69.0555
-1142.5 79.6111
-1143.5 89.9444
-1144.5 95.7777
-1145.5 95.7777
-1146.5 93.8333
-1147.5 89.8333
-1148.5 78.2777
-1149.5 67.0555
-1150.5 59.2778
-1151.5 47.6111
-1152.5 38.5555
-1153.5 35.1111
-1154.5 34.5
-1155.5 33.3889
-1156.5 37.2778
-1157.5 48.3333
-1158.5 69.2778
-1159.5 88.7778
-1160.5 94.2778
-1161.5 96.6667
-1162.5 98
-1163.5 97.2223
-1164.5 93
-1165.5 87.1111
-1166.5 78.6111
-1167.5 68.1111
-1168.5 58.5
-1169.5 48.9445
-1170.5 39.7222
-1171.5 33.5555
-1172.5 34.9445
-1173.5 42.5555
-1174.5 55.9445
-1175.5 71.5
-1176.5 74.7778
-1177.5 77.2778
-1178.5 90.0555
-1179.5 99.1666
-1180.5 99.3888
-1181.5 94.6112
-1182.5 90.8333
-1183.5 88.2778
-1184.5 84.6667
-1185.5 78.4444
-1186.5 66.1111
-1187.5 52.6667
-1188.5 42.1667
-1189.5 33
-1190.5 32.7778
-1191.5 43.2778
-1192.5 52.8333
-1193.5 57.2778
-1194.5 68.7778
-1195.5 83.7778
-1196.5 91.5555
-1197.5 96.6111
-1198.5 98
-1199.5 95.0555
-1200.5 87.6667
-1201.5 82.5
-1202.5 79.7778
-1203.5 72.7223
-1204.5 64.5
-1205.5 54.2777
-1206.5 44.1667
-1207.5 36.5555
-1208.5 33.7778
-1209.5 43.0555
-1210.5 57.3333
-1211.5 68.5556
-1212.5 78.3889
-1213.5 86.9445
-1214.5 93.5555
-1215.5 90.7222
-1216.5 86.3333
-1217.5 85.7777
-1218.5 79.7222
-1219.5 72.7777
-1220.5 65.2777
-1221.5 55.6111
-1222.5 47.2778
-1223.5 40.1667
-1224.5 35.3333
-1225.5 34.1667
-1226.5 42
-1227.5 54.3889
-1228.5 64.7222
-1229.5 73.3889
-1230.5 81.2223
-1231.5 88.1111
-1232.5 93.1111
-1233.5 90.7778
-1234.5 87.1667
-1235.5 88
-1236.5 84.2777
-1237.5 78.7222
-1238.5 73.3889
-1239.5 66
-1240.5 57.2777
-1241.5 48.7222
-1242.5 40.5555
-1243.5 35.5555
-1244.5 34.2777
-1245.5 34.9445
-1246.5 40.4445
-1247.5 51.0555
-1248.5 61.3333
-1249.5 70.6111
-1250.5 79.3333
-1251.5 86.5556
-1252.5 86.2778
-1253.5 84.3333
-1254.5 86.9445
-1255.5 86
-1256.5 79.5
-1257.5 70.3889
-1258.5 62
-1259.5 55.1111
-1260.5 47.7777
-1261.5 40.7222
-1262.5 38
-1263.5 37.6111
-1264.5 38.9445
-1265.5 44.3889
-1266.5 56.3333
-1267.5 68.7778
-1268.5 70
-1269.5 70.8333
-1270.5 77.9445
-1271.5 83.3889
-1272.5 86.9444
-1273.5 88.1667
-1274.5 85.5555
-1275.5 81.3333
-1276.5 75.4444
-1277.5 67.5
-1278.5 59.6111
-1279.5 48.2778
-1280.5 39.4445
-1281.5 36.3889
-1282.5 37.0555
-1283.5 41.6111
-1284.5 49.1111
-1285.5 57
-1286.5 65.3333
-1287.5 78.1667
-1288.5 86.6667
-1289.5 89.2778
-1290.5 90.2223
-1291.5 89.2223
-1292.5 87.7778
-1293.5 85.3333
-1294.5 78.6667
-1295.5 68.0556
-1296.5 56.3889
-1297.5 44.7777
-1298.5 37.6667
-1299.5 36.6667
-1300.5 40.3889
-1301.5 42.2777
-1302.5 43.1111
-1303.5 45.4445
-1304.5 48.6111
-1305.5 56.8333
-1306.5 66.9445
-1307.5 74.1667
-1308.5 80.9445
-1309.5 84.3889
-1310.5 85.9444
-1311.5 88.5555
-1312.5 87.5555
-1313.5 84.8888
-1314.5 79.9444
-1315.5 73.9444
-1316.5 66.8889
-1317.5 59.2222
-1318.5 51.7222
-1319.5 43.2777
-1320.5 38.0555
-1321.5 40
-1322.5 43.8889
-1323.5 43.8333
-1324.5 46
-1325.5 53.3333
-1326.5 60.4445
-1327.5 69.3333
-1328.5 76.2777
-1329.5 81.5
-1330.5 87.8889
-1331.5 90.3333
-1332.5 93.9444
-1333.5 96.4444
-1334.5 91.9444
-1335.5 82.8333
-1336.5 73.1667
-1337.5 62.3333
-1338.5 49.2223
-1339.5 40
-1340.5 36.9444
-1341.5 37.4444
-1342.5 40.2222
-1343.5 48
-1344.5 54.7778
-1345.5 61.3889
-1346.5 71.8889
-1347.5 78.0556
-1348.5 82.7778
-1349.5 87.6667
-1350.5 89.1111
-1351.5 89.1667
-1352.5 89.4444
-1353.5 88.5
-1354.5 84.3333
-1355.5 76.5
-1356.5 66.5556
-1357.5 59.1111
-1358.5 49.1667
-1359.5 37.1667
-1360.5 33.2778
-1361.5 34.0556
-1362.5 37.6111
-1363.5 44.3333
-1364.5 49.6667
-1365.5 54.3889
-1366.5 61.0556
-1367.5 69.5556
-1368.5 75.8888
-1369.5 79.8888
-1370.5 84.3333
-1371.5 87.5556
-1372.5 89.1667
-1373.5 88.8333
-1374.5 88.5556
-1375.5 85.8333
-1376.5 78.5555
-1377.5 67.7777
-1378.5 54.3333
-1379.5 43
-1380.5 36
-1381.5 34.7222
-1382.5 36.0555
-1383.5 40.2222
-1384.5 47.9445
-1385.5 55.5
-1386.5 62.5
-1387.5 66.7223
-1388.5 72.0556
-1389.5 79.4445
-1390.5 81.6112
-1391.5 84
-1392.5 88.4444
-1393.5 88.8333
-1394.5 87
-1395.5 85.2778
-1396.5 79.3889
-1397.5 70.2778
-1398.5 64.7778
-1399.5 58.9445
-1400.5 52
-1401.5 46.5555
-1402.5 39.3889
-1403.5 33.8889
-1404.5 35.9445
-1405.5 43.7223
-1406.5 51.8889
-1407.5 60.5556
-1408.5 68.8889
-1409.5 75.8333
-1410.5 82.7223
-1411.5 85.8889
-1412.5 85.8889
-1413.5 88.0556
-1414.5 88.8888
-1415.5 85.5555
-1416.5 82
-1417.5 78.1111
-1418.5 71.3889
-1419.5 63.2778
-1420.5 54.8889
-1421.5 46.7222
-1422.5 41.6667
-1423.5 37.5
-1424.5 33.6667
-1425.5 33
-1426.5 39.8889
-1427.5 48.6111
-1428.5 54.6111
-1429.5 59.8333
-1430.5 62.8333
-1431.5 69.5555
-1432.5 78.5
-1433.5 85.5
-1434.5 90.2222
-1435.5 90.6111
-1436.5 87.5
-1437.5 82.2777
-1438.5 73.8888
-1439.5 62.7777
-1440.5 51.5555
-1441.5 43.4445
-1442.5 38.8333
-1443.5 37.3333
-1444.5 38.1111
-1445.5 40.2222
-1446.5 43.5555
-1447.5 49.5555
-1448.5 56.5
-1449.5 64.1111
-1450.5 73.5556
-1451.5 78.4445
-1452.5 82
-1453.5 85.4444
-1454.5 86.2222
-1455.5 88.2222
-1456.5 90.3333
-1457.5 88.9444
-1458.5 85.1667
-1459.5 79.4445
-1460.5 70.2223
-1461.5 61.2223
-1462.5 56.0555
-1463.5 49.9445
-1464.5 42.2778
-1465.5 37.1111
-1466.5 35.6111
-1467.5 36.6667
-1468.5 38.5
-1469.5 43.5
-1470.5 54.3889
-1471.5 66.5555
-1472.5 73.4444
-1473.5 78
-1474.5 82.1667
-1475.5 85.7777
-1476.5 88.5555
-1477.5 90.0555
-1478.5 92.6667
-1479.5 92.8889
-1480.5 91.2778
-1481.5 83.4445
-1482.5 68.5556
-1483.5 59.0555
-1484.5 49.5555
-1485.5 40.1667
-1486.5 36.3889
-1487.5 33.5555
-1488.5 32.9444
-1489.5 34.4444
-1490.5 40.7222
-1491.5 51.3889
-1492.5 62.2223
-1493.5 71.5556
-1494.5 78
-1495.5 77.2223
-1496.5 75.8333
-1497.5 85.1111
-1498.5 90.5556
-1499.5 90.8333
-1500.5 93.5
-1501.5 94
-1502.5 93.2222
-1503.5 88.6111
-1504.5 79.6111
-1505.5 70.2777
-1506.5 60.2777
-1507.5 54.4444
-1508.5 52.9444
-1509.5 48.5555
-1510.5 42.7223
-1511.5 38.9445
-1512.5 36.4445
-1513.5 35.5555
-1514.5 37.8333
-1515.5 42.9445
-1516.5 51.5
-1517.5 56.9444
-1518.5 60.5
-1519.5 74.7223
-1520.5 88.8333
-1521.5 93.1667
-1522.5 92.7223
-1523.5 87.8333
-1524.5 85.8333
-1525.5 88.6111
-1526.5 87.7222
-1527.5 82.3889
-1528.5 79.4445
-1529.5 76.5
-1530.5 66.5555
-1531.5 53.8333
-1532.5 43.4445
-1533.5 39.3889
-1534.5 38
-1535.5 34.8889
-1536.5 35.3333
-1537.5 40.1111
-1538.5 50.0556
-1539.5 57.1667
-1540.5 63.3889
-1541.5 71.8889
-1542.5 78.8889
-1543.5 88.0555
-1544.5 93.8333
-1545.5 93.5556
-1546.5 89.5
-1547.5 84.5
-1548.5 75.5
-1549.5 63.1667
-1550.5 56.5
-1551.5 49.9445
-1552.5 42.0555
-1553.5 38.9445
-1554.5 37.5
-1555.5 37.6111
-1556.5 40.6111
-1557.5 41.8889
-1558.5 45.5555
-1559.5 53.2778
-1560.5 61.9444
-1561.5 72.0555
-1562.5 82.1111
-1563.5 88.9445
-1564.5 92.0556
-1565.5 92.7777
-1566.5 92.3333
-1567.5 89.9444
-1568.5 85.0555
-1569.5 76.7223
-1570.5 69.7778
-1571.5 65.1111
-1572.5 57.1111
-1573.5 50.5555
-1574.5 47.8889
-1575.5 43.1111
-1576.5 37.5555
-1577.5 35
-1578.5 35.4445
-1579.5 38.5
-1580.5 44.4445
-1581.5 51.5
-1582.5 56.6667
-1583.5 64.1112
-1584.5 72.1112
-1585.5 79.7223
-1586.5 87.2223
-1587.5 91.1112
-1588.5 92.1112
-1589.5 91.7778
-1590.5 90.6111
-1591.5 90.5556
-1592.5 90.6111
-1593.5 90.3888
-1594.5 88.2777
-1595.5 84
-1596.5 78.5556
-1597.5 72.6667
-1598.5 71.5
-1599.5 67.7778
-1600.5 56.5555
-1601.5 45.2777
-1602.5 36.6111
-1603.5 32.7222
-1604.5 33
-1605.5 33.8333
-1606.5 37
-1607.5 43.3889
-1608.5 54.6111
-1609.5 67.1667
-1610.5 74.6111
-1611.5 77.3888
-1612.5 79.5
-1613.5 82.7778
-1614.5 84.3889
-1615.5 88
-1616.5 91.1667
-1617.5 92.4444
-1618.5 91.7223
-1619.5 88.7778
-1620.5 85.8889
-1621.5 80.4445
-1622.5 73.3333
-1623.5 63.8334
-1624.5 57.5555
-1625.5 53.8889
-1626.5 46.8333
-1627.5 40.3333
-1628.5 36.2778
-1629.5 35.5
-1630.5 38.0555
-1631.5 42.0555
-1632.5 48.5
-1633.5 54.8333
-1634.5 62.2223
-1635.5 69.6667
-1636.5 74.3889
-1637.5 80.9444
-1638.5 85.5555
-1639.5 87.2777
-1640.5 90.7222
-1641.5 92.6667
-1642.5 92.1111
-1643.5 90.3333
-1644.5 86.2778
-1645.5 82.4445
-1646.5 76.9445
-1647.5 70.4445
-1648.5 65.1667
-1649.5 59.3889
-1650.5 53.3889
-1651.5 50.0555
-1652.5 50.5
-1653.5 46.9445
-1654.5 38.1111
-1655.5 32.6667
-1656.5 34.8333
-1657.5 41.2222
-1658.5 47.8889
-1659.5 57.7222
-1660.5 66.0555
-1661.5 70.2778
-1662.5 76.1667
-1663.5 81.1111
-1664.5 84.3333
-1665.5 87.0556
-1666.5 90.0556
-1667.5 91.0556
-1668.5 89.8889
-1669.5 90.6667
-1670.5 90.3333
-1671.5 87.8333
-1672.5 86.3333
-1673.5 84.6111
-1674.5 76.7778
-1675.5 66.8333
-1676.5 62.9445
-1677.5 60
-1678.5 53.3333
-1679.5 49.0555
-1680.5 45.2778
-1681.5 39.0555
-1682.5 34.5555
-1683.5 35.1111
-1684.5 36.8889
-1685.5 38.5555
-1686.5 41.8889
-1687.5 46.2222
-1688.5 51.6667
-1689.5 56
-1690.5 59.5555
-1691.5 63.6667
-1692.5 67.8333
-1693.5 70.4444
-1694.5 73.3333
-1695.5 78.3889
-1696.5 83.6112
-1697.5 86.3333
-1698.5 88.3889
-1699.5 90.2778
-1700.5 90.5
-1701.5 89.9445
-1702.5 88.5556
-1703.5 85.6111
-1704.5 81.0555
-1705.5 75.1667
-1706.5 67.7222
-1707.5 61.5
-1708.5 60.3333
-1709.5 61.2777
-1710.5 59.9444
-1711.5 55.6667
-1712.5 49.5555
-1713.5 44.2777
-1714.5 39.1111
-1715.5 34.8889
-1716.5 32.5
-1717.5 32.5
-1718.5 37
-1719.5 42.6667
-1720.5 47.5555
-1721.5 50.1111
-1722.5 52.6111
-1723.5 57.1667
-1724.5 62.5
-1725.5 66.1667
-1726.5 70.3333
-1727.5 77.3889
-1728.5 82.3333
-1729.5 85.5
-1730.5 89.7777
-1731.5 92.6667
-1732.5 92.5555
-1733.5 91.8889
-1734.5 91.3889
-1735.5 89.0555
-1736.5 87.1667
-1737.5 87.1111
-1738.5 82.1667
-1739.5 73.7222
-1740.5 70.6667
-1741.5 71.1111
-1742.5 73.1111
-1743.5 73.3888
-1744.5 67.3889
-1745.5 58.9445
-1746.5 50.3889
-1747.5 43.8333
-1748.5 37.6111
-1749.5 33.2223
-1750.5 32.5555
-1751.5 32
-1752.5 34.0556
-1753.5 37
-1754.5 40.1111
-1755.5 44.6111
-1756.5 49.4444
-1757.5 54.2222
-1758.5 56.8333
-1759.5 56.4445
-1760.5 57.2222
-1761.5 60.8333
-1762.5 64.2222
-1763.5 66.4445
-1764.5 71.4445
-1765.5 79.5
-1766.5 82.5555
-1767.5 83.0555
-1768.5 84.6111
-1769.5 86.8333
-1770.5 89.2777
-1771.5 89.8333
-1772.5 85.7223
-1773.5 80.7778
-1774.5 78.2223
-1775.5 77.3333
-1776.5 76.3889
-1777.5 73.6667
-1778.5 70.3888
-1779.5 61.1666
-1780.5 59
-1781.5 62.1111
-1782.5 60.9445
-1783.5 56.7223
-1784.5 50.7223
-1785.5 47.4445
-1786.5 40.5
-1787.5 36.7778
-1788.5 37.5555
-1789.5 40.4445
-1790.5 45.6667
-1791.5 45.6667
-1792.5 43.2778
-1793.5 42.8333
-1794.5 45.5
-1795.5 48.1667
-1796.5 49
-1797.5 50.8889
-1798.5 55.8333
-1799.5 60.6667
-1800.5 64.2777
-1801.5 72.3889
-1802.5 85
-1803.5 88.5
-1804.5 81.3333
-1805.5 82.8889
-1806.5 88.5555
-1807.5 89.3888
-1808.5 92.1667
-1809.5 92.6667
-1810.5 89.5
-1811.5 88.5556
-1812.5 88.9444
-1813.5 86.5555
-1814.5 81.2778
-1815.5 77.1667
-1816.5 76
-1817.5 76.5
-1818.5 74.3333
-1819.5 71.8889
-1820.5 69.4445
-1821.5 64.6111
-1822.5 64.3889
-1823.5 59.7778
-1824.5 48.3889
-1825.5 42.0555
-1826.5 38.1111
-1827.5 36.8889
-1828.5 36.7223
-1829.5 36.1667
-1830.5 44.3889
-1831.5 46.4445
-1832.5 41.1667
-1833.5 43.5
-1834.5 44
-1835.5 45.4445
-1836.5 50.0555
-1837.5 54
-1838.5 58.7777
-1839.5 63.6111
-1840.5 68.6111
-1841.5 73.4444
-1842.5 79.6667
-1843.5 83.0556
-1844.5 82.2777
-1845.5 82.7222
-1846.5 83.2222
-1847.5 85.8888
-1848.5 88.8333
-1849.5 87
-1850.5 84.4444
-1851.5 82.6667
-1852.5 80.8333
-1853.5 79.2777
-1854.5 75.7222
-1855.5 72.2222
-1856.5 71.3333
-1857.5 71.4444
-1858.5 69.8888
-1859.5 66.0555
-1860.5 59.7223
-1861.5 50.9445
-1862.5 45.6111
-1863.5 40.7777
-1864.5 34.8333
-1865.5 34.4445
-1866.5 34.7223
-1867.5 33.8889
-1868.5 43.2222
-1869.5 52.0555
-1870.5 50.5555
-1871.5 50.8889
-1872.5 50.8333
-1873.5 51
-1874.5 55.8333
-1875.5 63.6111
-1876.5 71.2777
-1877.5 77.6667
-1878.5 84.3333
-1879.5 86.6112
-1880.5 85.8333
-1881.5 85.6111
-1882.5 85.6111
-1883.5 87
-1884.5 88.6111
-1885.5 89.7777
-1886.5 90
-1887.5 89.8889
-1888.5 88.5
-1889.5 86.5
-1890.5 82.4445
-1891.5 78.6111
-1892.5 75.4444
-1893.5 68.5
-1894.5 64.7777
-1895.5 66.7777
-1896.5 67.2222
-1897.5 62.5555
-1898.5 53.4445
-1899.5 45.8889
-1900.5 44.0555
-1901.5 42.8889
-1902.5 41.1667
-1903.5 40.6667
-1904.5 36.9445
-1905.5 35.2777
-1906.5 43.2777
-1907.5 50.6667
-1908.5 51.7777
-1909.5 45.3333
-1910.5 42.6111
-1911.5 46.2222
-1912.5 46.6667
-1913.5 49.3889
-1914.5 54.1667
-1915.5 57.5555
-1916.5 59.2778
-1917.5 62.2778
-1918.5 65.0556
-1919.5 67.7222
-1920.5 70
-1921.5 72.8889
-1922.5 77.5
-1923.5 79.6111
-1924.5 81.7222
-1925.5 84.1667
-1926.5 86.4445
-1927.5 86.8889
-1928.5 85.5
-1929.5 86.0556
-1930.5 86.3333
-1931.5 83.6667
-1932.5 81.1112
-1933.5 79.6112
-1934.5 77.5
-1935.5 75.7777
-1936.5 75.6111
-1937.5 73.7777
-1938.5 68.0556
-1939.5 64.4445
-1940.5 63.3889
-1941.5 60.1667
-1942.5 56.3889
-1943.5 52.5
-1944.5 49
-1945.5 45.5555
-1946.5 41.4445
-1947.5 39
-1948.5 41.4445
-1949.5 42.1667
-1950.5 42.4445
-1951.5 45.2222
-1952.5 46.5555
-1953.5 49.1111
-1954.5 51.8889
-1955.5 55.4444
-1956.5 58.2222
-1957.5 57.8333
-1958.5 57.3333
-1959.5 61.5
-1960.5 64.8333
-1961.5 66.5
-1962.5 69.2222
-1963.5 70.2777
-1964.5 72.4444
-1965.5 77.3333
-1966.5 82.2222
-1967.5 84.2777
-1968.5 85.4444
-1969.5 85.4444
-1970.5 85.3333
-1971.5 87.0555
-1972.5 87.6111
-1973.5 86.7222
-1974.5 86.0555
-1975.5 86.6667
-1976.5 86.4445
-1977.5 85.4445
-1978.5 83.5556
-1979.5 82.2223
-1980.5 81.1667
-1981.5 80.1667
-1982.5 79.1112
-1983.5 76.6112
-1984.5 75.0556
-1985.5 73.7223
-1986.5 70.5
-1987.5 65.8333
-1988.5 61.1111
-1989.5 56.3333
-1990.5 53.2778
-1991.5 48.7223
-1992.5 45.6111
-1993.5 45
-1994.5 41.5
-1995.5 37.4445
-1996.5 36.8333
-1997.5 35.1667
-1998.5 34.4445
-1999.5 34.6667
-2000.5 35
-2001.5 38.1667
-2002.5 37.0555
-2003.5 35.2777
-2004.5 36.1111
-2005.5 34.7223
-2006.5 39.1111
-2007.5 44.8889
-2008.5 47.3333
-2009.5 47.9444
-2010.5 49.8333
-2011.5 56.3889
-2012.5 58.7778
-2013.5 59.7222
-2014.5 62.5
-2015.5 66.2778
-2016.5 68.8333
-2017.5 71.8333
-2018.5 77.1111
-2019.5 81.0556
-2020.5 83.9445
-2021.5 87.1667
-2022.5 90.6111
-2023.5 93.6111
-2024.5 96.0555
-2025.5 97.6667
-2026.5 97.7223
-2027.5 98.9445
-2028.5 98.5
-2029.5 97.1667
-2030.5 97.8888
-2031.5 98.1111
-2032.5 91.2778
-2033.5 83
-2034.5 79.3333
-2035.5 74.3333
-2036.5 70.1667
-2037.5 66.6111
-2038.5 68.3333
-2039.5 68.7778
-2040.5 61.8889
-2041.5 62.1111
-2042.5 64.5555
-2043.5 57.4445
-2044.5 55.1667
-2045.5 56.4445
-2046.5 52.4445
-2047.5 49.4445
-2048.5 45.4445
-2049.5 42.5555
-2050.5 40.4445
-2051.5 37.8333
-2052.5 36.9445
-2053.5 38
-2054.5 37.6111
-2055.5 36.3333
-2056.5 38.7777
-2057.5 42.1667
-2058.5 47.2777
-2059.5 48.5555
-2060.5 47.1111
-2061.5 51.2223
-2062.5 56.6667
-2063.5 61.5
-2064.5 65.1112
-2065.5 71.1112
-2066.5 75.1112
-2067.5 75
-2068.5 78.9444
-2069.5 84.2778
-2070.5 83.4445
-2071.5 80.3333
-2072.5 82.2223
-2073.5 88
-2074.5 92.6111
-2075.5 93.3889
-2076.5 93.9445
-2077.5 95.1667
-2078.5 94
-2079.5 93.8889
-2080.5 95.6667
-2081.5 94.7777
-2082.5 95.6111
-2083.5 96.2223
-2084.5 94.4444
-2085.5 96.7222
-2086.5 96.1667
-2087.5 93.9445
-2088.5 94.1667
-2089.5 94.7778
-2090.5 95.0556
-2091.5 93.1111
-2092.5 92.5555
-2093.5 92.5555
-2094.5 90.2222
-2095.5 86
-2096.5 81.2778
-2097.5 78.2778
-2098.5 76.4444
-2099.5 73.5555
-2100.5 69.7223
-2101.5 65.7778
-2102.5 59.1667
-2103.5 52.2222
-2104.5 49.5
-2105.5 49.8889
-2106.5 47.0555
-2107.5 42.3333
-2108.5 43.2777
-2109.5 43.2777
-2110.5 42.6111
-2111.5 43
-2112.5 42.6111
-2113.5 43.9445
-2114.5 44.6111
-2115.5 46.3333
-2116.5 48.9445
-2117.5 50.7778
-2118.5 53.0555
-2119.5 55.5
-2120.5 53.8333
-2121.5 50.8333
-2122.5 49.8889
-2123.5 49.1111
-2124.5 49.7222
-2125.5 50.8889
-2126.5 54.3889
-2127.5 59.1111
-2128.5 61.8889
-2129.5 63.6667
-2130.5 64.2223
-2131.5 67.8333
-2132.5 74.9444
-2133.5 77.0555
-2134.5 77.5
-2135.5 79.7222
-2136.5 80.8888
-2137.5 83.0555
-2138.5 87.3333
-2139.5 89.9445
-2140.5 90.8889
-2141.5 92
-2142.5 91.2777
-2143.5 93.1111
-2144.5 96.1667
-2145.5 96.5
-2146.5 92.6112
-2147.5 89.3333
-2148.5 89.7222
-2149.5 89.9444
-2150.5 90
-2151.5 87.7223
-2152.5 84.5
-2153.5 83.5555
-2154.5 82.1667
-2155.5 80.7777
-2156.5 81.7777
-2157.5 79.4444
-2158.5 76.0556
-2159.5 69.1667
-2160.5 61.3889
-2161.5 62.2778
-2162.5 64.2778
-2163.5 65.5
-2164.5 66.5555
-2165.5 60.9444
-2166.5 54
-2167.5 48.2222
-2168.5 43.5
-2169.5 43.4445
-2170.5 42.7222
-2171.5 38.9445
-2172.5 37.7223
-2173.5 37.5555
-2174.5 37.1111
-2175.5 36.4445
-2176.5 34.6111
-2177.5 35.6111
-2178.5 35.8889
-2179.5 35.8333
-2180.5 36.4445
-2181.5 35.9445
-2182.5 36.6667
-2183.5 36.9445
-2184.5 36.5555
-2185.5 36.8333
-2186.5 38.8889
-2187.5 41.8333
-2188.5 44.1667
-2189.5 46.0556
-2190.5 47.1667
-2191.5 49.9445
-2192.5 52.1667
-2193.5 52.6111
-2194.5 55.0555
-2195.5 56.5555
-2196.5 56.6111
-2197.5 57
-2198.5 59.3333
-2199.5 65.2778
-2200.5 70.0556
-2201.5 71.4444
-2202.5 72.6667
-2203.5 74.1111
-2204.5 75.4444
-2205.5 74.7778
-2206.5 71
-2207.5 71.6667
-2208.5 75.6667
-2209.5 77
-2210.5 79.8333
-2211.5 83.6112
-2212.5 86.2778
-2213.5 92.1111
-2214.5 96.6667
-2215.5 98.3333
-2216.5 100.111
-2217.5 100.889
-2218.5 100.945
-2219.5 99.2779
-2220.5 98.7223
-2221.5 100.167
-2222.5 99.5557
-2223.5 97.7222
-2224.5 98.9445
-2225.5 99.5
-2226.5 98.8889
-2227.5 98.7778
-2228.5 98.1667
-2229.5 96.6667
-2230.5 94
-2231.5 89.5
-2232.5 84.8889
-2233.5 83.5556
-2234.5 79
-2235.5 73.5555
-2236.5 71.1667
-2237.5 69.6111
-2238.5 68
-2239.5 67.0555
-2240.5 62.5555
-2241.5 56.1667
-2242.5 55.7778
-2243.5 56.5
-2244.5 54.9445
-2245.5 53.6667
-2246.5 52.7222
-2247.5 49.6667
-2248.5 45.3889
-2249.5 43.8333
-2250.5 43.2222
-2251.5 42.6111
-2252.5 41.7222
-2253.5 40.5555
-2254.5 38.8333
-2255.5 37.1111
-2256.5 36.8333
-2257.5 35.7222
-2258.5 36
-2259.5 36.4445
-2260.5 36.4445
-2261.5 36.3889
-2262.5 37.1111
-2263.5 38.2222
-2264.5 38.5555
-2265.5 39.5
-2266.5 40.7223
-2267.5 43.5
-2268.5 45.2222
-2269.5 45.8889
-2270.5 45.0555
-2271.5 43.8889
-2272.5 45.5
-2273.5 46.3889
-2274.5 47.1111
-2275.5 49.3333
-2276.5 51
-2277.5 53.6667
-2278.5 56.5
-2279.5 56
-2280.5 56.2778
-2281.5 59.1667
-2282.5 65.9444
-2283.5 75.0555
-2284.5 81.5555
-2285.5 85.2777
-2286.5 86.3888
-2287.5 85.7222
-2288.5 85.3889
-2289.5 85.3889
-2290.5 82.9444
-2291.5 82.1111
-2292.5 82
-2293.5 80.7223
-2294.5 81.1667
-2295.5 81.6111
-2296.5 83.1111
-2297.5 86.7777
-2298.5 91
-2299.5 93.1111
-2300.5 94.0555
-2301.5 96.2778
-2302.5 98.0555
-2303.5 97.5555
-2304.5 89.2223
-2305.5 81.5556
-2306.5 81.5556
-2307.5 83.2778
-2308.5 83.7223
-2309.5 83.3333
-2310.5 83.6111
-2311.5 83.5555
-2312.5 84.1667
-2313.5 84.7777
-2314.5 84.8333
-2315.5 83.4444
-2316.5 84.0556
-2317.5 85.1112
-2318.5 85.4444
-2319.5 86
-2320.5 85.7223
-2321.5 86.2778
-2322.5 86.2778
-2323.5 85.0555
-2324.5 83.2777
-2325.5 83.2222
-2326.5 83.8333
-2327.5 84.0556
-2328.5 85.9445
-2329.5 86.4445
-2330.5 86.1112
-2331.5 86.3889
-2332.5 87.1111
-2333.5 87
-2334.5 84.8889
-2335.5 84.3333
-2336.5 84.4445
-2337.5 84.9445
-2338.5 85.7223
-2339.5 84.8889
-2340.5 84.2222
-2341.5 83.2777
-2342.5 83.8333
-2343.5 83.8333
-2344.5 82.6667
-2345.5 83.5
-2346.5 85.2222
-2347.5 85.2222
-2348.5 85.6111
-2349.5 87.5556
-2350.5 87.4445
-2351.5 87.1667
-2352.5 87.1667
-2353.5 86.7222
-2354.5 86.1667
-2355.5 86.3889
-2356.5 85.5
-2357.5 84.6667
-2358.5 83.7777
-2359.5 81.6667
-2360.5 81.1111
-2361.5 81.2222
-2362.5 81.3889
-2363.5 81.7778
-2364.5 82.9445
-2365.5 83.7778
-2366.5 85.3889
-2367.5 86.1111
-2368.5 84.2777
-2369.5 83.3333
-2370.5 84.4445
-2371.5 85.6112
-2372.5 85.6112
-2373.5 86.1667
-2374.5 86.0556
-2375.5 84.1667
-2376.5 81.6667
-2377.5 80.8333
-2378.5 81.5556
-2379.5 82
-2380.5 81.2222
-2381.5 79.8888
-2382.5 79.4444
-2383.5 80.2222
-2384.5 81.5555
-2385.5 81.1667
-2386.5 81.2222
-2387.5 81.5
-2388.5 78.9444
-2389.5 76.3333
-2390.5 73.6667
-2391.5 72.5555
-2392.5 73.5555
-2393.5 74.0555
-2394.5 74.3333
-2395.5 73.6667
-2396.5 72.5555
-2397.5 70.6111
-2398.5 71.0555
-2399.5 74.5
-2400.5 77.5
-2401.5 79.7778
-2402.5 80.1667
-2403.5 79.5555
-2404.5 80.2777
-2405.5 80.4445
-2406.5 78.4445
-2407.5 77.3333
-2408.5 75.1667
-2409.5 73.9445
-2410.5 74.6667
-2411.5 74.6111
-2412.5 74.5
-2413.5 74.6111
-2414.5 79.7222
-2415.5 84.0555
-2416.5 85.3333
-2417.5 86.8333
-2418.5 85.8333
-2419.5 86.3333
-2420.5 83.1111
-2421.5 76.5556
-2422.5 68
-2423.5 60.2222
-2424.5 65.3333
-2425.5 76.4444
-2426.5 78.8333
-2427.5 77.8888
-2428.5 80.5556
-2429.5 80.5556
-2430.5 79.0556
-2431.5 80.9445
-2432.5 81.4445
-2433.5 79.6112
-2434.5 79.4444
-2435.5 80.5555
-2436.5 81.7778
-2437.5 83.7223
-2438.5 86.0556
-2439.5 86.5556
-2440.5 85.9445
-2441.5 84.4445
-2442.5 84.5
-2443.5 85.8333
-2444.5 84.7222
-2445.5 85.2777
-2446.5 86.3333
-2447.5 85.5556
-2448.5 85.7223
-2449.5 84.7223
-2450.5 84.0556
-2451.5 84.3889
-2452.5 84.4444
-2453.5 84.3333
-2454.5 84.7777
-2455.5 84.6667
-2456.5 85.2222
-2457.5 84.6667
-2458.5 82.3333
-2459.5 83.3889
-2460.5 85.3333
-2461.5 87.1667
-2462.5 89.5555
-2463.5 89.0555
-2464.5 88.8333
-2465.5 90.3889
-2466.5 89.8333
-2467.5 89.0555
-2468.5 89.5
-2469.5 89.1112
-2470.5 88.7778
-2471.5 88.9445
-2472.5 87.8889
-2473.5 88.5
-2474.5 89.4444
-2475.5 88.4444
-2476.5 87.5555
-2477.5 85.8333
-2478.5 83.7223
-2479.5 83.7223
-2480.5 83
-2481.5 81.5
-2482.5 82.6112
-2483.5 85.3333
-2484.5 86.1111
-2485.5 84.1111
-2486.5 82.7777
-2487.5 83.4444
-2488.5 82.8333
-2489.5 78.9445
-2490.5 78.4445
-2491.5 78.1111
-2492.5 77.2778
-2493.5 79.5556
-2494.5 79.8889
-2495.5 79.4445
-2496.5 80.0556
-2497.5 79.3888
-2498.5 81.3333
-2499.5 82.7222
-2500.5 82.5
-2501.5 83.2778
-2502.5 81.7223
-2503.5 82.1667
-2504.5 81.7223
-2505.5 79.4445
-2506.5 80
-2507.5 78.8889
-2508.5 77
-2509.5 78.0556
-2510.5 79
-2511.5 79.5
-2512.5 77.7778
-2513.5 75.9445
-2514.5 77.3333
-2515.5 77.8333
-2516.5 77.3333
-2517.5 76.8333
-2518.5 75.8889
-2519.5 74.8333
-2520.5 73.8333
-2521.5 71.7778
-2522.5 68.7222
-2523.5 67.1667
-2524.5 65.7778
-2525.5 62.2223
-2526.5 61.7223
-2527.5 63.2223
-2528.5 61.7778
-2529.5 61.2223
-2530.5 62.3333
-2531.5 58.6111
-2532.5 54.1111
-2533.5 57.2778
-2534.5 58.5556
-2535.5 58.3889
-2536.5 59.6111
-2537.5 57.3333
-2538.5 53.3333
-2539.5 49.9445
-2540.5 47.7223
-2541.5 44.6667
-2542.5 42.1111
-2543.5 40.0555
-2544.5 39.7778
-2545.5 41.2223
-2546.5 41.8333
-2547.5 44
-2548.5 44.0555
-2549.5 43.2777
-2550.5 44.3333
-2551.5 44.5555
-2552.5 45.0555
-2553.5 43.8889
-2554.5 43.7777
-2555.5 44.5555
-2556.5 44
-2557.5 42.0555
-2558.5 39.4445
-2559.5 38.6111
-2560.5 37.7222
-2561.5 37.7222
-2562.5 36.8333
-2563.5 35.4445
-2564.5 36.1667
-2565.5 36.3889
-2566.5 36.2222
-2567.5 35.2222
-2568.5 34.5555
-2569.5 35.5
-2570.5 36.2222
-2571.5 38.8333
-2572.5 40.5
-2573.5 37.8889
-2574.5 37.3889
-2575.5 38.8889
-2576.5 39.6667
-2577.5 41.6667
-2578.5 41.7222
-2579.5 38.9444
-2580.5 37.1111
-2581.5 38.7223
-2582.5 40.2223
-2583.5 41
-2584.5 43.0555
-2585.5 43.8889
-2586.5 45.1111
-2587.5 48.6667
-2588.5 50.6667
-2589.5 52.1111
-2590.5 54.5555
-2591.5 59.4445
-2592.5 64.8889
-2593.5 66.1667
-2594.5 64.9445
-2595.5 62.3889
-2596.5 61.7222
-2597.5 63.6667
-2598.5 64.8889
-2599.5 66.4444
-2600.5 68.5555
-2601.5 70.3333
-2602.5 72
-2603.5 76.0555
-2604.5 80.8333
-2605.5 81.7778
-2606.5 79.8333
-2607.5 79.4445
-2608.5 81.7778
-2609.5 83.2778
-2610.5 83.1111
-2611.5 82.3333
-2612.5 81.8333
-2613.5 80.8888
-2614.5 80.5
-2615.5 81.3333
-2616.5 82.6667
-2617.5 85.4445
-2618.5 87.9445
-2619.5 89.1111
-2620.5 90.5555
-2621.5 92.1667
-2622.5 92.1111
-2623.5 91.8333
-2624.5 92.3889
-2625.5 93.1667
-2626.5 93.4445
-2627.5 93.3889
-2628.5 93.2777
-2629.5 92.9444
-2630.5 93
-2631.5 88.5
-2632.5 86
-2633.5 88.0556
-2634.5 88.6112
-2635.5 88.2778
-2636.5 87.5556
-2637.5 87.7777
-2638.5 89.3333
-2639.5 90.7777
-2640.5 90.6667
-2641.5 89.7222
-2642.5 87.1667
-2643.5 82.1111
-2644.5 79.3889
-2645.5 80.5
-2646.5 79.5
-2647.5 80.5
-2648.5 81.9444
-2649.5 81.3888
-2650.5 80.0555
-2651.5 76.6111
-2652.5 76.8333
-2653.5 78.8889
-2654.5 80.1667
-2655.5 79.3333
-2656.5 77.3889
-2657.5 78.1111
-2658.5 79.1111
-2659.5 77.6111
-2660.5 76.6111
-2661.5 75.3333
-2662.5 69.8889
-2663.5 63.3889
-2664.5 60.2778
-2665.5 58.3889
-2666.5 58.1111
-2667.5 59.8333
-2668.5 58.6667
-2669.5 55.7778
-2670.5 53.0555
-2671.5 49.5555
-2672.5 48.3889
-2673.5 48.3333
-2674.5 49.8333
-2675.5 51.8889
-2676.5 48.5555
-2677.5 42.5555
-2678.5 36.7778
-2679.5 33.3889
-2680.5 33.1111
-2681.5 32.4445
-2682.5 31.7222
-2683.5 32.5
-2684.5 32.9445
-2685.5 32.4445
-2686.5 33.5
-2687.5 34.8889
-2688.5 35.5555
-2689.5 35.0555
-2690.5 35.5555
-2691.5 36.6111
-2692.5 37.3333
-2693.5 38.1111
-2694.5 37.7223
-2695.5 37.6111
-2696.5 39.2777
-2697.5 43.7777
-2698.5 48.8333
-2699.5 52.3333
-2700.5 51.8333
-2701.5 50
-2702.5 51.6667
-2703.5 55.0555
-2704.5 61.1111
-2705.5 68.9444
-2706.5 72.6111
-2707.5 72.3333
-2708.5 70.1667
-2709.5 67
-2710.5 71.2777
-2711.5 81.8888
-2712.5 85.8888
-2713.5 85.5
-2714.5 85.1112
-2715.5 85.6667
-2716.5 84.7223
-2717.5 84.0556
-2718.5 83.8888
-2719.5 84.3333
-2720.5 84.8888
-2721.5 85.6667
-2722.5 88.2778
-2723.5 88.1112
-2724.5 88.8333
-2725.5 89.9444
-2726.5 89.7223
-2727.5 90.3889
-2728.5 90.4444
-2729.5 89.7778
-2730.5 89.2778
-2731.5 88.3889
-2732.5 86.6667
-2733.5 84.3888
-2734.5 82.7777
-2735.5 82
-2736.5 81.2223
-2737.5 79.1667
-2738.5 76.2778
-2739.5 74.3333
-2740.5 72.6111
-2741.5 70.1111
-2742.5 66.9445
-2743.5 63.6111
-2744.5 61.5555
-2745.5 60.6111
-2746.5 60
-2747.5 57.5555
-2748.5 56.9444
-2749.5 58.3889
-2750.5 57.6111
-2751.5 55.3889
-2752.5 50.6111
-2753.5 44.8333
-2754.5 40.3889
-2755.5 38.3889
-2756.5 37.4445
-2757.5 37.1667
-2758.5 40.3889
-2759.5 39.3333
-2760.5 37.3889
-2761.5 37.2222
-2762.5 36.4445
-2763.5 35.9445
-2764.5 36
-2765.5 37.9445
-2766.5 37.8889
-2767.5 40.2778
-2768.5 44.0555
-2769.5 44.1111
-2770.5 46.3333
-2771.5 53.2223
-2772.5 61.3889
-2773.5 65.0556
-2774.5 65.3889
-2775.5 68.3889
-2776.5 70.8889
-2777.5 72.6112
-2778.5 74.2778
-2779.5 75.1667
-2780.5 75.8888
-2781.5 75.8333
-2782.5 76.3333
-2783.5 79.2777
-2784.5 82.7222
-2785.5 85.8333
-2786.5 88.2777
-2787.5 89.2222
-2788.5 89.3333
-2789.5 89
-2790.5 88.8889
-2791.5 87.6667
-2792.5 85.6111
-2793.5 84.5
-2794.5 82.7778
-2795.5 80.7223
-2796.5 78
-2797.5 74.2777
-2798.5 73.2222
-2799.5 72.9445
-2800.5 73.7223
-2801.5 73.8333
-2802.5 71.5
-2803.5 68.7223
-2804.5 64.5556
-2805.5 60.3889
-2806.5 56.7777
-2807.5 55.0555
-2808.5 51.9445
-2809.5 48.0555
-2810.5 45.1111
-2811.5 44.3889
-2812.5 45.0556
-2813.5 43.2223
-2814.5 41.6667
-2815.5 39.4444
-2816.5 37.3333
-2817.5 36.9445
-2818.5 37.9445
-2819.5 37.8889
-2820.5 37.7778
-2821.5 37.2222
-2822.5 36.7777
-2823.5 37.9445
-2824.5 37
-2825.5 37.2222
-2826.5 40.6667
-2827.5 45.1667
-2828.5 47.3889
-2829.5 48.8333
-2830.5 50.9445
-2831.5 54.9445
-2832.5 60.5
-2833.5 65.3889
-2834.5 69.5
-2835.5 72.8333
-2836.5 76.5
-2837.5 80.1111
-2838.5 80.6667
-2839.5 80.5556
-2840.5 82.2778
-2841.5 85.7778
-2842.5 87
-2843.5 85.9444
-2844.5 86.6667
-2845.5 87.0556
-2846.5 87.1667
-2847.5 88.5
-2848.5 88.2778
-2849.5 86.6667
-2850.5 85.4445
-2851.5 81.2777
-2852.5 78.2777
-2853.5 77.7222
-2854.5 75.1667
-2855.5 70.2222
-2856.5 66.1111
-2857.5 61.7778
-2858.5 59.8333
-2859.5 59.5
-2860.5 58.6667
-2861.5 58.6667
-2862.5 58
-2863.5 57.3889
-2864.5 55.2778
-2865.5 50.6111
-2866.5 46.7222
-2867.5 43.4445
-2868.5 40.1667
-2869.5 39.8889
-2870.5 37.7777
-2871.5 34.7222
-2872.5 34.3333
-2873.5 34.1111
-2874.5 33.0555
-2875.5 32.4445
-2876.5 37.2778
-2877.5 41.5
-2878.5 41.6667
-2879.5 43.8333
-2880.5 46.1111
-2881.5 48.2778
-2882.5 52.3889
-2883.5 56.6111
-2884.5 59.8333
-2885.5 61.5556
-2886.5 64
-2887.5 66.5
-2888.5 70.4444
-2889.5 71.5555
-2890.5 71.2778
-2891.5 73.7778
-2892.5 75.8333
-2893.5 78.8889
-2894.5 80.3333
-2895.5 82.0555
-2896.5 84.4444
-2897.5 85.4444
-2898.5 84.5555
-2899.5 86
-2900.5 87.3333
-2901.5 84.8333
-2902.5 82.2222
-2903.5 82.1667
-2904.5 82.4444
-2905.5 81.1667
-2906.5 78.7778
-2907.5 75.1667
-2908.5 73.0555
-2909.5 69.4444
-2910.5 64.2222
-2911.5 63.7777
-2912.5 63.3333
-2913.5 58.1667
-2914.5 51.1111
-2915.5 50.3889
-2916.5 53.1667
-2917.5 52.6667
-2918.5 48.1111
-2919.5 41.8889
-2920.5 39.2778
-2921.5 37
-2922.5 36.7777
-2923.5 37
-2924.5 34.5
-2925.5 33.0555
-2926.5 34.3333
-2927.5 36.2223
-2928.5 38.7778
-2929.5 48.5
-2930.5 59.3889
-2931.5 65.0556
-2932.5 72.2778
-2933.5 80.0555
-2934.5 85.0555
-2935.5 87.6111
-2936.5 88.6111
-2937.5 91.5555
-2938.5 94.8333
-2939.5 95.6112
-2940.5 94
-2941.5 93.1667
-2942.5 93.6667
-2943.5 91.9444
-2944.5 88.8889
-2945.5 88.7777
-2946.5 89.8888
-2947.5 90.2222
-2948.5 88.6111
-2949.5 82.2777
-2950.5 84.2222
-2951.5 88.1111
-2952.5 82.1667
-2953.5 81.3333
-2954.5 82.2777
-2955.5 71.8889
-2956.5 60.9445
-2957.5 57.1667
-2958.5 52.2777
-2959.5 47.7222
-2960.5 48.5
-2961.5 49.7222
-2962.5 47.5555
-2963.5 43.4445
-2964.5 39.7777
-2965.5 38.7777
-2966.5 41.2222
-2967.5 42.1111
-2968.5 41.1111
-2969.5 42.6667
-2970.5 47.8333
-2971.5 55.9445
-2972.5 64.9445
-2973.5 71.5
-2974.5 78.1667
-2975.5 85.7778
-2976.5 88.5556
-2977.5 87.3888
-2978.5 89.2222
-2979.5 93.3333
-2980.5 95.3333
-2981.5 94.5555
-2982.5 94.3889
-2983.5 94.2223
-2984.5 92.2223
-2985.5 92.8889
-2986.5 93.2778
-2987.5 92.7223
-2988.5 91.5
-2989.5 87.2222
-2990.5 82
-2991.5 78.1667
-2992.5 74
-2993.5 67.3888
-2994.5 59.1667
-2995.5 54.3889
-2996.5 52.9445
-2997.5 46.4445
-2998.5 40.6667
-2999.5 39.1111
-3000.5 37.8889
-3001.5 37.2222
-3002.5 37.1111
-3003.5 38.2223
-3004.5 40.8333
-3005.5 43.2222
-3006.5 45.5555
-3007.5 50.6111
-3008.5 57
-3009.5 61.5555
-3010.5 66.7778
-3011.5 74.2223
-3012.5 78.5
-3013.5 81.9444
-3014.5 85.7222
-3015.5 88.5555
-3016.5 89.3333
-3017.5 90.9444
-3018.5 93.4444
-3019.5 94.1667
-3020.5 94.1667
-3021.5 92.7778
-3022.5 92.9445
-3023.5 93.9445
-3024.5 92.2778
-3025.5 87.5
-3026.5 81.6111
-3027.5 77
-3028.5 76.6111
-3029.5 79.2778
-3030.5 81.2223
-3031.5 76.2778
-3032.5 66.2778
-3033.5 61.6111
-3034.5 59.5
-3035.5 51.3333
-3036.5 40.3333
-3037.5 34.8333
-3038.5 35.1667
-3039.5 36.2222
-3040.5 35.5555
-3041.5 34.1111
-3042.5 33.4445
-3043.5 35.1111
-3044.5 39.5
-3045.5 41.3889
-3046.5 43
-3047.5 49.2778
-3048.5 59.1111
-3049.5 67.5555
-3050.5 72.1667
-3051.5 76.3889
-3052.5 76.8889
-3053.5 77.2778
-3054.5 82.5
-3055.5 89.2222
-3056.5 93.1111
-3057.5 95.7778
-3058.5 96.1111
-3059.5 95.1667
-3060.5 94.3333
-3061.5 93.6111
-3062.5 93.3333
-3063.5 90.3333
-3064.5 85.6667
-3065.5 79.2778
-3066.5 73.5
-3067.5 69.5
-3068.5 64.5
-3069.5 57.5
-3070.5 52.9445
-3071.5 49.1111
-3072.5 45.9445
-3073.5 42.4445
-3074.5 37.9445
-3075.5 36.6111
-3076.5 36.5
-3077.5 41.4445
-3078.5 50
-3079.5 56.2223
-3080.5 61.9445
-3081.5 65.3333
-3082.5 65.5
-3083.5 70.4444
-3084.5 79.4444
-3085.5 85.6112
-3086.5 83.7223
-3087.5 79.8889
-3088.5 84.3333
-3089.5 89.0556
-3090.5 90.9444
-3091.5 95.3333
-3092.5 96.5556
-3093.5 91.7778
-3094.5 84.8889
-3095.5 81.0555
-3096.5 75.7222
-3097.5 65.3333
-3098.5 57.5
-3099.5 56.5555
-3100.5 55.3889
-3101.5 51.2777
-3102.5 49.1111
-3103.5 46.8889
-3104.5 43.1111
-3105.5 38.5556
-3106.5 34.3889
-3107.5 31.2222
-3108.5 34.4445
-3109.5 39.4445
-3110.5 42.4445
-3111.5 46.2778
-3112.5 49.5555
-3113.5 52.8333
-3114.5 59.6667
-3115.5 66.5556
-3116.5 72.3333
-3117.5 79.3333
-3118.5 83.2777
-3119.5 84.1667
-3120.5 88.6111
-3121.5 92.6111
-3122.5 94.9445
-3123.5 98.5
-3124.5 99
-3125.5 98.3333
-3126.5 97.1667
-3127.5 68
-3128.5 57.7222
-3129.5 66.5555
-3130.5 54.7777
-3131.5 51.1111
-3132.5 50.6111
-3133.5 50.5
-3134.5 47.3889
-3135.5 60.9445
-3136.5 75.3889
-3137.5 62.2777
-3138.5 40.5
-3139.5 33.3889
-3140.5 40.8333
-3141.5 40
-3142.5 38.2778
-3143.5 49.1667
-3144.5 67.8889
-3145.5 80.1111
-3146.5 82.7778
-3147.5 83.0555
-3148.5 72.9444
-3149.5 62.2223
-3150.5 58.3333
-3151.5 56.3889
-3152.5 47.9445
-3153.5 37.9445
-3154.5 34.9445
-3155.5 33.4445
-3156.5 33.7778
-3157.5 33.5556
-3158.5 32.8889
-3159.5 32.4445
-3160.5 31.2222
-3161.5 30.8889
-3162.5 31.8889
-3163.5 34.5555
-3164.5 37.3889
-3165.5 37.5
-3166.5 36.5
-3167.5 39.4444
-3168.5 43.0555
-3169.5 43.9445
-3170.5 42.2222
-3171.5 44.1111
-3172.5 52.2778
-3173.5 59.7778
-3174.5 67.1111
-3175.5 71.8333
-3176.5 76.8333
-3177.5 83.9445
-3178.5 87.3889
-3179.5 84.8889
-3180.5 85.7223
-3181.5 88.0555
-3182.5 86.1111
-3183.5 86.5
-3184.5 83.9444
-3185.5 79.6111
-3186.5 76.2777
-3187.5 73.8889
-3188.5 69
-3189.5 61.5
-3190.5 55.7223
-3191.5 49.6667
-3192.5 43.0556
-3193.5 36.8889
-3194.5 33.0555
-3195.5 32.6111
-3196.5 36.1111
-3197.5 41.6111
-3198.5 47.3889
-3199.5 52.0555
-3200.5 57.8333
-3201.5 63.5
-3202.5 66.6667
-3203.5 71.8333
-3204.5 77.5555
-3205.5 80.3333
-3206.5 80.8333
-3207.5 82.8889
-3208.5 86
-3209.5 88.3889
-3210.5 87.6667
-3211.5 85.5
-3212.5 85.8888
-3213.5 86.3888
-3214.5 85
-3215.5 84.1112
-3216.5 83.6112
-3217.5 75.8889
-3218.5 69.7222
-3219.5 68.8889
-3220.5 65.2223
-3221.5 59.1111
-3222.5 46.6667
-3223.5 35.2222
-3224.5 33.1111
-3225.5 34.5555
-3226.5 35.6667
-3227.5 36.2778
-3228.5 41.5556
-3229.5 45.8889
-3230.5 53.5555
-3231.5 61.8889
-3232.5 62.1111
-3233.5 65.5
-3234.5 73.7223
-3235.5 81.8889
-3236.5 89.1111
-3237.5 94.5556
-3238.5 92.4445
-3239.5 87.5
-3240.5 86.1111
-3241.5 85.8889
-3242.5 81.0556
-3243.5 73.8889
-3244.5 63.2777
-3245.5 55.5555
-3246.5 54.5
-3247.5 54.7222
-3248.5 53.9445
-3249.5 48.3333
-3250.5 40.0555
-3251.5 36.3333
-3252.5 37
-3253.5 35.5
-3254.5 34.4445
-3255.5 34.8333
-3256.5 41.1111
-3257.5 52.6667
-3258.5 63.8888
-3259.5 72.4444
-3260.5 77.0556
-3261.5 78.8333
-3262.5 83.1667
-3263.5 89.3333
-3264.5 90.6111
-3265.5 89.3333
-3266.5 87.8333
-3267.5 88.3889
-3268.5 91.1111
-3269.5 91.4445
-3270.5 90.3333
-3271.5 90.0555
-3272.5 87.3889
-3273.5 78.5
-3274.5 66.6667
-3275.5 57.5
-3276.5 50.3333
-3277.5 40.7223
-3278.5 33.7778
-3279.5 32
-3280.5 30.8889
-3281.5 32.1667
-3282.5 33.5555
-3283.5 35.7222
-3284.5 44.6111
-3285.5 52.8889
-3286.5 58.2223
-3287.5 61
-3288.5 63.7777
-3289.5 72.6667
-3290.5 79.6667
-3291.5 82.0555
-3292.5 82.6667
-3293.5 84.7778
-3294.5 87.6667
-3295.5 89.6111
-3296.5 91
-3297.5 85.5555
-3298.5 78.2778
-3299.5 70.7778
-3300.5 61.6111
-3301.5 56.1667
-3302.5 50.9445
-3303.5 45.7778
-3304.5 42.2778
-3305.5 40.4445
-3306.5 36.2777
-3307.5 33.2777
-3308.5 35.2222
-3309.5 36.7222
-3310.5 40.4445
-3311.5 45.1667
-3312.5 50.9445
-3313.5 58.2777
-3314.5 62.2222
-3315.5 62.9445
-3316.5 67.8333
-3317.5 77.7222
-3318.5 85.2777
-3319.5 88.2777
-3320.5 88.4444
-3321.5 87.7222
-3322.5 83.6667
-3323.5 76.7777
-3324.5 70.3889
-3325.5 65.9444
-3326.5 60.7777
-3327.5 49
-3328.5 38.0555
-3329.5 34
-3330.5 34.2778
-3331.5 34.6111
-3332.5 33.7222
-3333.5 39.5555
-3334.5 49.1667
-3335.5 57.5
-3336.5 65.3333
-3337.5 69.8333
-3338.5 73.3333
-3339.5 78.5
-3340.5 83.6111
-3341.5 87.3889
-3342.5 90.6667
-3343.5 93.3333
-3344.5 91.3333
-3345.5 88.3889
-3346.5 84.9445
-3347.5 76.4445
-3348.5 69.1667
-3349.5 64.6667
-3350.5 57
-3351.5 47.1111
-3352.5 42.6667
-3353.5 39.7222
-3354.5 33.9445
-3355.5 32.8333
-3356.5 36.6667
-3357.5 39.5
-3358.5 44.4445
-3359.5 55.7777
-3360.5 64.3888
-3361.5 68.1667
-3362.5 73
-3363.5 79.6111
-3364.5 83.7777
-3365.5 85.6667
-3366.5 90.7222
-3367.5 93.4444
-3368.5 91.3888
-3369.5 84.8888
-3370.5 78.2777
-3371.5 74.9444
-3372.5 70.9444
-3373.5 65.3889
-3374.5 57.8889
-3375.5 48.7222
-3376.5 40.4445
-3377.5 37.3889
-3378.5 35.7777
-3379.5 37.7222
-3380.5 44.2777
-3381.5 50.2777
-3382.5 58.7777
-3383.5 67.0556
-3384.5 74.5
-3385.5 81.8888
-3386.5 87.1667
-3387.5 90.9445
-3388.5 92.9445
-3389.5 93.6111
-3390.5 92.5
-3391.5 89.9445
-3392.5 85.9445
-3393.5 80.5556
-3394.5 74.3333
-3395.5 64.2777
-3396.5 55.3333
-3397.5 50.1111
-3398.5 44.2223
-3399.5 40.1667
-3400.5 36.2223
-3401.5 34.3333
-3402.5 37.5
-3403.5 45.8889
-3404.5 55.4445
-3405.5 63.3333
-3406.5 72.1667
-3407.5 81.8333
-3408.5 88.6667
-3409.5 89.8333
-3410.5 88.5556
-3411.5 84.7778
-3412.5 81.7223
-3413.5 82.3333
-3414.5 79.4445
-3415.5 73.6111
-3416.5 62.5
-3417.5 50.4445
-3418.5 43.3333
-3419.5 38.5556
-3420.5 34.9445
-3421.5 33.5555
-3422.5 37.5555
-3423.5 47.9445
-3424.5 55.7223
-3425.5 55.7223
-3426.5 61.0556
-3427.5 69.6112
-3428.5 74
-3429.5 80.2777
-3430.5 88.3333
-3431.5 91.4444
-3432.5 90.6111
-3433.5 85.1667
-3434.5 76.4444
-3435.5 71.5555
-3436.5 72.5555
-3437.5 69.3888
-3438.5 57.6111
-3439.5 45.7223
-3440.5 38.5555
-3441.5 36.5
-3442.5 36.6667
-3443.5 39.0555
-3444.5 46.5555
-3445.5 53.4445
-3446.5 55.5
-3447.5 61.8333
-3448.5 74.2223
-3449.5 81.7778
-3450.5 86.1667
-3451.5 90.7777
-3452.5 91.6667
-3453.5 91.8889
-3454.5 90.3889
-3455.5 86.4445
-3456.5 82.8333
-3457.5 75.9445
-3458.5 64
-3459.5 49.5555
-3460.5 39.3889
-3461.5 35.4445
-3462.5 33.4445
-3463.5 34.2778
-3464.5 40.9445
-3465.5 52.2777
-3466.5 65.2777
-3467.5 76.7222
-3468.5 85.7777
-3469.5 90.5
-3470.5 90.8333
-3471.5 90.5
-3472.5 89.7222
-3473.5 86
-3474.5 82.1667
-3475.5 74.4445
-3476.5 62
-3477.5 51.6111
-3478.5 46.6667
-3479.5 44.0555
-3480.5 38.3889
-3481.5 33.6667
-3482.5 33.9445
-3483.5 43.3333
-3484.5 56.3333
-3485.5 67.1111
-3486.5 73.7777
-3487.5 80.5556
-3488.5 87.7223
-3489.5 90.7223
-3490.5 91.3333
-3491.5 90.8333
-3492.5 87.8333
-3493.5 83.0555
-3494.5 73.1667
-3495.5 57.5
-3496.5 45.6667
-3497.5 37.6667
-3498.5 33.1667
-3499.5 33.2223
-3500.5 37.4445
-3501.5 43.6111
-3502.5 51.1667
-3503.5 59.0555
-3504.5 66.2778
-3505.5 74.1112
-3506.5 82.1112
-3507.5 87.3333
-3508.5 88.7777
-3509.5 90.4444
-3510.5 91.5556
-3511.5 88
-3512.5 76.5555
-3513.5 65.5
-3514.5 57.3889
-3515.5 46.8333
-3516.5 39.7222
-3517.5 38.3889
-3518.5 36.6111
-3519.5 33.3889
-3520.5 36.7778
-3521.5 44
-3522.5 50.1111
-3523.5 54.0555
-3524.5 59.4445
-3525.5 65.8333
-3526.5 72.5
-3527.5 83
-3528.5 88.8889
-3529.5 87.2778
-3530.5 83.3333
-3531.5 77.6667
-3532.5 68.7778
-3533.5 58.5555
-3534.5 47.2222
-3535.5 37.4445
-3536.5 33.6667
-3537.5 32.6667
-3538.5 33.3333
-3539.5 40.6111
-3540.5 46.6667
-3541.5 48.4445
-3542.5 56
-3543.5 66.5555
-3544.5 75.3333
-3545.5 82.4445
-3546.5 88.0555
-3547.5 89.1111
-3548.5 83.6667
-3549.5 76.5556
-3550.5 68.6667
-3551.5 62
-3552.5 58.0556
-3553.5 51.8889
-3554.5 42.7222
-3555.5 36.8333
-3556.5 35.8333
-3557.5 38.2777
-3558.5 45.5
-3559.5 54.4445
-3560.5 61.2777
-3561.5 67.6111
-3562.5 77.9445
-3563.5 86.4445
-3564.5 88.0556
-3565.5 87.3333
-3566.5 84.0556
-3567.5 78.4445
-3568.5 72.0556
-3569.5 65.1667
-3570.5 57.2222
-3571.5 47.4445
-3572.5 39.2223
-3573.5 34.2223
-3574.5 35.5
-3575.5 43.0555
-3576.5 49.8333
-3577.5 57.3889
-3578.5 69
-3579.5 78.7778
-3580.5 84.9445
-3581.5 89.1111
-3582.5 88.7222
-3583.5 86.4444
-3584.5 82.7222
-3585.5 77.5
-3586.5 67.2222
-3587.5 54.8889
-3588.5 48.8333
-3589.5 46.3889
-3590.5 43.2777
-3591.5 38.2777
-3592.5 33.6667
-3593.5 33.3333
-3594.5 42.6667
-3595.5 54.4445
-3596.5 64.8333
-3597.5 74.6111
-3598.5 81.1111
-3599.5 86.0555
-3600.5 88.5
-3601.5 87.4445
-3602.5 80.2778
-3603.5 69.7778
-3604.5 61.6112
-3605.5 56.2778
-3606.5 50.6111
-3607.5 44.3333
-3608.5 38.4444
-3609.5 34.4444
-3610.5 36.1667
-3611.5 40.0555
-3612.5 46.3889
-3613.5 52.5
-3614.5 53.7222
-3615.5 60
-3616.5 71.8889
-3617.5 81.6111
-3618.5 86.3888
-3619.5 85
-3620.5 83.6667
-3621.5 83.6112
-3622.5 77.8889
-3623.5 69.2777
-3624.5 59.0555
-3625.5 47.0555
-3626.5 37.9445
-3627.5 34.6667
-3628.5 33.3333
-3629.5 32.8333
-3630.5 35.6667
-3631.5 44.2778
-3632.5 59.7222
-3633.5 72.2222
-3634.5 80.8889
-3635.5 85.7778
-3636.5 86
-3637.5 84.8889
-3638.5 81.8333
-3639.5 77.5
-3640.5 70.5556
-3641.5 60.7777
-3642.5 51.2777
-3643.5 43
-3644.5 35.9445
-3645.5 33
-3646.5 34.6111
-3647.5 44.7777
-3648.5 55.6111
-3649.5 62.8889
-3650.5 71.5
-3651.5 77
-3652.5 80.5555
-3653.5 83.5
-3654.5 84.5
-3655.5 81.7777
-3656.5 78.1667
-3657.5 76.5
-3658.5 75.1667
-3659.5 71.5556
-3660.5 62.4445
-3661.5 52.2777
-3662.5 45.3889
-3663.5 43.7777
-3664.5 47.0555
-3665.5 51
-3666.5 61.0555
-3667.5 71.6667
-3668.5 79
-3669.5 87.3333
-3670.5 91.0556
-3671.5 93.5
-3672.5 96.1667
-3673.5 95.6112
-3674.5 91.2223
-3675.5 83.0555
-3676.5 74.0555
-3677.5 66.1111
-3678.5 57.9444
-3679.5 49.2777
-3680.5 42.7777
-3681.5 39.5555
-3682.5 45.2223
-3683.5 58.5
-3684.5 69.3889
-3685.5 75.1667
-3686.5 79.8889
-3687.5 86.2778
-3688.5 92.3333
-3689.5 93.8333
-3690.5 93.4444
-3691.5 91.5555
-3692.5 87.0555
-3693.5 80.6111
-3694.5 72.0556
-3695.5 61.5555
-3696.5 49.7223
-3697.5 44.4445
-3698.5 45.3333
-3699.5 48.5555
-3700.5 56.3333
-3701.5 66.0555
-3702.5 74
-3703.5 83.9444
-3704.5 92.3889
-3705.5 92.5
-3706.5 89
-3707.5 85.7778
-3708.5 76.6111
-3709.5 64.3888
-3710.5 55.1667
-3711.5 46.8889
-3712.5 43.3333
-3713.5 44.1667
-3714.5 49.1667
-3715.5 56.1667
-3716.5 62.8333
-3717.5 73
-3718.5 81.7778
-3719.5 87.5556
-3720.5 91.7222
-3721.5 95
-3722.5 94.9445
-3723.5 91.2778
-3724.5 85.1667
-3725.5 73.8333
-3726.5 62.8333
-3727.5 55.6111
-3728.5 48.5556
-3729.5 42.0556
-3730.5 40.0556
-3731.5 46.6667
-3732.5 56.3889
-3733.5 62.9445
-3734.5 68.6111
-3735.5 76.8888
-3736.5 85.2777
-3737.5 88.6111
-3738.5 90.7777
-3739.5 90.2222
-3740.5 86.7778
-3741.5 83.6112
-3742.5 78.8889
-3743.5 70.1667
-3744.5 58.5555
-3745.5 48.3889
-3746.5 40.8889
-3747.5 38.6111
-3748.5 40.3889
-3749.5 44.8889
-3750.5 54.5
-3751.5 66.4445
-3752.5 76.1667
-3753.5 82.5555
-3754.5 87.2222
-3755.5 91.5556
-3756.5 92.9445
-3757.5 90.8333
-3758.5 85.8888
-3759.5 68.6111
-3760.5 49.8889
-3761.5 41.7778
-3762.5 39.7778
-3763.5 43.7778
-3764.5 54.1111
-3765.5 64.7778
-3766.5 75.1111
-3767.5 87.0556
-3768.5 92.6111
-3769.5 94.7777
-3770.5 95.8889
-3771.5 93.5556
-3772.5 89.3333
-3773.5 79.4444
-3774.5 69.1111
-3775.5 58.7222
-3776.5 47.6667
-3777.5 41.6667
-3778.5 41.2222
-3779.5 52.4444
-3780.5 66.7222
-3781.5 73.8889
-3782.5 79.5555
-3783.5 86.7222
-3784.5 91.7222
-3785.5 93.7222
-3786.5 93.2777
-3787.5 88.4444
-3788.5 79.1667
-3789.5 69.1111
-3790.5 58.6666
-3791.5 48.5
-3792.5 42.8889
-3793.5 43.4445
-3794.5 47.3889
-3795.5 53.6667
-3796.5 63.9445
-3797.5 72.6667
-3798.5 81.6667
-3799.5 90.2777
-3800.5 93.1667
-3801.5 91.1667
-3802.5 85.2222
-3803.5 76.5
-3804.5 66.3889
-3805.5 59.3333
-3806.5 49.7223
-3807.5 39.9445
-3808.5 37.5555
-3809.5 41.9445
-3810.5 49.1111
-3811.5 54.8333
-3812.5 65.1667
-3813.5 76.2223
-3814.5 81.8333
-3815.5 84.8333
-3816.5 84.6667
-3817.5 88.7778
-3818.5 84.2223
-3819.5 80.1112
-3820.5 69.7778
-3821.5 52.2222
-3822.5 49.8333
-3823.5 43.5
-3824.5 39.1667
-3825.5 39.5556
-3826.5 49.3333
-3827.5 65.9445
-3828.5 72.4444
-3829.5 78.3333
-3830.5 84.0556
-3831.5 84.3333
-3832.5 82.3333
-3833.5 78
-3834.5 72.5
-3835.5 64.2778
-3836.5 53.5555
-3837.5 46.1111
-3838.5 40.3333
-3839.5 35.3889
-3840.5 37.1667
-3841.5 46.7222
-3842.5 58.3333
-3843.5 68.2777
-3844.5 77.6111
-3845.5 82.5555
-3846.5 85.1111
-3847.5 85.5
-3848.5 78.5556
-3849.5 67.6111
-3850.5 58.5555
-3851.5 50.9445
-3852.5 43
-3853.5 37.2222
-3854.5 35
-3855.5 40.1667
-3856.5 53.0556
-3857.5 67.6667
-3858.5 78
-3859.5 82.6667
-3860.5 86.6667
-3861.5 83.2222
-3862.5 74
-3863.5 68.6111
-3864.5 63
-3865.5 55.3889
-3866.5 45.2222
-3867.5 38.8889
-3868.5 38.7778
-3869.5 39.6667
-3870.5 47
-3871.5 59.3889
-3872.5 69.6111
-3873.5 76.7777
-3874.5 83.0556
-3875.5 85.4445
-3876.5 82.5556
-3877.5 79.7778
-3878.5 74.3889
-3879.5 67.3889
-3880.5 57.5556
-3881.5 46.4444
-3882.5 40.5555
-3883.5 37.8889
-3884.5 37.9445
-3885.5 45
-3886.5 57.9445
-3887.5 65
-3888.5 73.6667
-3889.5 84
-3890.5 85.5
-3891.5 85.4445
-3892.5 83.8889
-3893.5 77.3333
-3894.5 68.1111
-3895.5 54.2222
-3896.5 42.3333
-3897.5 38.2223
-3898.5 38.6667
-3899.5 42.2223
-3900.5 49.5555
-3901.5 58.5555
-3902.5 68.3889
-3903.5 81.2778
-3904.5 87.2223
-3905.5 84.9444
-3906.5 79.5
-3907.5 69.1667
-3908.5 58.5555
-3909.5 51.2223
-3910.5 44.9445
-3911.5 39.1667
-3912.5 36.4445
-3913.5 45.7778
-3914.5 58.8889
-3915.5 66.8889
-3916.5 73.8333
-3917.5 80.3889
-3918.5 84.6111
-3919.5 88.5556
-3920.5 86.6667
-3921.5 77.2777
-3922.5 69.9444
-3923.5 61.8889
-3924.5 51.9445
-3925.5 43.2778
-3926.5 37.7223
-3927.5 40.8333
-3928.5 50.1667
-3929.5 61.8888
-3930.5 75.4444
-3931.5 84.7223
-3932.5 91.5
-3933.5 94.0555
-3934.5 93.6667
-3935.5 91.4444
-3936.5 84.7778
-3937.5 76.2222
-3938.5 64.1667
-3939.5 50.4445
-3940.5 43.1111
-3941.5 40.7222
-3942.5 42.8333
-3943.5 50.5555
-3944.5 61.7778
-3945.5 75.7223
-3946.5 84.5556
-3947.5 88.3889
-3948.5 89.8333
-3949.5 88.4444
-3950.5 80.8333
-3951.5 67.9445
-3952.5 53.8889
-3953.5 43.6667
-3954.5 38.2777
-3955.5 36.7222
-3956.5 42.9445
-3957.5 52.6111
-3958.5 65.2777
-3959.5 78.2777
-3960.5 85.8888
-3961.5 92.0555
-3962.5 95.5555
-3963.5 97
-3964.5 93.2778
-3965.5 77.3889
-3966.5 60.8889
-3967.5 47.6111
-3968.5 38
-3969.5 43
-3970.5 53.7777
-3971.5 62.6666
-3972.5 73.7777
-3973.5 81.5556
-3974.5 86.9445
-3975.5 89.2222
-3976.5 86.0556
-3977.5 78.2223
-3978.5 69.3889
-3979.5 60.5555
-3980.5 49.4445
-3981.5 40.5
-3982.5 39.2222
-3983.5 46.3889
-3984.5 56.3333
-3985.5 66.0555
-3986.5 77.5555
-3987.5 87.1111
-3988.5 88.3333
-3989.5 88.1667
-3990.5 87.8333
-3991.5 80.2777
-3992.5 68.2777
-3993.5 57.7222
-3994.5 48.7222
-3995.5 41.6111
-3996.5 38
-3997.5 36.9445
-3998.5 41.1111
-3999.5 52.2222
-4000.5 70.3333
-4001.5 83.0556
-4002.5 88.6112
-4003.5 91
-4004.5 87
-4005.5 80.4444
-4006.5 70.9444
-4007.5 57.3889
-4008.5 47.3333
-4009.5 43.3889
-4010.5 39.0555
-4011.5 35.4445
-4012.5 38.6111
-4013.5 50.0555
-4014.5 62.0555
-4015.5 71.3889
-4016.5 80.4445
-4017.5 87.5
-4018.5 90.2778
-4019.5 88.1111
-4020.5 80.0556
-4021.5 71.0556
-4022.5 62.5
-4023.5 48.8889
-4024.5 38.8889
-4025.5 36.3889
-4026.5 39.6667
-4027.5 48.8889
-4028.5 60.9445
-4029.5 72.9445
-4030.5 81.2778
-4031.5 87.5556
-4032.5 88.8889
-4033.5 87.5556
-4034.5 80.6112
-4035.5 67.6667
-4036.5 54.5555
-4037.5 43.7222
-4038.5 39.5
-4039.5 38.1667
-4040.5 42.5
-4041.5 54.7223
-4042.5 69.1667
-4043.5 77.0556
-4044.5 79.8889
-4045.5 86.9445
-4046.5 90.7778
-4047.5 86.8333
-4048.5 77
-4049.5 59.7222
-4050.5 44.3333
-4051.5 37.5
-4052.5 37.4445
-4053.5 40.7777
-4054.5 46.0555
-4055.5 57.6667
-4056.5 73.8333
-4057.5 85.3889
-4058.5 90
-4059.5 92.6111
-4060.5 88.3889
-4061.5 78.3889
-4062.5 64.5
-4063.5 50.3889
-4064.5 41.1111
-4065.5 37.1667
-4066.5 43.4445
-4067.5 58.3889
-4068.5 72.9444
-4069.5 81.9444
-4070.5 88.3889
-4071.5 90.5
-4072.5 86.1667
-4073.5 76.3333
-4074.5 65.8889
-4075.5 57
-4076.5 45.8889
-4077.5 37.1667
-4078.5 41.4445
-4079.5 48.7222
-4080.5 55.1667
-4081.5 67.3889
-4082.5 81.8333
-4083.5 90.5555
-4084.5 92.6667
-4085.5 92.5
-4086.5 85.1667
-4087.5 72
-4088.5 56
-4089.5 41.8333
-4090.5 37.1667
-4091.5 42.2222
-4092.5 52.6667
-4093.5 66.7223
-4094.5 79.9444
-4095.5 88.6667
-4096.5 91.2222
-4097.5 87.7222
-4098.5 75.1111
-4099.5 60.1667
-4100.5 48.6667
-4101.5 39.2777
-4102.5 37.7777
-4103.5 45.4445
-4104.5 57.5555
-4105.5 69.3333
-4106.5 81.0556
-4107.5 89.2778
-4108.5 90.7223
-4109.5 87.3333
-4110.5 81.4445
-4111.5 70.1111
-4112.5 55.7222
-4113.5 44.3889
-4114.5 39.1111
-4115.5 40.3889
-4116.5 49.8333
-4117.5 64.6667
-4118.5 79.7223
-4119.5 90.2223
-4120.5 94.3889
-4121.5 91.1667
-4122.5 78.5
-4123.5 67.7223
-4124.5 55.4445
-4125.5 43.1667
-4126.5 37.6667
-4127.5 36.4445
-4128.5 51.3334
-4129.5 67.1111
-4130.5 76.1667
-4131.5 86.3889
-4132.5 93.1667
-4133.5 92.5556
-4134.5 79.7778
-4135.5 62.1667
-4136.5 47
-4137.5 39.5555
-4138.5 40.7777
-4139.5 49.3889
-4140.5 64.6111
-4141.5 78.3333
-4142.5 87.3333
-4143.5 93.2223
-4144.5 95.0556
-4145.5 89.3889
-4146.5 71.3889
-4147.5 52.7222
-4148.5 41.3333
-4149.5 38.7777
-4150.5 45.9445
-4151.5 59.4444
-4152.5 76.9444
-4153.5 90.1667
-4154.5 95
-4155.5 94.9444
-4156.5 88.7777
-4157.5 75.3889
-4158.5 60.1112
-4159.5 46.1111
-4160.5 37.1667
-4161.5 37.0555
-4162.5 50.7222
-4163.5 63.3889
-4164.5 75.0555
-4165.5 90.6111
-4166.5 95.8889
-4167.5 91.1667
-4168.5 82
-4169.5 70.7223
-4170.5 55.9445
-4171.5 45.0555
-4172.5 38.0555
-4173.5 34.7222
-4174.5 37.1667
-4175.5 42.1111
-4176.5 59.0555
-4177.5 76.4444
-4178.5 85.7222
-4179.5 92.7777
-4180.5 92.1111
-4181.5 88.1111
-4182.5 83.1111
-4183.5 71.6111
-4184.5 54.5
-4185.5 40.6667
-4186.5 35.3333
-4187.5 39.8889
-4188.5 55.5
-4189.5 72.8888
-4190.5 83.8888
-4191.5 89.4444
-4192.5 90.1667
-4193.5 85.8889
-4194.5 74.8333
-4195.5 64.1112
-4196.5 51.2778
-4197.5 38.6667
-4198.5 34.3889
-4199.5 37.2222
-4200.5 48.6111
-4201.5 61
-4202.5 75.1111
-4203.5 87.7222
-4204.5 92
-4205.5 91.1667
-4206.5 84.9444
-4207.5 70.5
-4208.5 52.3333
-4209.5 40
-4210.5 36.5555
-4211.5 43.7222
-4212.5 60.1667
-4213.5 76.2222
-4214.5 85.6667
-4215.5 91.3889
-4216.5 89.1667
-4217.5 78.6112
-4218.5 65.8889
-4219.5 56.1667
-4220.5 44.7222
-4221.5 34.3333
-4222.5 34.6667
-4223.5 48.8889
-4224.5 65.1667
-4225.5 76.0556
-4226.5 87.8889
-4227.5 91.7777
-4228.5 87.8888
-4229.5 81.1667
-4230.5 70.3889
-4231.5 55.2778
-4232.5 41.3889
-4233.5 34.8333
-4234.5 35.1667
-4235.5 42.4445
-4236.5 57.7777
-4237.5 73.1667
-4238.5 85.5
-4239.5 90.3889
-4240.5 86.1112
-4241.5 74.7223
-4242.5 55.3889
-4243.5 40.4445
-4244.5 34.2778
-4245.5 41.1111
-4246.5 44.6667
-4247.5 61.2223
-4248.5 82.3889
-4249.5 86.7222
-4250.5 83.9444
-4251.5 61.5
-4252.5 43.9445
-4253.5 39.8889
-4254.5 40.6111
-4255.5 49.2223
-4256.5 44.7223
-4257.5 39.4445
-4258.5 62.7777
-4259.5 85.8333
-4260.5 90.8889
-4261.5 89.0556
-4262.5 89.0556
-4263.5 77.8889
-4264.5 60.5
-4265.5 44.8333
-4266.5 53.1111
-4267.5 68.5555
-4268.5 72.8333
-4269.5 86.0556
-4270.5 91.1111
-4271.5 76.3889
-4272.5 52.3333
-4273.5 38.2778
-4274.5 39.7778
-4275.5 43.3333
-4276.5 40.6667
-4277.5 46
-4278.5 59.1667
-4279.5 75.6111
-4280.5 88.5555
-4281.5 91.7778
-4282.5 85.8333
-4283.5 73.5
-4284.5 57
-4285.5 44.2223
-4286.5 41.2778
-4287.5 36.3333
-4288.5 43.7223
-4289.5 70.5
-4290.5 87.8889
-4291.5 88.7223
-4292.5 83.6667
-4293.5 76.2222
-4294.5 68.5
-4295.5 63.0555
-4296.5 58.5555
-4297.5 54.9445
-4298.5 45.5
-4299.5 35.7777
-4300.5 38.3333
-4301.5 45.9445
-4302.5 58.1667
-4303.5 73.2778
-4304.5 83.8333
-4305.5 87.5555
-4306.5 78.1111
-4307.5 62.1111
-4308.5 47.7777
-4309.5 38.7777
-4310.5 34.6111
-4311.5 36.1667
-4312.5 48.7222
-4313.5 66.8333
-4314.5 83.8333
-4315.5 91.7778
-4316.5 87.9444
-4317.5 78
-4318.5 68.8333
-4319.5 62.1667
-4320.5 46.8333
-4321.5 32.7777
-4322.5 39.5
-4323.5 59.9444
-4324.5 78.1667
-4325.5 88.7777
-4326.5 92.7222
-4327.5 91.1111
-4328.5 81.7222
-4329.5 70
-4330.5 55
-4331.5 42.6111
-4332.5 36.7223
-4333.5 38.3889
-4334.5 50.2777
-4335.5 67.1111
-4336.5 84.1111
-4337.5 91.5
-4338.5 88.3333
-4339.5 80.2222
-4340.5 72.6667
-4341.5 60.3334
-4342.5 47.7778
-4343.5 38.1111
-4344.5 32.4444
-4345.5 37.5
-4346.5 52.5
-4347.5 71.1111
-4348.5 81.8889
-4349.5 87.7778
-4350.5 90.6112
-4351.5 83.2223
-4352.5 65.6667
-4353.5 48.4445
-4354.5 37.2222
-4355.5 31.1111
-4356.5 36.2222
-4357.5 48.7222
-4358.5 63.7777
-4359.5 77.3333
-4360.5 85.3889
-4361.5 90.9444
-4362.5 92.1667
-4363.5 90.3333
-4364.5 79.4445
-4365.5 63.5
-4366.5 52
-4367.5 38.5555
-4368.5 31.3333
-4369.5 39.9445
-4370.5 61.0555
-4371.5 77.5555
-4372.5 85.3333
-4373.5 90.6112
-4374.5 90.9445
-4375.5 87.6111
-4376.5 80.1111
-4377.5 68.3889
-4378.5 52.2223
-4379.5 36.7778
-4380.5 33.8333
-4381.5 36.0555
-4382.5 36.2222
-4383.5 52.8889
-4384.5 78.8333
-4385.5 91.8333
-4386.5 86.7222
-4387.5 72.4445
-4388.5 56.5
-4389.5 41.3333
-4390.5 33.4445
-4391.5 44.5555
-4392.5 64.7223
-4393.5 74
-4394.5 82
-4395.5 90.3333
-4396.5 90.7222
-4397.5 83.5556
-4398.5 74.8333
-4399.5 60.0555
-4400.5 41.5555
-4401.5 33
-4402.5 36.8889
-4403.5 47.5555
-4404.5 59.9445
-4405.5 73.2778
-4406.5 85.7222
-4407.5 90.9444
-4408.5 88.0556
-4409.5 76.7778
-4410.5 58.5556
-4411.5 45.9445
-4412.5 36.2223
-4413.5 30.9444
-4414.5 45.8333
-4415.5 68.4444
-4416.5 82.3888
-4417.5 89.6667
-4418.5 87.7223
-4419.5 79.6112
-4420.5 64.2778
-4421.5 45.0555
-4422.5 35.4445
-4423.5 33.2223
-4424.5 38.3333
-4425.5 51.4445
-4426.5 70.4445
-4427.5 85.1111
-4428.5 89.4444
-4429.5 90
-4430.5 83.6111
-4431.5 67.4445
-4432.5 49.3889
-4433.5 36.6667
-4434.5 36.8889
-4435.5 48.2777
-4436.5 65.8888
-4437.5 82
-4438.5 89.5556
-4439.5 92.8333
-4440.5 87.1111
-4441.5 73.8333
-4442.5 54.1112
-4443.5 38.3889
-4444.5 34.5
-4445.5 42.1111
-4446.5 58.8333
-4447.5 76.5
-4448.5 88.4444
-4449.5 89.8889
-4450.5 80.8889
-4451.5 68
-4452.5 52.6667
-4453.5 39.4444
-4454.5 34.7222
-4455.5 37.1667
-4456.5 52.2222
-4457.5 71.0555
-4458.5 85.8333
-4459.5 88.7223
-4460.5 78.6667
-4461.5 69.2223
-4462.5 59.5
-4463.5 45.2222
-4464.5 35.1667
-4465.5 38.3333
-4466.5 51
-4467.5 63.5555
-4468.5 79.8333
-4469.5 91.3333
-4470.5 90.8333
-4471.5 85.1667
-4472.5 72.1111
-4473.5 58
-4474.5 42.4445
-4475.5 31.9444
-4476.5 38.7222
-4477.5 52.6667
-4478.5 68.6111
-4479.5 85.2777
-4480.5 92.5556
-4481.5 89.4445
-4482.5 76.0556
-4483.5 59.0556
-4484.5 45.6667
-4485.5 36.5555
-4486.5 35.5
-4487.5 45.8333
-4488.5 62.9445
-4489.5 77.4445
-4490.5 88.8333
-4491.5 93.6667
-4492.5 88.9444
-4493.5 79.6112
-4494.5 68.3333
-4495.5 51.4445
-4496.5 35.8333
-4497.5 35.8333
-4498.5 52.4445
-4499.5 69.6111
-4500.5 82.5
-4501.5 90.7778
-4502.5 88.3889
-4503.5 77.0555
-4504.5 63.0555
-4505.5 50.1111
-4506.5 37.4445
-4507.5 36.3889
-4508.5 50
-4509.5 63.4445
-4510.5 74.0555
-4511.5 84.7777
-4512.5 89.3888
-4513.5 81.0555
-4514.5 62.7778
-4515.5 47.6111
-4516.5 37.1667
-4517.5 32.1111
-4518.5 37.7222
-4519.5 55
-4520.5 74.2778
-4521.5 83.9445
-4522.5 86.4445
-4523.5 82.7778
-4524.5 72
-4525.5 61
-4526.5 48.3889
-4527.5 37.9445
-4528.5 36.2778
-4529.5 44.5556
-4530.5 63.7223
-4531.5 78.7778
-4532.5 85.1112
-4533.5 87.4444
-4534.5 85
-4535.5 75.0556
-4536.5 58.6111
-4537.5 44.6111
-4538.5 35.1667
-4539.5 32.1667
-4540.5 44.0555
-4541.5 62.2778
-4542.5 76.3333
-4543.5 84.5
-4544.5 82.8333
-4545.5 70.7777
-4546.5 49.1111
-4547.5 33.1111
-4548.5 37.7222
-4549.5 50.8889
-4550.5 62.4444
-4551.5 75
-4552.5 85.1112
-4553.5 87.0556
-4554.5 80.7777
-4555.5 71.6667
-4556.5 57.4445
-4557.5 41.7223
-4558.5 33.7778
-4559.5 34.7778
-4560.5 45.7223
-4561.5 63.0555
-4562.5 80.2222
-4563.5 87.9445
-4564.5 84.0556
-4565.5 73.8889
-4566.5 61
-4567.5 45.3889
-4568.5 33.7222
-4569.5 37
-4570.5 53.1111
-4571.5 69.5555
-4572.5 82.7223
-4573.5 89.1667
-4574.5 82.8333
-4575.5 68
-4576.5 54.0555
-4577.5 42.6111
-4578.5 33.1667
-4579.5 32.8333
-4580.5 48.2777
-4581.5 67.4445
-4582.5 75.3889
-4583.5 80
-4584.5 78.9445
-4585.5 67.8889
-4586.5 49.2223
-4587.5 36.5556
-4588.5 38.5
-4589.5 45
-4590.5 56.0556
-4591.5 72.2778
-4592.5 83.3889
-4593.5 83.7223
-4594.5 77.6667
-4595.5 65.0556
-4596.5 48.3889
-4597.5 35.8333
-4598.5 32.7222
-4599.5 39.2222
-4600.5 46.7777
-4601.5 59.0556
-4602.5 76.1111
-4603.5 86.0555
-4604.5 83.6111
-4605.5 73.6667
-4606.5 65.7223
-4607.5 51.2223
-4608.5 34.3889
-4609.5 37.2223
-4610.5 61.2223
-4611.5 80.8333
-4612.5 90.0555
-4613.5 91.0555
-4614.5 85.3889
-4615.5 75.5
-4616.5 56.3333
-4617.5 40.3333
-4618.5 48.3333
-4619.5 70.5555
-4620.5 86.5
-4621.5 95.9444
-4622.5 95.4444
-4623.5 86.0556
-4624.5 73.5556
-4625.5 61
-4626.5 45.5
-4627.5 36.6667
-4628.5 46.3333
-4629.5 64.8333
-4630.5 80.3333
-4631.5 91.9445
-4632.5 96.7222
-4633.5 89.9444
-4634.5 70.5555
-4635.5 52.7223
-4636.5 42.1111
-4637.5 36.5
-4638.5 44.4445
-4639.5 59.5
-4640.5 79.7778
-4641.5 94.6111
-4642.5 95.7777
-4643.5 93.7777
-4644.5 83.2777
-4645.5 62.7777
-4646.5 45.1667
-4647.5 37.8889
-4648.5 36.6111
-4649.5 36.5555
-4650.5 39.2223
-4651.5 64.7223
-4652.5 76.7778
-4653.5 80.5556
-4654.5 86.9445
-4655.5 66.6112
-4656.5 58
-4657.5 51.2777
-4658.5 51.3889
-4659.5 74.9445
-4660.5 92.1667
-4661.5 95.7777
-4662.5 93.7222
-4663.5 86.9445
-4664.5 73.2223
-4665.5 59.6111
-4666.5 54.2223
-4667.5 50.4445
-4668.5 48.5
-4669.5 56.4445
-4670.5 77.2222
-4671.5 95.8332
-4672.5 98.8332
-4673.5 95.0556
-4674.5 84.7778
-4675.5 76.1111
-4676.5 60.3333
-4677.5 40.1667
-4678.5 40.7778
-4679.5 58.3333
-4680.5 81.1111
-4681.5 94.4444
-4682.5 94.6111
-4683.5 90.0556
-4684.5 84.0556
-4685.5 70.6111
-4686.5 49.7223
-4687.5 41.3889
-4688.5 55.1111
-4689.5 72.5555
-4690.5 83.8889
-4691.5 86.3333
-4692.5 90.2223
-4693.5 95.7778
-4694.5 90.8333
-4695.5 74.9445
-4696.5 53.3333
-4697.5 39.7222
-4698.5 42.2778
-4699.5 50.4445
-4700.5 69.7777
-4701.5 90.8889
-4702.5 90.2778
-4703.5 76.8333
-4704.5 59.2223
-4705.5 45.9445
-4706.5 41.8333
-4707.5 48
-4708.5 62
-4709.5 77.1112
-4710.5 87
-4711.5 91.0555
-4712.5 90.0555
-4713.5 82.2777
-4714.5 63.5555
-4715.5 42.7778
-4716.5 40.1111
-4717.5 50.2778
-4718.5 63.2778
-4719.5 78.3889
-4720.5 88.8889
-4721.5 92.1112
-4722.5 76.7778
-4723.5 59.3889
-4724.5 47.6667
-4725.5 35
-4726.5 33.7778
-4727.5 46.1667
-4728.5 61.2777
-4729.5 79.2777
-4730.5 89.6111
-4731.5 89.1111
-4732.5 89.5
-4733.5 87.8889
-4734.5 81.6667
-4735.5 57.1667
-4736.5 52.1667
-4737.5 76.7777
-4738.5 90.8888
-4739.5 93.8333
-4740.5 94.1667
-4741.5 93.3889
-4742.5 88.1667
-4743.5 68.4445
-4744.5 44.0555
-4745.5 43.2778
-4746.5 72.7223
-4747.5 93.3333
-4748.5 83.8889
-4749.5 60.2778
-4750.5 41.0555
-4751.5 39.1111
-4752.5 49.4445
-4753.5 60.1667
-4754.5 75.6111
-4755.5 90.8333
-4756.5 92.0556
-4757.5 87.1667
-4758.5 74.7778
-4759.5 51
-4760.5 38.8889
-4761.5 56.2777
-4762.5 80.9444
-4763.5 94.3333
-4764.5 96.3889
-4765.5 91.1111
-4766.5 79.1667
-4767.5 58.7778
-4768.5 44.0556
-4769.5 46.2223
-4770.5 60.7223
-4771.5 77.3889
-4772.5 89.9445
-4773.5 90.2778
-4774.5 80.4445
-4775.5 70.8333
-4776.5 57.4445
-4777.5 42.6111
-4778.5 46.3333
-4779.5 58.5555
-4780.5 72.7777
-4781.5 87.5
-4782.5 90.3333
-4783.5 85.8333
-4784.5 73.8333
-4785.5 58.3889
-4786.5 42.7222
-4787.5 39.7777
-4788.5 58.6111
-4789.5 80.9444
-4790.5 92.3333
-4791.5 92.6111
-4792.5 79.2222
-4793.5 59.3333
-4794.5 42.7778
-4795.5 35.1667
-4796.5 42.6667
-4797.5 61.6666
-4798.5 80.3333
-4799.5 86.0555
-4800.5 76.9444
-4801.5 62.0555
-4802.5 50.5
-4803.5 42.5555
-4804.5 36.3889
-4805.5 43.3889
-4806.5 62.7777
-4807.5 76.5
-4808.5 82.1667
-4809.5 83.9444
-4810.5 74.5555
-4811.5 65.6667
-4812.5 56.6111
-4813.5 41.1667
-4814.5 43.2777
-4815.5 65.7777
-4816.5 82
-4817.5 87.4444
-4818.5 79.9444
-4819.5 72.6112
-4820.5 60.1112
-4821.5 41.6111
-4822.5 44.7223
-4823.5 56.6667
-4824.5 72.0556
-4825.5 83.2778
-4826.5 83.8333
-4827.5 72.9445
-4828.5 58.8889
-4829.5 49.2223
-4830.5 36.2778
-4831.5 33.5555
-4832.5 51.2777
-4833.5 67.8333
-4834.5 79.8333
-4835.5 87.4444
-4836.5 82.7223
-4837.5 72.7778
-4838.5 58.5556
-4839.5 43.5
-4840.5 37.6667
-4841.5 49.3889
-4842.5 70.7777
-4843.5 82.5
-4844.5 85.4445
-4845.5 82.2222
-4846.5 71.5
-4847.5 55.5
-4848.5 38.1111
-4849.5 32.6111
-4850.5 44.2777
-4851.5 60.2777
-4852.5 73.3889
-4853.5 83.7778
-4854.5 85.2778
-4855.5 77.8333
-4856.5 63.3333
-4857.5 45.8333
-4858.5 34.8889
-4859.5 39.5555
-4860.5 57.7222
-4861.5 74.4445
-4862.5 82.1667
-4863.5 79
-4864.5 66.2778
-4865.5 52.2222
-4866.5 37.5555
-4867.5 36.2223
-4868.5 46.7223
-4869.5 55.8333
-4870.5 68.1667
-4871.5 80.7222
-4872.5 86.0555
-4873.5 81.0555
-4874.5 63.0555
-4875.5 46.8889
-4876.5 36.5555
-4877.5 30.8333
-4878.5 38.9445
-4879.5 56.9444
-4880.5 76.8888
-4881 85.4444
