0.5 35.9445
1.5 36.0555
2.5 35.7777
3.5 36
4.5 39.6667
5.5 53.5
6.5 65.3333
7.5 74.5555
8.5 85.8333
9.5 82.0556
10.5 61.3889
11.5 45.4445
12.5 39.2223
13.5 45.7223
14.5 68.0556
15.5 84.1667
16.5 88.3889
17.5 78.9445
18.5 53.9445
19.5 36.1111
20.5 37.1111
21.5 48.8889
22.5 67.3889
23.5 82.6667
24.5 87.9444
25.5 76.7223
26.5 50.9445
27.5 39.6111
28.5 46.8333
29.5 58.8333
30.5 74.3333
31.5 86.2222
32.5 89.5
33.5 80.5
34.5 57.1111
35.5 41
36.5 45.0555
37.5 52.6111
38.5 65.8333
39.5 83.2223
40.5 89.1667
41.5 86.2223
42.5 66.8333
43.5 43.2778
44.5 41.1667
45.5 56.7778
46.5 73.2223
47.5 83
48.5 85.9444
49.5 74.3888
50.5 51.5
51.5 36.1667
52.5 37.8889
53.5 51.6111
54.5 72.2777
55.5 86.4444
56.5 88.3333
57.5 77.2777
58.5 56.2777
59.5 40.2222
60.5 33.7777
61.5 39
62.5 57.3333
63.5 76.4445
64.5 85.6667
65.5 83.5
66.5 66.1667
67.5 46.3333
68.5 35.5
69.5 32.7777
70.5 44.3333
71.5 65.1111
72.5 80
73.5 86.2222
74.5 80.5
75.5 60
76.5 42.2222
77.5 34.6667
78.5 41.4445
79.5 60.0556
80.5 75.2778
81.5 84.2222
82.5 84.8333
83.5 72.2777
84.5 50.0555
85.5 37.1667
86.5 35.7778
87.5 43.3889
88.5 62.8889
89.5 77.2222
90.5 81.6111
91.5 76.3333
92.5 53.3334
93.5 35.6111
94.5 39.3333
95.5 45.1111
96.5 55.3334
97.5 72.2778
98.5 82.5
99.5 77.7222
100.5 66.1667
101.5 61.6667
102.5 51.2222
103.5 42.2777
104.5 44.5
105.5 55.0556
106.5 72.5556
107.5 87.6667
108.5 89.5
109.5 81.4445
110.5 68.9445
111.5 51.4445
112.5 44.9445
113.5 47.8333
114.5 62.6111
115.5 82.3333
116.5 92.6667
117.5 90.4444
118.5 82.1667
119.5 67.4445
120.5 47.7778
121.5 47.1111
122.5 56.5555
123.5 68.3888
124.5 85.8333
125.5 94.1111
126.5 90.2778
127.5 84.1112
128.5 70.5
129.5 51.4444
130.5 47.3333
131.5 62.5
132.5 79.7223
133.5 89.1667
134.5 93.5556
135.5 86.9444
136.5 74.5
137.5 58.5556
138.5 44.3333
139.5 50
140.5 68.6111
141.5 81.6667
142.5 89.6667
143.5 94.1111
144.5 87.3333
145.5 70.6111
146.5 51.7777
147.5 40.2777
148.5 45.4444
149.5 62.4444
150.5 80.1111
151.5 91.7223
152.5 94.5
153.5 84.8888
154.5 63.8333
155.5 50.3889
156.5 43.3333
157.5 43.5
158.5 57.6667
159.5 74.9444
160.5 87.3333
161.5 92
162.5 85.2778
163.5 69.2778
164.5 50.2778
165.5 36
166.5 39
167.5 55.2223
168.5 74.0556
169.5 84.5
170.5 88.7223
171.5 85.4445
172.5 64.1111
173.5 43.6111
174.5 42.2222
175.5 47.8333
176.5 55.5
177.5 70
178.5 84.1111
179.5 92
180.5 88.6111
181.5 75.1667
182.5 55.6666
183.5 44.5555
184.5 46.0555
185.5 58.2222
186.5 80.5556
187.5 91
188.5 86
189.5 79.8333
190.5 69.2778
191.5 51.8333
192.5 44.0555
193.5 55.6111
194.5 67.0555
195.5 76.4444
196.5 89.5
197.5 92.5556
198.5 89.7223
199.5 76.8889
200.5 53.4445
201.5 43.1667
202.5 53.1111
203.5 65.7778
204.5 79.6111
205.5 91
206.5 90.4444
207.5 81.7777
208.5 71.4444
209.5 56.0555
210.5 40.0555
211.5 41.8333
212.5 55.6667
213.5 67.8333
214.5 83.5
215.5 93.7777
216.5 86.3889
217.5 73.2223
218.5 54.7223
219.5 39.1667
220.5 40.1111
221.5 51.6111
222.5 61.5
223.5 78.0555
224.5 93.7223
225.5 88.0556
226.5 69.7222
227.5 53.3333
228.5 40.5555
229.5 37.5
230.5 50.2223
231.5 65.5
232.5 80.5555
233.5 92.6667
234.5 90.7222
235.5 75.2777
236.5 55.5
237.5 40.6667
238.5 34.0555
239.5 38.8889
240.5 53.2777
241.5 69.0555
242.5 80.1667
243.5 84.2222
244.5 79.5555
245.5 66.2222
246.5 48.6111
247.5 35.8889
248.5 35.6667
249.5 49.1111
250.5 66.7223
251.5 78.2223
252.5 84.6667
253.5 82.8888
254.5 71.3333
255.5 54.4445
256.5 41.7223
257.5 37.9445
258.5 47.1111
259.5 65.5
260.5 79.8333
261.5 83.5
262.5 82.1111
263.5 73.3889
264.5 54.4445
265.5 41.9445
266.5 46
267.5 52.5555
268.5 62.2778
269.5 76.4444
270.5 82.3333
271.5 81.3889
272.5 75.4445
273.5 58.6667
274.5 39.2778
275.5 37.1667
276.5 52.6111
277.5 71.1667
278.5 80.7778
279.5 85.1111
280.5 83.3333
281.5 70.2777
282.5 52.7777
283.5 39.7222
284.5 36
285.5 43.9445
286.5 59.2223
287.5 74.1667
288.5 82.8889
289.5 85.0555
290.5 80.3889
291.5 67.4445
292.5 48.2222
293.5 37.5
294.5 43.0555
295.5 50.7777
296.5 60.1111
297.5 76.2778
298.5 89.2778
299.5 87
300.5 70.6667
301.5 54.6667
302.5 42.6111
303.5 40.7777
304.5 55.0555
305.5 72.1667
306.5 84.1667
307.5 84.2223
308.5 69.7223
309.5 54.2778
310.5 41.1111
311.5 37.6667
312.5 49.5
313.5 65.2777
314.5 80.2777
315.5 88.0555
316.5 89.6111
317.5 81.9445
318.5 60.8334
319.5 43.4445
320.5 44.7778
321.5 52.9445
322.5 63.1111
323.5 71.3333
324.5 78.5556
325.5 86.8888
326.5 82.5555
327.5 74.2778
328.5 62.8333
329.5 44.4445
330.5 36.5
331.5 46.1111
332.5 64.8889
333.5 79
334.5 83.5556
335.5 85.6112
336.5 82.6667
337.5 69.4445
338.5 50.2222
339.5 40.2222
340.5 47.3889
341.5 63.2223
342.5 74.8333
343.5 83.2223
344.5 86.4444
345.5 77.2777
346.5 60.7222
347.5 45.8333
348.5 36.8889
349.5 37.4445
350.5 50.3333
351.5 68.0555
352.5 82.5555
353.5 84.3333
354.5 78.9444
355.5 72.2222
356.5 55.8889
357.5 40.6111
358.5 35.9445
359.5 39.5555
360.5 50.4445
361.5 69.3889
362.5 84.2778
363.5 84.1667
364.5 74.2222
365.5 64.6111
366.5 53.6667
367.5 39.2222
368.5 36.8889
369.5 49.2777
370.5 65.0555
371.5 77.8333
372.5 83.5556
373.5 83.7777
374.5 78.2777
375.5 64.7222
376.5 48.6111
377.5 39.2222
378.5 44
379.5 58.3889
380.5 69.8889
381.5 78.8889
382.5 87.5
383.5 87.6667
384.5 79.8888
385.5 63.7222
386.5 46.2222
387.5 39.8889
388.5 40.4445
389.5 47.0556
390.5 62.2778
391.5 78.2222
392.5 86.6111
393.5 83.7223
394.5 72.4445
395.5 61.3889
396.5 46.2223
397.5 35.1667
398.5 40.8333
399.5 53.8889
400.5 68.5
401.5 81.3333
402.5 88
403.5 89
404.5 82.0556
405.5 67.3889
406.5 50.7778
407.5 38.1667
408.5 39.3889
409.5 53.0555
410.5 66.3889
411.5 75.8889
412.5 85.7778
413.5 89.6667
414.5 84
415.5 73.5
416.5 56.0555
417.5 39.8333
418.5 36.4445
419.5 42.8333
420.5 58.0555
421.5 72
422.5 82.1111
423.5 87.9445
424.5 85.0556
425.5 73.2222
426.5 60.6667
427.5 48.8333
428.5 38.6111
429.5 44.3889
430.5 59.7223
431.5 73
432.5 84
433.5 90.1667
434.5 88.8333
435.5 79.8889
436.5 60.1667
437.5 44.1667
438.5 39.8889
439.5 42.6667
440.5 48.4444
441.5 55.9444
442.5 71.5
443.5 86.0556
444.5 89.3889
445.5 82.5
446.5 67.7223
447.5 54.0555
448.5 43.2777
449.5 36.1667
450.5 41.1667
451.5 52.8889
452.5 68.2778
453.5 79.6667
454.5 85
455.5 87.7223
456.5 83.2778
457.5 70.5
458.5 55.3333
459.5 47.3889
460.5 41.6111
461.5 39.5555
462.5 46.7222
463.5 58
464.5 71.8889
465.5 85.2223
466.5 91.6112
467.5 91.5556
468.5 82.5556
469.5 72.5556
470.5 61.0555
471.5 46.0555
472.5 38.5
473.5 37.5556
474.5 38.1111
475.5 42.7778
476.5 59.1111
477.5 76.7222
478.5 85.9444
479.5 87.8889
480.5 86.2778
481.5 78.1667
482.5 58.4445
483.5 43.2222
484.5 40
485.5 44
486.5 56.2777
487.5 73.2222
488.5 84.2777
489.5 88.3333
490.5 87.8333
491.5 68.5
492.5 47.7778
493.5 49.8889
494.5 64.5555
495.5 64.8333
496.5 53.6667
497.5 59.7778
498.5 76.6667
499.5 87
500.5 89.4444
501.5 89.2223
502.5 84.2223
503.5 71
504.5 54.5
505.5 41.7778
506.5 39.2778
507.5 52.4445
508.5 65.8333
509.5 73.6667
510.5 84.1111
511.5 89.8333
512.5 89.0556
513.5 77.3333
514.5 56.1111
515.5 41.3889
516.5 40.5556
517.5 43.3333
518.5 52.2222
519.5 66.2222
520.5 75.5555
521.5 83.9445
522.5 87.5
523.5 77
524.5 61.3889
525.5 50.5555
526.5 40.2222
527.5 35.5
528.5 42.3889
529.5 58.8334
530.5 75.9445
531.5 83.1667
532.5 86.8889
533.5 88.7778
534.5 80.3889
535.5 63.3334
536.5 45.7223
537.5 38.5555
538.5 39.1111
539.5 44.8333
540.5 62.1111
541.5 78.3333
542.5 85.7777
543.5 87.7777
544.5 85.1111
545.5 79.7778
546.5 63.7223
547.5 45.7778
548.5 36.7778
549.5 36.7778
550.5 45.4445
551.5 58.4445
552.5 73.9444
553.5 84.1111
554.5 88.6667
555.5 90.1111
556.5 80.6111
557.5 65.4445
558.5 50.1111
559.5 38
560.5 36.9444
561.5 47.8889
562.5 62.1667
563.5 69
564.5 77.8889
565.5 88.4444
566.5 90.0555
567.5 84.2222
568.5 79.5
569.5 69.7778
570.5 50.2222
571.5 36.9444
572.5 39.5
573.5 52.7778
574.5 68.7778
575.5 81.8889
576.5 88.5
577.5 89.6111
578.5 83.1111
579.5 72.8333
580.5 58.6111
581.5 44.6111
582.5 37.2778
583.5 37.1111
584.5 48.8889
585.5 67
586.5 82.3889
587.5 89.8333
588.5 88.1112
589.5 81.6112
590.5 70.2223
591.5 55.6111
592.5 41.4444
593.5 37.2222
594.5 48.2222
595.5 59.4444
596.5 71.7777
597.5 84.2777
598.5 88.2777
599.5 86.1111
600.5 75.6667
601.5 58
602.5 41.6667
603.5 33.4445
604.5 38.3889
605.5 51.1667
606.5 65.2778
607.5 78.8889
608.5 85.7222
609.5 83.7222
610.5 78.4444
611.5 73.9444
612.5 58.2777
613.5 41.6667
614.5 35.7223
615.5 37.9445
616.5 50.1111
617.5 61.9445
618.5 74.8889
619.5 85.6667
620.5 84.1667
621.5 77.8889
622.5 68.1667
623.5 54.9445
624.5 45.7223
625.5 37.6667
626.5 34.8889
627.5 42.9445
628.5 58.5556
629.5 73.1112
630.5 81.5
631.5 86.5555
632.5 85.1667
633.5 80.4444
634.5 70.1111
635.5 53.2778
636.5 37.5
637.5 34.1667
638.5 44.6111
639.5 58.2777
640.5 68.3333
641.5 76.2222
642.5 83.7777
643.5 84.8888
644.5 76.0555
645.5 60.8333
646.5 44.0555
647.5 34.5555
648.5 35.5
649.5 40.1667
650.5 52.6111
651.5 69.4445
652.5 80.6667
653.5 85.1111
654.5 81.9444
655.5 79.2222
656.5 76.8333
657.5 61.9444
658.5 44.8333
659.5 39.7222
660.5 49.1667
661.5 66.0555
662.5 81.8889
663.5 93.5
664.5 95.9444
665.5 88.5
666.5 72.3333
667.5 60.1667
668.5 47.7222
669.5 37.1111
670.5 41.7223
671.5 55.2778
672.5 72.2222
673.5 87.2777
674.5 94.2777
675.5 86.6667
676.5 75.7778
677.5 66.5
678.5 53.8889
679.5 43.9444
680.5 39.7777
681.5 47.1667
682.5 62.6666
683.5 73.8333
684.5 86.1112
685.5 95.4445
686.5 94.8333
687.5 87.8333
688.5 72.8333
689.5 52.5555
690.5 41.0555
691.5 48.5
692.5 60.0556
693.5 69
694.5 83.2222
695.5 93.6111
696.5 93.3889
697.5 84.7223
698.5 68.5
699.5 50.1111
700.5 38.7222
701.5 37.3889
702.5 43.2222
703.5 57.5
704.5 73.2222
705.5 84.3888
706.5 91.7222
707.5 93.7222
708.5 85.3888
709.5 70.3889
710.5 55.4445
711.5 43.2778
712.5 41.2222
713.5 51
714.5 59.8889
715.5 68.3889
716.5 81.2778
717.5 89
718.5 91.1667
719.5 89.1667
720.5 79.2778
721.5 60.8889
722.5 43.9445
723.5 36.4445
724.5 40.1111
725.5 49.7778
726.5 60.8889
727.5 75.5
728.5 88.7778
729.5 94.2223
730.5 91.8333
731.5 81.3889
732.5 65.3333
733.5 54.3333
734.5 45.2778
735.5 38.5555
736.5 43.2222
737.5 59.1667
738.5 78.4445
739.5 91.5
740.5 96.8888
741.5 92.4444
742.5 86.2777
743.5 77.1111
744.5 61.2777
745.5 46.7222
746.5 41.0555
747.5 47.7222
748.5 58.8333
749.5 71.2222
750.5 82.7222
751.5 89.2777
752.5 94.8889
753.5 97.3333
754.5 88.2777
755.5 73
756.5 55.8333
757.5 43.3889
758.5 39.6667
759.5 39.6667
760.5 45.4445
761.5 57.7777
762.5 72.0555
763.5 84.4444
764.5 93.8333
765.5 93.7778
766.5 84.6667
767.5 70.0555
768.5 57.4445
769.5 46.9445
770.5 39.3889
771.5 42.1111
772.5 54.1111
773.5 68.3333
774.5 76.8333
775.5 82.5
776.5 85.8333
777.5 82.7778
778.5 76
779.5 73.3889
780.5 63.3889
781.5 48.5
782.5 40.9445
783.5 38.5555
784.5 40.8333
785.5 49.9445
786.5 62.6111
787.5 73.3333
788.5 82
789.5 87.2222
790.5 87.1111
791.5 81.2778
792.5 71
793.5 56.5555
794.5 44.5
795.5 39.0555
796.5 39.1667
797.5 45.4445
798.5 51.2222
799.5 59.6667
800.5 72.7222
801.5 83.4445
802.5 88.6112
803.5 85.1667
804.5 75.0555
805.5 63.1111
806.5 51.7778
807.5 41.2778
808.5 36.5
809.5 35.5555
810.5 40.1667
811.5 49.7777
812.5 62.3889
813.5 75.0556
814.5 83.1667
815.5 86.2223
816.5 83.6112
817.5 77.6112
818.5 70.9445
819.5 62.7777
820.5 48.8333
821.5 36.3333
822.5 34.3333
823.5 40.0555
824.5 50.5555
825.5 65
826.5 76.6112
827.5 83.6112
828.5 87.1667
829.5 87.2778
830.5 84.1667
831.5 75.8333
832.5 63.6667
833.5 49.7222
834.5 39.8333
835.5 38.2777
836.5 44.6667
837.5 55.2222
838.5 65.5
839.5 73.5556
840.5 81.7777
841.5 88.6667
842.5 89
843.5 84.1667
844.5 73.2778
845.5 58.6667
846.5 47.0555
847.5 40.1667
848.5 42.7778
849.5 49.1111
850.5 56.6111
851.5 67.8889
852.5 80.1111
853.5 89.6111
854.5 91.8333
855.5 89.5
856.5 81.7222
857.5 68.1111
858.5 52.3889
859.5 42.0555
860.5 41.8333
861.5 44.0555
862.5 48.5555
863.5 60.5
864.5 72.5556
865.5 83.8333
866.5 91.7777
867.5 91.7222
868.5 84.1111
869.5 71.9445
870.5 59.7223
871.5 48.2223
872.5 41.1667
873.5 37.3889
874.5 40.6667
875.5 53.6111
876.5 69.3889
877.5 81.2223
878.5 87.3889
879.5 88.0555
880.5 83.4445
881.5 75.7778
882.5 64.4445
883.5 54.9445
884.5 42.8889
885.5 34.6667
886.5 40.2777
887.5 53.4445
888.5 66.2778
889.5 78.2222
890.5 87.1111
891.5 89.1667
892.5 85.0556
893.5 76.5556
894.5 69.8889
895.5 61.1667
896.5 47.9445
897.5 37.5
898.5 37.2777
899.5 46.3889
900.5 60
901.5 71.5556
902.5 80.1667
903.5 86.3333
904.5 88.7223
905.5 90.0556
906.5 84.2778
907.5 72.6667
908.5 60
909.5 47.8889
910.5 39.8333
911.5 37.6111
912.5 43.4445
913.5 53.1667
914.5 63.6667
915.5 70
916.5 78.4444
917.5 87.7777
918.5 89.7222
919.5 87.4445
920.5 79.5
921.5 67.6111
922.5 53.0555
923.5 42.6667
924.5 42.1667
925.5 44.7778
926.5 51.7778
927.5 65.3333
928.5 77.2223
929.5 85.2778
930.5 91.1111
931.5 92.2222
932.5 86.5555
933.5 76.7222
934.5 64.7777
935.5 50.8333
936.5 41.8333
937.5 37.7777
938.5 38.7222
939.5 48.1667
940.5 62.1666
941.5 75.8889
942.5 85.3333
943.5 87.8889
944.5 85.8333
945.5 85.7778
946.5 79.4445
947.5 67.8333
948.5 55.1667
949.5 42.7778
950.5 39.2778
951.5 42.2223
952.5 51.4445
953.5 64
954.5 75.2778
955.5 85.4445
956.5 90.8333
957.5 92.9445
958.5 90.4445
959.5 82.3333
960.5 70.6667
961.5 57.1667
962.5 45.5555
963.5 40.5555
964.5 44.6111
965.5 52.3889
966.5 62.0556
967.5 71.8889
968.5 81.1667
969.5 88.9444
970.5 92.7223
971.5 89.0556
972.5 77.1667
973.5 65
974.5 54.8889
975.5 44.7778
976.5 40.8333
977.5 47
978.5 51.8333
979.5 57.0555
980.5 70.8333
981.5 82.1667
982.5 88.1667
983.5 92.2222
984.5 90.2222
985.5 81.6667
986.5 71.6667
987.5 59.1667
988.5 47.8889
989.5 41.2222
990.5 38.2778
991.5 42
992.5 54.7222
993.5 71.8333
994.5 84.7778
995.5 91.0556
996.5 92.3333
997.5 90.6667
998.5 86.3333
999.5 76.7778
1000.5 61.8333
1001.5 50.4445
1002.5 42.5
1003.5 38.5
1004.5 44.3333
1005.5 55
1006.5 64.7777
1007.5 74.2777
1008.5 83.6667
1009.5 89.5555
1010.5 89.3333
1011.5 81.7778
1012.5 72.0555
1013.5 63.6111
1014.5 52.7777
1015.5 42.5
1016.5 39.3333
1017.5 43.6667
1018.5 53
1019.5 66.0555
1020.5 77.6111
1021.5 85.5556
1022.5 90.1111
1023.5 90.4445
1024.5 90.0556
1025.5 88.4445
1026.5 80.2778
1027.5 69.1667
1028.5 57
1029.5 44.6111
1030.5 40
1031.5 44.0555
1032.5 52.8333
1033.5 66.3889
1034.5 77.8333
1035.5 84.3333
1036.5 90
1037.5 91.7777
1038.5 87.0556
1039.5 78.3333
1040.5 69
1041.5 56.3333
1042.5 44.6667
1043.5 41.8889
1044.5 44.2222
1045.5 49.2777
1046.5 57.6667
1047.5 64.7777
1048.5 71.4444
1049.5 80.7222
1050.5 88.1111
1051.5 89.4445
1052.5 87.0556
1053.5 81.1111
1054.5 71.3889
1055.5 60.0555
1056.5 49.0555
1057.5 42.3889
1058.5 39
1059.5 41
1060.5 51.7223
1061.5 63.8889
1062.5 75.6111
1063.5 85.8889
1064.5 89.6112
1065.5 86.4444
1066.5 78.8333
1067.5 67.2777
1068.5 55
1069.5 45.5
1070.5 39.2222
1071.5 37.5555
1072.5 41.5555
1073.5 49.7222
1074.5 61.3333
1075.5 73.0556
1076.5 81.6667
1077.5 87
1078.5 89
1079.5 89.2778
1080.5 85.6667
1081.5 76.9444
1082.5 66.3889
1083.5 57.8333
1084.5 47.2222
1085.5 38.3333
1086.5 37.0556
1087.5 39.6111
1088.5 45.5555
1089.5 56.1667
1090.5 67.3333
1091.5 75.5555
1092.5 83.6111
1093.5 87.5556
1094.5 85.2777
1095.5 78.8333
1096.5 73.2777
1097.5 67.8333
1098.5 57.8333
1099.5 48.5
1100.5 40.6111
1101.5 37.3889
1102.5 46.1111
1103.5 58.7223
1104.5 67.2778
1105.5 76.5
1106.5 85
1107.5 88.3333
1108.5 90.0556
1109.5 90.1111
1110.5 88.8889
1111.5 85.7778
1112.5 81.1112
1113.5 71.0556
1114.5 56
1115.5 44.8889
1116.5 39.7777
1117.5 40.6111
1118.5 47.8889
1119.5 56.1111
1120.5 64.0555
1121.5 75.7778
1122.5 85.8333
1123.5 87.9445
1124.5 78.6667
1125.5 58.2222
1126.5 42.0555
1127.5 38.5555
1128.5 39.2222
1129.5 38.2777
1130.5 36.8889
1131.5 40.7778
1132.5 49.1111
1133.5 53.2222
1134.5 56.0555
1135.5 64.3889
1136.5 72.1111
1137.5 79.6111
1138.5 86.8889
1139.5 89.2778
1140.5 88.3889
1141.5 85.2222
1142.5 76.8888
1143.5 64.6111
1144.5 51.2778
1145.5 41
1146.5 38.1667
1147.5 41.7222
1148.5 52.5
1149.5 67.9445
1150.5 77.8333
1151.5 85.8333
1152.5 91.1667
1153.5 91
1154.5 89
1155.5 82.7777
1156.5 71.6111
1157.5 58.1667
1158.5 47.5556
1159.5 41.2778
1160.5 38.8889
1161.5 37.8889
1162.5 39
1163.5 44.3333
1164.5 52.9445
1165.5 72.3889
1166.5 86.6667
1167.5 86.9444
1168.5 86.2222
1169.5 87.1667
1170.5 86.3889
1171.5 81.8333
1172.5 74.3333
1173.5 63.1111
1174.5 53.1111
1175.5 42.5
1176.5 36.1111
1177.5 38.2222
1178.5 44.4444
1179.5 51.7222
1180.5 55.8889
1181.5 60.8334
1182.5 68.9445
1183.5 77.2222
1184.5 84.2222
1185.5 85.6111
1186.5 81.3889
1187.5 73.8889
1188.5 64.0555
1189.5 53.8889
1190.5 42.5555
1191.5 38.0555
1192.5 39.1667
1193.5 38.6667
1194.5 42.6667
1195.5 49.0555
1196.5 56.5
1197.5 66.6667
1198.5 77.1111
1199.5 84.3889
1200.5 84.6667
1201.5 81.7778
1202.5 75.5555
1203.5 61.2777
1204.5 46.8333
1205.5 41.2777
1206.5 37.2777
1207.5 35.2222
1208.5 40.1111
1209.5 47.4445
1210.5 55.4445
1211.5 63.1666
1212.5 72.0555
1213.5 80.1111
1214.5 83.0556
1215.5 82.8333
1216.5 82.2223
1217.5 81.1112
1218.5 69.6111
1219.5 58.1667
1220.5 53.1111
1221.5 41.9445
1222.5 34.6111
1223.5 35
1224.5 38.1111
1225.5 45.7777
1226.5 55.6667
1227.5 67.6111
1228.5 79.4444
1229.5 84.1112
1230.5 80.5556
1231.5 67.8889
1232.5 47.1111
1233.5 43.1667
1234.5 46.3889
1235.5 42.6111
1236.5 45.1667
1237.5 40.9444
1238.5 35.5
1239.5 37.1667
1240.5 40.4445
1241.5 49.1111
1242.5 60.0555
1243.5 67.2222
1244.5 77.2777
1245.5 87.0555
1246.5 92
1247.5 94.8889
1248.5 94.9444
1249.5 85.3333
1250.5 73.6667
1251.5 74.1667
1252.5 78.8889
1253.5 79.3889
1254.5 77.9444
1255.5 70.9444
1256.5 58.6111
1257.5 47.0555
1258.5 42.5555
1259.5 45.8333
1260.5 53.2778
1261.5 61.8333
1262.5 70.7777
1263.5 79.8333
1264.5 86.0556
1265.5 91.3889
1266.5 94.3333
1267.5 93.0555
1268.5 87.9444
1269.5 81.1112
1270.5 73.7223
1271.5 68.5
1272.5 63.2222
1273.5 54.4445
1274.5 45.1111
1275.5 41.0556
1276.5 44.2778
1277.5 49.7778
1278.5 58.3889
1279.5 72.9445
1280.5 84.6112
1281.5 90.8333
1282.5 94.8333
1283.5 95.5556
1284.5 90.7778
1285.5 84.7222
1286.5 79.0556
1287.5 68.8889
1288.5 58.7777
1289.5 49.9444
1290.5 43.3889
1291.5 43.3333
1292.5 48.1667
1293.5 55.1111
1294.5 63
1295.5 69.8333
1296.5 75.9445
1297.5 80.3333
1298.5 86.1112
1299.5 92.6112
1300.5 93.7778
1301.5 91.7223
1302.5 85.4444
1303.5 77.4444
1304.5 69.3889
1305.5 59.4445
1306.5 51.2223
1307.5 45
1308.5 42
1309.5 44.3889
1310.5 52.5
1311.5 57.1111
1312.5 59.9445
1313.5 67.2778
1314.5 76.3889
1315.5 84.0556
1316.5 89.7777
1317.5 92.1667
1318.5 92.5555
1319.5 89.6667
1320.5 82.1111
1321.5 63.4445
1322.5 44.8333
1323.5 42.5
1324.5 41.7222
1325.5 41.2222
1326.5 43.7777
1327.5 45.9445
1328.5 49.0556
1329.5 56.5
1330.5 66.6667
1331.5 75.7223
1332.5 82.5
1333.5 85.9444
1334.5 85.2777
1335.5 82.6111
1336.5 79.7222
1337.5 73.9444
1338.5 63.5556
1339.5 54.5
1340.5 45.3889
1341.5 39.5
1342.5 39.1667
1343.5 42
1344.5 47.1667
1345.5 56.2778
1346.5 70.2778
1347.5 80.1667
1348.5 86.6111
1349.5 91.2778
1350.5 92
1351.5 90.7777
1352.5 88.3333
1353.5 80.5556
1354.5 70.7778
1355.5 60.5556
1356.5 49.1111
1357.5 41.5
1358.5 39.1667
1359.5 44.9445
1360.5 55.6667
1361.5 67.4444
1362.5 78.9444
1363.5 86.3889
1364.5 91.1667
1365.5 94.2777
1366.5 93
1367.5 90.7223
1368.5 90.7223
1369.5 84.3889
1370.5 69.9445
1371.5 57.2223
1372.5 46.2778
1373.5 40.1111
1374.5 39.2777
1375.5 40.2222
1376.5 47.0555
1377.5 55.8889
1378.5 66.5
1379.5 79.7222
1380.5 86.5556
1381.5 87.5556
1382.5 88.6667
1383.5 87.2777
1384.5 85.5
1385.5 83.1667
1386.5 76.5555
1387.5 67.2222
1388.5 55.2777
1389.5 48.1667
1390.5 44.2223
1391.5 39.9445
1392.5 41.8889
1393.5 50
1394.5 60.5
1395.5 69.6667
1396.5 77.7223
1397.5 82.8333
1398.5 85.6111
1399.5 87.1111
1400.5 88.3889
1401.5 89.6667
1402.5 88.4445
1403.5 85.7777
1404.5 79.8888
1405.5 72.3888
1406.5 63.3333
1407.5 52.5
1408.5 44.3333
1409.5 40.5
1410.5 40.9445
1411.5 43
1412.5 46.3333
1413.5 51
1414.5 52.4444
1415.5 52.7222
1416.5 59.2778
1417.5 67.5556
1418.5 74.0556
1419.5 80.2778
1420.5 81.8333
1421.5 80.5556
1422.5 80
1423.5 81.2778
1424.5 79.1667
1425.5 67.7222
1426.5 53.6667
1427.5 45.2222
1428.5 41
1429.5 39.4445
1430.5 43.7777
1431.5 51.2777
1432.5 60.9445
1433.5 68
1434.5 66.9445
1435.5 69.1112
1436.5 78.5
1437.5 82.5556
1438.5 82.8333
1439.5 83.8889
1440.5 78.5555
1441.5 67
1442.5 51.8889
1443.5 41.5
1444.5 38.1667
1445.5 34.3333
1446.5 33.3889
1447.5 34.0556
1448.5 35.5
1449.5 41.4444
1450.5 48.7777
1451.5 56.3333
1452.5 61.8333
1453.5 64.3333
1454.5 69.7223
1455.5 76.6667
1456.5 81.3888
1457.5 85.2777
1458.5 84.4445
1459.5 80.2778
1460.5 76.3333
1461.5 74
1462.5 70
1463.5 62.3333
1464.5 53.1111
1465.5 46.7777
1466.5 41.3889
1467.5 34.8889
1468.5 33.1667
1469.5 35.2777
1470.5 41
1471.5 48.1111
1472.5 55.2223
1473.5 62.3889
1474.5 70.8333
1475.5 77.8889
1476.5 82.1667
1477.5 85.0556
1478.5 84.2778
1479.5 81.2778
1480.5 76.1667
1481.5 68.9444
1482.5 61.2222
1483.5 54.2222
1484.5 45.7222
1485.5 38.2222
1486.5 34.1667
1487.5 32.1111
1488.5 33.6667
1489.5 39.6111
1490.5 49.1111
1491.5 58.3889
1492.5 66.6667
1493.5 73.3333
1494.5 76.3333
1495.5 78.6667
1496.5 82.6111
1497.5 82.5
1498.5 80.9444
1499.5 78.1667
1500.5 71.5555
1501.5 65.1667
1502.5 60
1503.5 53.4445
1504.5 42.8333
1505.5 34.2778
1506.5 33.8333
1507.5 37.0555
1508.5 38.3889
1509.5 38.8889
1510.5 41.0555
1511.5 47.1111
1512.5 57.2223
1513.5 69.3889
1514.5 77.5556
1515.5 82.5
1516.5 88
1517.5 90.6111
1518.5 88.8333
1519.5 86
1520.5 80.5
1521.5 71.2778
1522.5 64.1111
1523.5 58.3889
1524.5 49.7777
1525.5 40.8889
1526.5 37.5
1527.5 36.1667
1528.5 34.8889
1529.5 38
1530.5 46.1111
1531.5 57.8334
1532.5 69.6667
1533.5 76.5
1534.5 79.5
1535.5 82.8333
1536.5 86.7778
1537.5 87.8333
1538.5 88.7777
1539.5 90.3333
1540.5 87.8889
1541.5 81.8889
1542.5 74.2777
1543.5 67.3333
1544.5 61.9444
1545.5 55.1111
1546.5 45.9445
1547.5 40.1111
1548.5 36.9445
1549.5 35.7778
1550.5 40.3333
1551.5 48.0555
1552.5 58.3333
1553.5 66.5
1554.5 70.7222
1555.5 79
1556.5 86.4445
1557.5 88.5556
1558.5 88.0556
1559.5 85.5
1560.5 84.4444
1561.5 81.2778
1562.5 72.3889
1563.5 64.9445
1564.5 56.9445
1565.5 47.3889
1566.5 40.2223
1567.5 35.8889
1568.5 34.2222
1569.5 35.8333
1570.5 40.1667
1571.5 46.3889
1572.5 56.0555
1573.5 65.7222
1574.5 73.5555
1575.5 80.2778
1576.5 84.6667
1577.5 87.6667
1578.5 88.8889
1579.5 84.9445
1580.5 80.2778
1581.5 77.8333
1582.5 74.8333
1583.5 68.8889
1584.5 56.9445
1585.5 45
1586.5 39.4445
1587.5 36.2223
1588.5 33.2778
1589.5 32.6111
1590.5 32.7777
1591.5 34.4445
1592.5 38.2223
1593.5 44.3889
1594.5 54.9445
1595.5 63.1111
1596.5 69.8889
1597.5 78.9444
1598.5 83.9444
1599.5 86.7778
1600.5 89.7778
1601.5 88.9444
1602.5 83.7777
1603.5 77.6111
1604.5 69.7778
1605.5 58.4445
1606.5 51.5
1607.5 49.8889
1608.5 46
1609.5 38.5
1610.5 32.9445
1611.5 32.6111
1612.5 36.3889
1613.5 42.8333
1614.5 49
1615.5 54.6667
1616.5 63.7778
1617.5 74.5
1618.5 82.1667
1619.5 86.5
1620.5 89
1621.5 89.1111
1622.5 88.3333
1623.5 86.6667
1624.5 82.3889
1625.5 80.8333
1626.5 76.7778
1627.5 67
1628.5 55.2778
1629.5 44.3889
1630.5 38.9445
1631.5 35.6667
1632.5 33.8889
1633.5 34
1634.5 35.7223
1635.5 40.4445
1636.5 48.5555
1637.5 54.6667
1638.5 59.7223
1639.5 65.7778
1640.5 71.3333
1641.5 78.0555
1642.5 84.3333
1643.5 88.3889
1644.5 88.8889
1645.5 88.1112
1646.5 85.1112
1647.5 75.7778
1648.5 65
1649.5 59.0555
1650.5 55.2222
1651.5 50.6667
1652.5 43.3333
1653.5 36
1654.5 32.1667
1655.5 32.8333
1656.5 35.7223
1657.5 39.3889
1658.5 46.2778
1659.5 53.2223
1660.5 63.2223
1661.5 72.1112
1662.5 72.9445
1663.5 75.1667
1664.5 82
1665.5 87.6667
1666.5 90.3333
1667.5 89.0556
1668.5 87.2223
1669.5 87.0556
1670.5 85.5
1671.5 81.2222
1672.5 77.7222
1673.5 74.0556
1674.5 67.7223
1675.5 61.4445
1676.5 53.8889
1677.5 47.7223
1678.5 43.3333
1679.5 38.3333
1680.5 34.6667
1681.5 35.2778
1682.5 39.9445
1683.5 45.5
1684.5 52.2222
1685.5 57.8889
1686.5 61.9444
1687.5 65.8333
1688.5 70.5556
1689.5 76.2778
1690.5 82
1691.5 86.4444
1692.5 88.2223
1693.5 89.9445
1694.5 92.1111
1695.5 90.5556
1696.5 86.1111
1697.5 81.8333
1698.5 76.9444
1699.5 70.6667
1700.5 59.2778
1701.5 48.1667
1702.5 40.8333
1703.5 35.8333
1704.5 36.0556
1705.5 40.5
1706.5 46.2777
1707.5 53.2777
1708.5 57.7222
1709.5 61.1666
1710.5 67.3333
1711.5 74.1667
1712.5 80.6667
1713.5 83.9444
1714.5 87.7223
1715.5 89.3333
1716.5 88.1667
1717.5 86.5
1718.5 83.6667
1719.5 79.5556
1720.5 76.9445
1721.5 72.5556
1722.5 62.1667
1723.5 54.2778
1724.5 47.6667
1725.5 41.7778
1726.5 37.7778
1727.5 34.7223
1728.5 36
1729.5 40.5555
1730.5 44.8333
1731.5 47.6667
1732.5 49.9445
1733.5 51.7222
1734.5 55.6111
1735.5 64.6667
1736.5 73.8889
1737.5 80.6667
1738.5 87.1111
1739.5 91
1740.5 92.0556
1741.5 91
1742.5 88.6667
1743.5 86.1111
1744.5 82.2222
1745.5 76.6111
1746.5 68.5555
1747.5 60.3333
1748.5 52.0555
1749.5 44.2777
1750.5 38.8333
1751.5 38.1667
1752.5 38.3889
1753.5 37.8889
1754.5 39.1111
1755.5 42.4444
1756.5 47.0555
1757.5 52
1758.5 58.6667
1759.5 64.8889
1760.5 69.1111
1761.5 73.4444
1762.5 80.6111
1763.5 88
1764.5 91.6667
1765.5 91.1667
1766.5 92
1767.5 92.2778
1768.5 88.2223
1769.5 83
1770.5 74.2777
1771.5 66.2777
1772.5 61.1111
1773.5 56.7778
1774.5 50.9445
1775.5 46.2222
1776.5 43.6667
1777.5 38.6111
1778.5 34.7777
1779.5 33.3333
1780.5 34.8333
1781.5 37.5
1782.5 43.6667
1783.5 50.5555
1784.5 55.5
1785.5 60.8333
1786.5 66.3333
1787.5 71.8333
1788.5 78.3333
1789.5 83.6112
1790.5 84.6667
1791.5 86.5
1792.5 89.2222
1793.5 89.7777
1794.5 88.1667
1795.5 85.9445
1796.5 84.2223
1797.5 81.9444
1798.5 78.1111
1799.5 74.2778
1800.5 68.7778
1801.5 61.9445
1802.5 56.5555
1803.5 50.7777
1804.5 44.3333
1805.5 40.1111
1806.5 37.6667
1807.5 37.2777
1808.5 38.4445
1809.5 41.7223
1810.5 44.8333
1811.5 47.2223
1812.5 51.1667
1813.5 56.1667
1814.5 63.1112
1815.5 68.6112
1816.5 73.6667
1817.5 79
1818.5 82.8889
1819.5 87
1820.5 88.1667
1821.5 88.2223
1822.5 90.1667
1823.5 90
1824.5 87.7777
1825.5 85.0555
1826.5 82.5555
1827.5 80.2777
1828.5 75.8333
1829.5 70.0556
1830.5 63.6667
1831.5 55.5555
1832.5 48.6111
1833.5 43.2778
1834.5 39.1667
1835.5 36.2778
1836.5 33.4445
1837.5 33.3333
1838.5 35.7778
1839.5 39.7223
1840.5 43.7778
1841.5 48.0555
1842.5 54.5555
1843.5 61.4445
1844.5 66.7778
1845.5 69.9444
1846.5 72.6111
1847.5 77.6667
1848.5 82.7777
1849.5 86.3889
1850.5 89.3333
1851.5 89.2778
1852.5 88.6667
1853.5 88.0555
1854.5 86.7777
1855.5 84.6667
1856.5 81.6667
1857.5 78.1111
1858.5 73.6111
1859.5 67.4445
1860.5 60.4445
1861.5 54.0555
1862.5 47.5
1863.5 42.5555
1864.5 38.6111
1865.5 34.8889
1866.5 33.8333
1867.5 35.8889
1868.5 39.7223
1869.5 44
1870.5 49.1111
1871.5 54.5
1872.5 60
1873.5 65.2778
1874.5 69.4444
1875.5 73.6111
1876.5 78.1111
1877.5 81.7777
1878.5 85.0556
1879.5 88
1880.5 89.0555
1881.5 88.7778
1882.5 88.8333
1883.5 85.9444
1884.5 81.1111
1885.5 75.7777
1886.5 70.3889
1887.5 68.1667
1888.5 64.4445
1889.5 59.2222
1890.5 54.8333
1891.5 49.5
1892.5 43.1111
1893.5 37.3333
1894.5 34.3333
1895.5 33.2778
1896.5 33
1897.5 34.6111
1898.5 37.4445
1899.5 40.2223
1900.5 43.3889
1901.5 47.8333
1902.5 52.7778
1903.5 56.5555
1904.5 58.3889
1905.5 60.2778
1906.5 63
1907.5 67
1908.5 73.5556
1909.5 79.6667
1910.5 83.8333
1911.5 87.7778
1912.5 88.6667
1913.5 88.2222
1914.5 89.1111
1915.5 87.7777
1916.5 87.5556
1917.5 88.2778
1918.5 84.9445
1919.5 81.8889
1920.5 80.1667
1921.5 76.1112
1922.5 69.8889
1923.5 62.7222
1924.5 56.0555
1925.5 50.1111
1926.5 45.8333
1927.5 42.1111
1928.5 38.2222
1929.5 34.3333
1930.5 32.1667
1931.5 32.7777
1932.5 34.5
1933.5 34.7778
1934.5 36.4445
1935.5 40.1111
1936.5 42.8889
1937.5 47.9444
1938.5 55.3889
1939.5 60.2777
1940.5 65.4445
1941.5 71.3333
1942.5 72.5555
1943.5 73.8333
1944.5 77.7223
1945.5 81.2223
1946.5 83.4444
1947.5 84.8333
1948.5 86.4444
1949.5 86.9444
1950.5 86.7222
1951.5 87.1111
1952.5 84.5555
1953.5 80.8889
1954.5 76.7223
1955.5 73.2778
1956.5 70.3333
1957.5 67.6667
1958.5 63.1111
1959.5 57.2223
1960.5 52.6111
1961.5 46.3889
1962.5 42.2777
1963.5 39.0555
1964.5 34.3889
1965.5 32.1667
1966.5 32.3333
1967.5 33.6667
1968.5 36.8889
1969.5 40.8333
1970.5 45.2778
1971.5 48.7778
1972.5 49.5555
1973.5 51.6667
1974.5 56.0555
1975.5 59.6667
1976.5 63.0556
1977.5 65.8889
1978.5 68.5
1979.5 71.7223
1980.5 75.2778
1981.5 79.2222
1982.5 81.2777
1983.5 81.9444
1984.5 84.0555
1985.5 87.0555
1986.5 87.1667
1987.5 85.4444
1988.5 85.1111
1989.5 82.8889
1990.5 78.9445
1991.5 75.1111
1992.5 77.8333
1993.5 79.7222
1994.5 73.2222
1995.5 57.7222
1996.5 44.5
1997.5 42.0555
1998.5 38
1999.5 34.0555
2000.5 34.0555
2001.5 32.8333
2002.5 30.7222
2003.5 31.6111
2004.5 33.2223
2005.5 33.8889
2006.5 35.6111
2007.5 37.3889
2008.5 41.6111
2009.5 48.1667
2010.5 52.6111
2011.5 56
2012.5 58.4445
2013.5 61.6667
2014.5 67.2223
2015.5 73.3889
2016.5 79.8333
2017.5 83.7778
2018.5 84.0555
2019.5 85.6111
2020.5 87.1667
2021.5 87.4445
2022.5 89.5
2023.5 92.3888
2024.5 93.6667
2025.5 92.8333
2026.5 91.3889
2027.5 91.5
2028.5 90.6667
2029.5 88.2777
2030.5 85.5556
2031.5 83.5
2032.5 82.2222
2033.5 73.8333
2034.5 56.7777
2035.5 51.3333
2036.5 57.1667
2037.5 59.5
2038.5 57.6111
2039.5 53.6667
2040.5 48.3889
2041.5 42.6111
2042.5 39
2043.5 37.0555
2044.5 38.1667
2045.5 40.7778
2046.5 44.1111
2047.5 48.6667
2048.5 52.1667
2049.5 54.4445
2050.5 57.6667
2051.5 64.0555
2052.5 72.5
2053.5 76.3889
2054.5 79.6111
2055.5 82.6111
2056.5 81.5
2057.5 82.1667
2058.5 81.2223
2059.5 79.6667
2060.5 82.6111
2061.5 85.7778
2062.5 88.7223
2063.5 90.5
2064.5 90.3333
2065.5 90.3333
2066.5 89.5
2067.5 89.8889
2068.5 91.1667
2069.5 92.6111
2070.5 93.2222
2071.5 91.9444
2072.5 90.5
2073.5 86.5
2074.5 81.1667
2075.5 77.9445
2076.5 73.8889
2077.5 66.1111
2078.5 62.4444
2079.5 60.7222
2080.5 55.5555
2081.5 52.5555
2082.5 52.0555
2083.5 49.5
2084.5 48.8889
2085.5 47.5555
2086.5 42.7222
2087.5 39.4445
2088.5 38.8889
2089.5 40.4445
2090.5 41.5555
2091.5 41.7777
2092.5 41.9445
2093.5 43.3333
2094.5 46.1111
2095.5 46.3889
2096.5 46.1667
2097.5 47.7223
2098.5 49.8333
2099.5 53.3333
2100.5 56.9445
2101.5 59.6667
2102.5 60.6111
2103.5 60.6667
2104.5 62.2777
2105.5 66.6667
2106.5 70.2778
2107.5 74
2108.5 78.5556
2109.5 81.4445
2110.5 81.8889
2111.5 81.2223
2112.5 82.8889
2113.5 85.5
2114.5 85.2777
2115.5 85.1111
2116.5 86
2117.5 87.2777
2118.5 89.1667
2119.5 88.2778
2120.5 88.1112
2121.5 89
2122.5 85.9444
2123.5 81.1112
2124.5 78.3333
2125.5 78.2778
2126.5 77.4444
2127.5 72.0555
2128.5 67.2223
2129.5 64.9445
2130.5 63.3889
2131.5 60.7778
2132.5 56.6667
2133.5 53.6111
2134.5 50.2778
2135.5 49.9445
2136.5 48.2777
2137.5 44.8889
2138.5 43.7222
2139.5 41
2140.5 39.5
2141.5 39.6667
2142.5 39.4445
2143.5 41.7223
2144.5 44.0555
2145.5 44.9445
2146.5 45.8333
2147.5 46.5
2148.5 48.3333
2149.5 50.6667
2150.5 54.1111
2151.5 58.7223
2152.5 59.2223
2153.5 57.9445
2154.5 59.4445
2155.5 61.7778
2156.5 65.3333
2157.5 68.4445
2158.5 71.6667
2159.5 76
2160.5 78.6111
2161.5 81.4444
2162.5 83.1112
2163.5 84.1667
2164.5 89.3333
2165.5 92.3889
2166.5 93.9444
2167.5 94.2777
2168.5 94.7222
2169.5 95.6667
2170.5 93.7222
2171.5 91.8889
2172.5 90.4445
2173.5 90.2777
2174.5 87.2222
2175.5 81.8889
2176.5 79.0556
2177.5 76
2178.5 72.9444
2179.5 68.6667
2180.5 64
2181.5 65.7222
2182.5 70.1111
2183.5 72
2184.5 70.4445
2185.5 66.9445
2186.5 63.8333
2187.5 61.5555
2188.5 59.6667
2189.5 57.8333
2190.5 55.4445
2191.5 51.1667
2192.5 47.6111
2193.5 44.5
2194.5 41.6667
2195.5 40.0555
2196.5 39.1111
2197.5 40.5
2198.5 42.2778
2199.5 41.9445
2200.5 41.9445
2201.5 43.6111
2202.5 46.3889
2203.5 49.6667
2204.5 51.5
2205.5 52.3889
2206.5 52
2207.5 53.5555
2208.5 51.5
2209.5 49
2210.5 52.1667
2211.5 54.8889
2212.5 57.7222
2213.5 61.8333
2214.5 66.4444
2215.5 69.4444
2216.5 71.8889
2217.5 74.4445
2218.5 77.8889
2219.5 78.6667
2220.5 78.5
2221.5 81.3333
2222.5 82.9445
2223.5 83.8333
2224.5 86.2778
2225.5 86.9445
2226.5 85.5555
2227.5 86.1111
2228.5 85.2777
2229.5 83.3888
2230.5 83.3333
2231.5 83.4444
2232.5 82.5556
2233.5 81.8333
2234.5 81.1111
2235.5 78.1111
2236.5 74.6667
2237.5 70.6111
2238.5 67.4445
2239.5 67.0556
2240.5 66.8333
2241.5 65.6111
2242.5 63
2243.5 60.5
2244.5 59.2223
2245.5 56.6667
2246.5 54.9445
2247.5 53.7222
2248.5 51.2222
2249.5 49.1111
2250.5 47.9445
2251.5 48.7223
2252.5 46.0556
2253.5 42.4445
2254.5 42.5555
2255.5 41.6111
2256.5 41.8333
2257.5 42.1667
2258.5 38.6667
2259.5 36.3333
2260.5 37.4444
2261.5 39.3889
2262.5 40.7777
2263.5 43.6111
2264.5 47.0555
2265.5 48.8333
2266.5 50.5556
2267.5 51.9445
2268.5 52.2222
2269.5 53.3889
2270.5 57.2778
2271.5 60.8889
2272.5 63.7223
2273.5 67.6112
2274.5 70.7778
2275.5 68.9445
2276.5 65.1111
2277.5 61.4445
2278.5 58.7778
2279.5 57.6667
2280.5 62.9444
2281.5 71.8333
2282.5 83.3889
2283.5 94.7778
2284.5 95.8333
2285.5 94.2223
2286.5 89.7223
2287.5 85.4445
2288.5 86.3333
2289.5 89
2290.5 89.4444
2291.5 88.9444
2292.5 89.8889
2293.5 90.2777
2294.5 93.3888
2295.5 95.2777
2296.5 94.2777
2297.5 94.3333
2298.5 93.5
2299.5 93.6667
2300.5 93.2778
2301.5 92.6111
2302.5 91.3889
2303.5 87.1112
2304.5 80.7778
2305.5 75.6111
2306.5 72.1667
2307.5 68.3889
2308.5 63.7778
2309.5 58.1667
2310.5 55.6111
2311.5 56
2312.5 56.0555
2313.5 56.3889
2314.5 57.2222
2315.5 56.4444
2316.5 55.6667
2317.5 56.3889
2318.5 56.3333
2319.5 55.8333
2320.5 55.4445
2321.5 53.0555
2322.5 48.3889
2323.5 44.5
2324.5 44.5555
2325.5 45
2326.5 43.7777
2327.5 41.3889
2328.5 38.8889
2329.5 38.0555
2330.5 38.2778
2331.5 36.8889
2332.5 35.3889
2333.5 35.3889
2334.5 35.2778
2335.5 35.5556
2336.5 36.6667
2337.5 37.9445
2338.5 41.0555
2339.5 46
2340.5 47.7778
2341.5 46.7778
2342.5 45.4445
2343.5 43.1111
2344.5 40.2777
2345.5 36.3889
2346.5 36.8889
2347.5 44.1111
2348.5 51.7222
2349.5 56.3333
2350.5 58.8333
2351.5 62.6111
2352.5 65.3333
2353.5 65
2354.5 66.4444
2355.5 70.3889
2356.5 71.6111
2357.5 73.1667
2358.5 77.5
2359.5 82.1111
2360.5 84.8888
2361.5 85.6111
2362.5 86.8333
2363.5 87
2364.5 87.5
2365.5 89.7223
2366.5 90.1112
2367.5 89.5
2368.5 89.8888
2369.5 89.5
2370.5 90.1667
2371.5 91
2372.5 90.2777
2373.5 88.7222
2374.5 87.3889
2375.5 89.3889
2376.5 90.2222
2377.5 88.5
2378.5 86.2778
2379.5 85.7778
2380.5 84.1667
2381.5 82.7778
2382.5 84.6667
2383.5 84.7222
2384.5 83.0555
2385.5 80.3333
2386.5 77.6667
2387.5 77.1111
2388.5 75.6667
2389.5 72.4445
2390.5 69.9445
2391.5 68.2223
2392.5 66.9444
2393.5 63.5
2394.5 60
2395.5 62
2396.5 65.6667
2397.5 67.6667
2398.5 68.0556
2399.5 66.8888
2400.5 65
2401.5 60.7778
2402.5 57.8889
2403.5 60.6667
2404.5 61.6111
2405.5 59.2223
2406.5 58.1111
2407.5 52.9445
2408.5 47.6111
2409.5 44.0555
2410.5 41.1111
2411.5 41.6111
2412.5 41.3333
2413.5 40.4444
2414.5 40.3333
2415.5 39.1667
2416.5 37.6667
2417.5 37.1667
2418.5 38.1667
2419.5 38.6667
2420.5 37.2777
2421.5 35.1667
2422.5 34.7778
2423.5 39.6667
2424.5 41.1111
2425.5 39.2223
2426.5 45.7778
2427.5 48.3333
2428.5 48.1111
2429.5 58.3889
2430.5 64.7778
2431.5 61.8889
2432.5 59.5
2433.5 59
2434.5 58.6667
2435.5 56.8333
2436.5 54.7777
2437.5 54.5555
2438.5 54.5
2439.5 54.7222
2440.5 55.5
2441.5 57.1667
2442.5 57.3333
2443.5 56.9445
2444.5 57
2445.5 56.3889
2446.5 57.1667
2447.5 59
2448.5 60.2777
2449.5 62.7777
2450.5 61.7777
2451.5 56.4444
2452.5 56.7777
2453.5 63.5
2454.5 69.5
2455.5 70.8889
2456.5 70.5
2457.5 69.7777
2458.5 70.6667
2459.5 72.1667
2460.5 74.8333
2461.5 78.2222
2462.5 80.4445
2463.5 83.9445
2464.5 84.6667
2465.5 82.1667
2466.5 81.1111
2467.5 82.2777
2468.5 83.5
2469.5 84.7223
2470.5 87.2223
2471.5 87.9445
2472.5 88.2777
2473.5 90.0555
2474.5 89.7778
2475.5 90.7223
2476.5 92.1112
2477.5 92.1112
2478.5 91.4445
2479.5 90.5556
2480.5 91.0556
2481.5 90.6111
2482.5 89.8333
2483.5 88.3333
2484.5 87.7222
2485.5 86.5556
2486.5 83.6112
2487.5 83.0556
2488.5 82.5556
2489.5 82.6112
2490.5 82.6112
2491.5 78.7778
2492.5 75.7778
2493.5 76.6112
2494.5 77.2778
2495.5 76.2778
2496.5 74.7223
2497.5 73.5
2498.5 73.7222
2499.5 75.0556
2500.5 75.1667
2501.5 75.7222
2502.5 76.7778
2503.5 75.3333
2504.5 70.5555
2505.5 66.9445
2506.5 65.6667
2507.5 61.1667
2508.5 59.5555
2509.5 60.2222
2510.5 58.5555
2511.5 55.4445
2512.5 52.1111
2513.5 50.1111
2514.5 47.8889
2515.5 48.3889
2516.5 52.7778
2517.5 55.5556
2518.5 53.5
2519.5 46.7222
2520.5 42.0555
2521.5 41.2777
2522.5 40.5
2523.5 37.6111
2524.5 35.6667
2525.5 37
2526.5 37.7222
2527.5 37.3333
2528.5 37.5
2529.5 38.6111
2530.5 38.9445
2531.5 39.2222
2532.5 38.6111
2533.5 37.9445
2534.5 39.4445
2535.5 42.1111
2536.5 44.1111
2537.5 45.5555
2538.5 44.1111
2539.5 42.4445
2540.5 41.3889
2541.5 40.6111
2542.5 42.0555
2543.5 42.8889
2544.5 44
2545.5 50.1111
2546.5 54.9445
2547.5 54.9445
2548.5 58
2549.5 63.1667
2550.5 68.3333
2551.5 71.7777
2552.5 72.6111
2553.5 70.5
2554.5 66.5
2555.5 64
2556.5 63.2222
2557.5 66.6667
2558.5 69.5555
2559.5 71.2222
2560.5 77.0556
2561.5 82.3333
2562.5 81.6667
2563.5 76.7777
2564.5 74.1111
2565.5 73.1111
2566.5 70.6111
2567.5 70.5
2568.5 73.2778
2569.5 76.3889
2570.5 79.8333
2571.5 83.1111
2572.5 85.3889
2573.5 84.1111
2574.5 82.6667
2575.5 83.6111
2576.5 83.5
2577.5 83.7778
2578.5 85.5
2579.5 86.1667
2580.5 87
2581.5 87.9445
2582.5 88.5
2583.5 88.5555
2584.5 88.7222
2585.5 88.2222
2586.5 86.5555
2587.5 86.3889
2588.5 86.6112
2589.5 85.7223
2590.5 87.1667
2591.5 87.9444
2592.5 85.7222
2593.5 84.9445
2594.5 84.3333
2595.5 84.5
2596.5 85.1111
2597.5 84.5
2598.5 84.6667
2599.5 84.8888
2600.5 83.0556
2601.5 84.4445
2602.5 86.8889
2603.5 86.3889
2604.5 85.3333
2605.5 88.9444
2606.5 94.2777
2607.5 95.0555
2608.5 94.1111
2609.5 92.6111
2610.5 93.6667
2611.5 95.5555
2612.5 94.0555
2613.5 93.6111
2614.5 94.4445
2615.5 94.3333
2616.5 94.2223
2617.5 94.8889
2618.5 94.1111
2619.5 93.2222
2620.5 94.5
2621.5 95.0555
2622.5 95.1667
2623.5 95.8333
2624.5 96.5
2625.5 96.1111
2626.5 96.3889
2627.5 95.1667
2628.5 93.6667
2629.5 94.8889
2630.5 95.3333
2631.5 95.9444
2632.5 97.0555
2633.5 96.6111
2634.5 96.7222
2635.5 97.7222
2636.5 97.1667
2637.5 97.0555
2638.5 98.2222
2639.5 96.8888
2640.5 95.1667
2641.5 96.0555
2642.5 95.8333
2643.5 96.1667
2644.5 97.8889
2645.5 99.3335
2646.5 99.8335
2647.5 98.3889
2648.5 96.6667
2649.5 96.6667
2650.5 97
2651.5 97.5
2652.5 98.6111
2653.5 97.5556
2654.5 97.3333
2655.5 97.6111
2656.5 97.4445
2657.5 96.9445
2658.5 95.8333
2659.5 95.5
2660.5 96.1112
2661.5 96.2223
2662.5 95.8889
2663.5 96.4445
2664.5 95.8333
2665.5 95.4444
2666.5 94.8889
2667.5 94.6112
2668.5 95.2778
2669.5 94.7222
2670.5 93.9444
2671.5 94.5556
2672.5 95.1667
2673.5 93.8889
2674.5 90.3889
2675.5 89.5556
2676.5 90.6111
2677.5 90.6111
2678.5 90.7777
2679.5 90.1667
2680.5 90.5556
2681.5 92.1111
2682.5 92.4444
2683.5 90.8333
2684.5 89.5
2685.5 89.2223
2686.5 89.4444
2687.5 90.7777
2688.5 93.3333
2689.5 93.9444
2690.5 92.8888
2691.5 92.3888
2692.5 93.8333
2693.5 96.2222
2694.5 96.8889
2695.5 97.2778
2696.5 98.6111
2697.5 100.167
2698.5 99.6666
2699.5 98.7777
2700.5 98.6111
2701.5 97.4445
2702.5 96.6111
2703.5 95.8889
2704.5 92.1667
2705.5 85.2778
2706.5 79.2223
2707.5 82.5556
2708.5 88.5
2709.5 91.8889
2710.5 94.8333
2711.5 90.2777
2712.5 86.8333
2713.5 85.9444
2714.5 83.1667
2715.5 81.5
2716.5 79.1111
2717.5 77.2222
2718.5 78.5
2719.5 78.6111
2720.5 73.8333
2721.5 69.3333
2722.5 67.5556
2723.5 62.7778
2724.5 55.9445
2725.5 52.7778
2726.5 50.8889
2727.5 49.6667
2728.5 48.3889
2729.5 48.1111
2730.5 52
2731.5 54.5555
2732.5 52.8889
2733.5 44.9445
2734.5 38.6667
2735.5 37.1667
2736.5 33.7223
2737.5 31.9444
2738.5 33.2777
2739.5 33.1111
2740.5 32.1111
2741.5 31.7778
2742.5 31.8333
2743.5 32.4444
2744.5 32.5555
2745.5 32.8333
2746.5 32.6111
2747.5 32.6667
2748.5 32.8889
2749.5 32.9445
2750.5 34.5555
2751.5 35.3889
2752.5 34.0555
2753.5 32.7777
2754.5 33.0555
2755.5 33.5555
2756.5 35.1111
2757.5 37
2758.5 39.5555
2759.5 41.9445
2760.5 46.0555
2761.5 55.2222
2762.5 63.4445
2763.5 63.6667
2764.5 64.0555
2765.5 61.5
2766.5 57.1667
2767.5 60.5
2768.5 64.3333
2769.5 67.7777
2770.5 71.1111
2771.5 72.2777
2772.5 71.0556
2773.5 71.3333
2774.5 74.1111
2775.5 75.4445
2776.5 74.7778
2777.5 76.6667
2778.5 79.1667
2779.5 78.6111
2780.5 80.2222
2781.5 81.5
2782.5 82.8333
2783.5 83.8333
2784.5 83.7778
2785.5 86.3333
2786.5 88.8333
2787.5 92.6667
2788.5 95
2789.5 95.0555
2790.5 94.7223
2791.5 94.9445
2792.5 96.6111
2793.5 97.8333
2794.5 96.1667
2795.5 93.4445
2796.5 89.0556
2797.5 86.8889
2798.5 88.9445
2799.5 89.7778
2800.5 93.0556
2801.5 98.3888
2802.5 98.9999
2803.5 97.9444
2804.5 95.2777
2805.5 91.2777
2806.5 90.2222
2807.5 90.2222
2808.5 89.5
2809.5 88.4445
2810.5 88.3889
2811.5 91.1111
2812.5 92.5556
2813.5 88.3889
2814.5 84.6111
2815.5 79.9444
2816.5 74.1667
2817.5 76.7223
2818.5 81.5556
2819.5 82
2820.5 75.7223
2821.5 69.0556
2822.5 67.2777
2823.5 65.0555
2824.5 61.2778
2825.5 55.2778
2826.5 51.1111
2827.5 47.6667
2828.5 46.5
2829.5 48.5555
2830.5 51.3333
2831.5 50.6667
2832.5 45.7778
2833.5 42.0555
2834.5 39.1667
2835.5 40.3889
2836.5 44.0555
2837.5 45.4445
2838.5 45.6111
2839.5 44.8889
2840.5 42.7777
2841.5 42.5
2842.5 41.5
2843.5 39.0555
2844.5 40.6111
2845.5 43.3333
2846.5 43.8333
2847.5 42.7222
2848.5 42.3333
2849.5 41.5
2850.5 40.7777
2851.5 42.6667
2852.5 41.4445
2853.5 38.7778
2854.5 38.9445
2855.5 38.1111
2856.5 37.1667
2857.5 38.6667
2858.5 38.3333
2859.5 38.2223
2860.5 39.9445
2861.5 38.3333
2862.5 39.2223
2863.5 41.7223
2864.5 44.4445
2865.5 46.6111
2866.5 48.1667
2867.5 49.1111
2868.5 49.0555
2869.5 48.8333
2870.5 47.5555
2871.5 50
2872.5 52.7777
2873.5 55.0555
2874.5 57.6111
2875.5 60.1111
2876.5 60.8889
2877.5 60.5
2878.5 60.3889
2879.5 62.0555
2880.5 68
2881.5 72.7778
2882.5 74.4445
2883.5 76.1667
2884.5 76.6667
2885.5 77.8333
2886.5 80.2778
2887.5 82.6667
2888.5 84.1667
2889.5 87.7223
2890.5 91.3889
2891.5 91.3889
2892.5 92.2223
2893.5 92.6111
2894.5 92.6667
2895.5 92.9445
2896.5 91.8889
2897.5 92.6111
2898.5 92.5556
2899.5 91.9445
2900.5 91.6111
2901.5 90.7222
2902.5 90.5556
2903.5 91.2778
2904.5 93.0556
2905.5 91.2222
2906.5 90.5556
2907.5 90.6667
2908.5 90.7222
2909.5 91.6667
2910.5 91.7222
2911.5 92.6667
2912.5 93.2222
2913.5 93.1111
2914.5 93.2222
2915.5 93.5
2916.5 92.5
2917.5 91.8888
2918.5 90.5
2919.5 88.6667
2920.5 88.0556
2921.5 86.5556
2922.5 85.6667
2923.5 83.3333
2924.5 80.7222
2925.5 78.3888
2926.5 76.5555
2927.5 77
2928.5 77.8889
2929.5 77.9444
2930.5 76.7222
2931.5 74.1667
2932.5 73.0556
2933.5 72.6667
2934.5 70.8333
2935.5 68.1667
2936.5 65
2937.5 62.5555
2938.5 58.4445
2939.5 51.8889
2940.5 47.6111
2941.5 44.5
2942.5 41.3889
2943.5 40.2223
2944.5 39.3889
2945.5 38.6111
2946.5 38.3333
2947.5 38.6111
2948.5 39.7223
2949.5 43.7778
2950.5 47.5
2951.5 47.3889
2952.5 46.6667
2953.5 48.8889
2954.5 56.5
2955.5 59.5
2956.5 59.4445
2957.5 63.4445
2958.5 66.1667
2959.5 71.1111
2960.5 73.5
2961.5 74.9445
2962.5 80.1112
2963.5 83.1112
2964.5 84.5556
2965.5 87.0556
2966.5 90.3333
2967.5 90.2222
2968.5 88.3333
2969.5 88.8889
2970.5 90.4444
2971.5 90.2777
2972.5 89.6667
2973.5 89.3333
2974.5 87.9444
2975.5 85.2222
2976.5 82.3333
2977.5 79.2223
2978.5 75.0556
2979.5 74
2980.5 75.3889
2981.5 74.0555
2982.5 72.5
2983.5 72.6111
2984.5 72.5
2985.5 73.8333
2986.5 75.1667
2987.5 74.3333
2988.5 70.0555
2989.5 65.9444
2990.5 65.7222
2991.5 63.7222
2992.5 58.3333
2993.5 55.6111
2994.5 54.0555
2995.5 52.0555
2996.5 49.2223
2997.5 45.6111
2998.5 44.2777
2999.5 43.3889
3000.5 42.5
3001.5 42.3889
3002.5 40.3889
3003.5 39.3333
3004.5 39.5555
3005.5 38
3006.5 38.8889
3007.5 41.5556
3008.5 44.7778
3009.5 50.5555
3010.5 58.2222
3011.5 61.7222
3012.5 60.8333
3013.5 61.2778
3014.5 62.1667
3015.5 63.6111
3016.5 67.2223
3017.5 68.3333
3018.5 68.8333
3019.5 69.8333
3020.5 73.1111
3021.5 79
3022.5 82.7778
3023.5 83.8889
3024.5 84.1667
3025.5 85
3026.5 87
3027.5 89.3333
3028.5 89.8888
3029.5 91.2777
3030.5 92.7222
3031.5 93.1667
3032.5 93
3033.5 93.8889
3034.5 94.8889
3035.5 93.7778
3036.5 91.0556
3037.5 88.1667
3038.5 84.5
3039.5 76.6111
3040.5 68.6667
3041.5 62.1111
3042.5 57.2222
3043.5 55.1111
3044.5 53.8333
3045.5 51.3333
3046.5 46.5
3047.5 41.2222
3048.5 37.9445
3049.5 36.6111
3050.5 33.4445
3051.5 31.6111
3052.5 32.1667
3053.5 32.9444
3054.5 35.5
3055.5 39.0556
3056.5 41.3333
3057.5 43.9445
3058.5 49.2778
3059.5 54.4445
3060.5 57.8889
3061.5 60.3333
3062.5 61.7222
3063.5 65.1667
3064.5 70.2778
3065.5 72.7223
3066.5 76.2778
3067.5 79.9444
3068.5 81.9444
3069.5 84.2223
3070.5 85.8889
3071.5 88.1111
3072.5 88.6111
3073.5 86.3333
3074.5 85.5556
3075.5 84.8333
3076.5 83.2222
3077.5 80.8888
3078.5 79.8333
3079.5 80.2777
3080.5 78.0555
3081.5 76.9444
3082.5 75.1667
3083.5 70.6667
3084.5 64.5
3085.5 58.1111
3086.5 53.4445
3087.5 48.7223
3088.5 42.5
3089.5 38.2222
3090.5 35.5555
3091.5 33.4445
3092.5 33.0555
3093.5 34.2222
3094.5 36.7222
3095.5 38.8889
3096.5 41.1667
3097.5 44.2778
3098.5 47.8889
3099.5 52.7778
3100.5 58
3101.5 61.8889
3102.5 65.5
3103.5 69.6111
3104.5 72.0555
3105.5 74.7222
3106.5 79.7222
3107.5 87.8888
3108.5 92.8888
3109.5 93.5
3110.5 94.1112
3111.5 94.5
3112.5 92.8888
3113.5 93.0555
3114.5 96.6667
3115.5 94.9444
3116.5 91
3117.5 88.9445
3118.5 86.1111
3119.5 83.1667
3120.5 78.5
3121.5 71.3333
3122.5 68.0555
3123.5 66.7777
3124.5 65.0556
3125.5 61.4445
3126.5 55.3889
3127.5 50.1111
3128.5 46.2223
3129.5 43.5555
3130.5 41.3889
3131.5 39.4444
3132.5 37.2777
3133.5 35.7777
3134.5 38.7222
3135.5 42.1667
3136.5 43.2777
3137.5 44.1111
3138.5 47.1667
3139.5 51.9445
3140.5 56.8333
3141.5 62.3333
3142.5 67.1667
3143.5 72.8889
3144.5 80.2778
3145.5 85.3889
3146.5 80.7777
3147.5 79.7222
3148.5 86.1667
3149.5 88.1111
3150.5 89.2222
3151.5 90.2777
3152.5 89.7222
3153.5 89.3888
3154.5 87.8333
3155.5 85.2222
3156.5 84.0556
3157.5 85.5556
3158.5 85.9445
3159.5 77.5556
3160.5 65.3889
3161.5 58.5
3162.5 54.3333
3163.5 48.5555
3164.5 43.3333
3165.5 42.2778
3166.5 42.1667
3167.5 40.7222
3168.5 38
3169.5 35.5555
3170.5 34
3171.5 32.7778
3172.5 32.1667
3173.5 33.1667
3174.5 36.2223
3175.5 37.2223
3176.5 39.0555
3177.5 42.0555
3178.5 46
3179.5 53
3180.5 61
3181.5 67.1111
3182.5 70.3889
3183.5 73.5
3184.5 75.2777
3185.5 74.2222
3186.5 76.9444
3187.5 82.3889
3188.5 85.6111
3189.5 88.1111
3190.5 92.1111
3191.5 95.7222
3192.5 96.5
3193.5 97.8889
3194.5 98.8333
3195.5 96.2778
3196.5 90.8889
3197.5 86.0556
3198.5 84.6667
3199.5 83.5555
3200.5 80.2778
3201.5 76.3889
3202.5 71.3333
3203.5 65.7777
3204.5 61.5555
3205.5 58.7778
3206.5 55.2778
3207.5 52.3889
3208.5 46.5
3209.5 37.6667
3210.5 32.1111
3211.5 30.8889
3212.5 34.5555
3213.5 38.0555
3214.5 38.7223
3215.5 37.7778
3216.5 37.6667
3217.5 45.5556
3218.5 53.6667
3219.5 59.2778
3220.5 63.4445
3221.5 63.5555
3222.5 64.1111
3223.5 65.7777
3224.5 69.5
3225.5 75
3226.5 80.1111
3227.5 82.5556
3228.5 86.5
3229.5 89.8889
3230.5 87.5555
3231.5 90.4444
3232.5 92.3889
3233.5 87.4445
3234.5 87
3235.5 86
3236.5 81.5556
3237.5 78.9445
3238.5 76.2223
3239.5 72.6111
3240.5 70.4444
3241.5 67.3333
3242.5 59.7777
3243.5 53.6111
3244.5 47.9445
3245.5 37.9445
3246.5 34.2778
3247.5 35.5555
3248.5 37.8889
3249.5 42.5555
3250.5 46
3251.5 48.1667
3252.5 50.4445
3253.5 52.5
3254.5 55.8333
3255.5 62.1111
3256.5 68.9444
3257.5 74.9444
3258.5 79.3889
3259.5 81.1111
3260.5 84.7777
3261.5 89.0555
3262.5 89.2223
3263.5 90.2223
3264.5 91.1667
3265.5 89.4444
3266.5 87.1667
3267.5 83.5
3268.5 82
3269.5 81.5555
3270.5 77.6111
3271.5 75
3272.5 72.8889
3273.5 68.3333
3274.5 64.6667
3275.5 61.8333
3276.5 55.7222
3277.5 47.7777
3278.5 43.2777
3279.5 39.9445
3280.5 37.8333
3281.5 36.6667
3282.5 36
3283.5 38.2778
3284.5 42.8889
3285.5 45.0555
3286.5 46.7777
3287.5 56.8888
3288.5 68.1111
3289.5 76.2778
3290.5 85.2778
3291.5 90.1667
3292.5 90.2777
3293.5 89.8333
3294.5 90.1112
3295.5 90.7778
3296.5 91.5556
3297.5 91.6111
3298.5 87.3889
3299.5 80.1667
3300.5 74.9444
3301.5 71
3302.5 68.1112
3303.5 65.6667
3304.5 60.8889
3305.5 53
3306.5 47.3333
3307.5 43.0555
3308.5 36.4444
3309.5 33.3889
3310.5 32
3311.5 31.2222
3312.5 38.3889
3313.5 48.8889
3314.5 56
3315.5 63.9445
3316.5 70.3333
3317.5 70.6667
3318.5 71.8888
3319.5 76.2777
3320.5 80.8333
3321.5 85.1112
3322.5 88.6667
3323.5 90.3889
3324.5 90
3325.5 88.8889
3326.5 84.5556
3327.5 79.5
3328.5 75.4444
3329.5 68.8889
3330.5 60.1667
3331.5 53.6667
3332.5 48.1111
3333.5 43.2223
3334.5 38.9445
3335.5 35.5555
3336.5 34.7777
3337.5 32.8889
3338.5 34.3333
3339.5 44
3340.5 51.8889
3341.5 53.6667
3342.5 58.1111
3343.5 62.3889
3344.5 65.3333
3345.5 69.4445
3346.5 74.6667
3347.5 80.9444
3348.5 86.5556
3349.5 89.8889
3350.5 90.5
3351.5 91.7223
3352.5 91.2778
3353.5 88.8333
3354.5 87.2778
3355.5 82.1667
3356.5 75.3889
3357.5 70.3333
3358.5 64.5
3359.5 57.7778
3360.5 50.3889
3361.5 44.7778
3362.5 38.6667
3363.5 34.8889
3364.5 34.7222
3365.5 37.1111
3366.5 42.4445
3367.5 51.0555
3368.5 63.7222
3369.5 73.3889
3370.5 79.2223
3371.5 82.6667
3372.5 86.4444
3373.5 89.6667
3374.5 91
3375.5 92.9444
3376.5 92.6667
3377.5 87.5
3378.5 83.1111
3379.5 78.6667
3380.5 72.6667
3381.5 69.3889
3382.5 64.8889
3383.5 58.3889
3384.5 50.2222
3385.5 42.6111
3386.5 37.1667
3387.5 32.6667
3388.5 36.0555
3389.5 43.3333
3390.5 49.6667
3391.5 58.1111
3392.5 65.8333
3393.5 71.6111
3394.5 77.8333
3395.5 84.1667
3396.5 89.8333
3397.5 95.4445
3398.5 96.5556
3399.5 94.1111
3400.5 88.6111
3401.5 81.5556
3402.5 77.6112
3403.5 73
3404.5 61.3889
3405.5 51.6111
3406.5 45.8333
3407.5 39.5
3408.5 35.7222
3409.5 32.8333
3410.5 34.6111
3411.5 43.3889
3412.5 52.2222
3413.5 60.3333
3414.5 67.5
3415.5 75.1111
3416.5 85.5
3417.5 91.6112
3418.5 94.0556
3419.5 94.8333
3420.5 92.8333
3421.5 89.1667
3422.5 81.3889
3423.5 73.9445
3424.5 66.8889
3425.5 57
3426.5 45.5555
3427.5 37.3889
3428.5 34.9445
3429.5 34.8889
3430.5 38.5
3431.5 44.4445
3432.5 53.8889
3433.5 64.7222
3434.5 77.0555
3435.5 87.3889
3436.5 91.4445
3437.5 92.1667
3438.5 92.3888
3439.5 92.6111
3440.5 91.8333
3441.5 88.8889
3442.5 83.5
3443.5 77.8889
3444.5 72.3333
3445.5 69.3889
3446.5 62.6111
3447.5 53.1667
3448.5 44.2222
3449.5 37.1111
3450.5 38.6667
3451.5 43.0556
3452.5 51.5
3453.5 63.6111
3454.5 69.5555
3455.5 73.8333
3456.5 80.2222
3457.5 88.2222
3458.5 94.7777
3459.5 95.5
3460.5 93.9444
3461.5 92.7777
3462.5 92.1111
3463.5 91.5555
3464.5 88.9444
3465.5 82.1112
3466.5 72.8333
3467.5 61.1667
3468.5 51.6667
3469.5 46.8333
3470.5 41.3889
3471.5 35.5
3472.5 32.6667
3473.5 34.7777
3474.5 39.7222
3475.5 46.7222
3476.5 57.8889
3477.5 68.8889
3478.5 75.4444
3479.5 82.0555
3480.5 89.1667
3481.5 92.7222
3482.5 95.8888
3483.5 97
3484.5 94.3333
3485.5 91.3889
3486.5 87.9444
3487.5 82.2777
3488.5 72.7222
3489.5 63.5555
3490.5 57.7222
3491.5 51.9445
3492.5 45.5
3493.5 39.8889
3494.5 35.7222
3495.5 34.1111
3496.5 34.5555
3497.5 33.7778
3498.5 35.2223
3499.5 39.8333
3500.5 47.5
3501.5 54.1111
3502.5 61.9445
3503.5 76.3889
3504.5 86.2778
3505.5 89.7778
3506.5 89.7223
3507.5 85
3508.5 78
3509.5 68.3889
3510.5 60.9445
3511.5 58.3889
3512.5 57.5
3513.5 54.6667
3514.5 46.7777
3515.5 38.3333
3516.5 33.6667
3517.5 32.8889
3518.5 32.6667
3519.5 32.8889
3520.5 39.6667
3521.5 50.2778
3522.5 61.1111
3523.5 62.3333
3524.5 61.3889
3525.5 69.1112
3526.5 78.7223
3527.5 88
3528.5 89.2777
3529.5 85.1667
3530.5 79.6111
3531.5 72.5555
3532.5 64.3333
3533.5 57.5
3534.5 53.6111
3535.5 49.2777
3536.5 44.4444
3537.5 37.6111
3538.5 35.5555
3539.5 41.6667
3540.5 51.9445
3541.5 64.3333
3542.5 73
3543.5 80
3544.5 85.3889
3545.5 88.1111
3546.5 91
3547.5 91.8889
3548.5 91.3889
3549.5 89
3550.5 83.8333
3551.5 79.6111
3552.5 74.8333
3553.5 69.6667
3554.5 62.4444
3555.5 55.9444
3556.5 50.1111
3557.5 41.8889
3558.5 37.6111
3559.5 36.9445
3560.5 39.3889
3561.5 46.7777
3562.5 53.9444
3563.5 60.3333
3564.5 69.7777
3565.5 79.6667
3566.5 85.6111
3567.5 87.7777
3568.5 89.1111
3569.5 91
3570.5 91.3333
3571.5 89
3572.5 82.7777
3573.5 74.4444
3574.5 66.2223
3575.5 58.2778
3576.5 47.7778
3577.5 42.5555
3578.5 41.5
3579.5 41.2223
3580.5 50.3889
3581.5 52.8889
3582.5 49.3333
3583.5 51.6667
3584.5 57.1111
3585.5 66.1111
3586.5 76.0556
3587.5 83.2223
3588.5 86.1111
3589.5 86.7777
3590.5 84.8889
3591.5 79.5
3592.5 74.0556
3593.5 67.8333
3594.5 58.3333
3595.5 51.2778
3596.5 44.8889
3597.5 38.6667
3598.5 36.8889
3599.5 36.4445
3600.5 38.8333
3601.5 45.6667
3602.5 61
3603.5 76.3889
3604.5 86.3889
3605.5 93.3889
3606.5 88.8333
3607.5 84.1667
3608.5 87.3333
3609.5 88.5555
3610.5 85.8889
3611.5 82.1667
3612.5 77.3333
3613.5 71.2222
3614.5 67.8888
3615.5 67.8333
3616.5 64.3888
3617.5 55.2777
3618.5 44
3619.5 34.9445
3620.5 34
3621.5 37.0555
3622.5 43.6111
3623.5 52.8333
3624.5 62.7778
3625.5 81
3626.5 94.9445
3627.5 97.0556
3628.5 96.6111
3629.5 95.3333
3630.5 91.2778
3631.5 86.5556
3632.5 80.1667
3633.5 74.7222
3634.5 71.0555
3635.5 61.1667
3636.5 51
3637.5 44.7777
3638.5 40.5555
3639.5 36.7222
3640.5 33.7777
3641.5 32.2777
3642.5 46.7222
3643.5 68
3644.5 77
3645.5 85.5555
3646.5 93.1111
3647.5 96.1667
3648.5 91.5
3649.5 84.2223
3650.5 78.8889
3651.5 74.5555
3652.5 68.8889
3653.5 62
3654.5 56.7777
3655.5 49.5
3656.5 43.1667
3657.5 37
3658.5 31.6667
3659.5 35.8889
3660.5 48.4445
3661.5 63.3889
3662.5 73.9445
3663.5 80.0556
3664.5 86.5
3665.5 90.2222
3666.5 93.3888
3667.5 96.6111
3668.5 91.7223
3669.5 84.6667
3670.5 81.8333
3671.5 71.0555
3672.5 57.2777
3673.5 47.7222
3674.5 41.0555
3675.5 36.6111
3676.5 33.8889
3677.5 32.0555
3678.5 32.7222
3679.5 37
3680.5 45.1111
3681.5 64.7777
3682.5 77.7777
3683.5 84
3684.5 92.1111
3685.5 94.5556
3686.5 95.6112
3687.5 95.5556
3688.5 94.8889
3689.5 93.1667
3690.5 81.9444
3691.5 67.6111
3692.5 57.7777
3693.5 49.6667
3694.5 44.8333
3695.5 40.5555
3696.5 38.5555
3697.5 40.8333
3698.5 46.8333
3699.5 58.3333
3700.5 71.9445
3701.5 80
3702.5 86.3333
3703.5 93.5
3704.5 97.5
3705.5 96.2222
3706.5 92.5
3707.5 86.9445
3708.5 81.1667
3709.5 78.1667
3710.5 74.5
3711.5 64.1667
3712.5 53.0555
3713.5 45.5555
3714.5 40.7222
3715.5 40.1667
3716.5 43.7222
3717.5 51.2222
3718.5 60.2777
3719.5 69.2222
3720.5 77.0555
3721.5 85.8333
3722.5 93.2223
3723.5 97.1111
3724.5 93.2777
3725.5 83.1111
3726.5 78
3727.5 80.2223
3728.5 78.5
3729.5 71.1667
3730.5 59.5
3731.5 46
3732.5 37.7778
3733.5 36.1667
3734.5 36.5555
3735.5 39.9444
3736.5 50.6111
3737.5 63.2778
3738.5 72
3739.5 74.6111
3740.5 84.9445
3741.5 94.7778
3742.5 93.9445
3743.5 91.6111
3744.5 87.3333
3745.5 78.9445
3746.5 66.8889
3747.5 56.1111
3748.5 47.3333
3749.5 42
3750.5 38.6667
3751.5 34.7777
3752.5 34.6111
3753.5 46.2778
3754.5 62.5
3755.5 72.6111
3756.5 78.8889
3757.5 84.9445
3758.5 89.5556
3759.5 90.0556
3760.5 91.5556
3761.5 90.1111
3762.5 85.7778
3763.5 74.8889
3764.5 62.2777
3765.5 55.3333
3766.5 48.5
3767.5 42.2778
3768.5 37.8333
3769.5 38.2778
3770.5 45.8333
3771.5 60.2223
3772.5 78.9444
3773.5 89.8333
3774.5 90.7222
3775.5 93.2222
3776.5 94.4444
3777.5 86.3889
3778.5 75.1667
3779.5 66.7777
3780.5 56.2222
3781.5 48.6667
3782.5 44.4445
3783.5 39.4445
3784.5 40.9445
3785.5 48.6111
3786.5 58.5555
3787.5 69.6667
3788.5 82.7223
3789.5 93.6112
3790.5 97.0556
3791.5 94.3888
3792.5 86
3793.5 77.7778
3794.5 72
3795.5 64.1667
3796.5 53.6667
3797.5 49.2222
3798.5 45.2222
3799.5 37.3333
3800.5 37.2778
3801.5 44.2778
3802.5 53.4445
3803.5 63.9445
3804.5 74.8889
3805.5 83.4445
3806.5 89.4445
3807.5 94.6111
3808.5 96.6111
3809.5 94.0556
3810.5 91.5556
3811.5 91.0556
3812.5 85.9445
3813.5 75.7222
3814.5 60.8889
3815.5 47.2222
3816.5 39.5555
3817.5 36.0555
3818.5 38.1667
3819.5 47.3889
3820.5 63.6112
3821.5 76.6112
3822.5 79.4444
3823.5 77.2777
3824.5 79.7777
3825.5 90.3333
3826.5 98.2777
3827.5 99.1111
3828.5 94.3333
3829.5 78.7778
3830.5 62.8334
3831.5 53
3832.5 44.1667
3833.5 38.1111
3834.5 34.1111
3835.5 32.6667
3836.5 33.5
3837.5 33.9445
3838.5 37.2222
3839.5 45.6111
3840.5 58
3841.5 70.8889
3842.5 84.0556
3843.5 93.5556
3844.5 98.1114
3845.5 99.1669
3846.5 96.7778
3847.5 95.4444
3848.5 85.9444
3849.5 65.7223
3850.5 56.9445
3851.5 55.5
3852.5 44.8889
3853.5 39
3854.5 35.6111
3855.5 31.2222
3856.5 30.5556
3857.5 31.8333
3858.5 36.6667
3859.5 48.2223
3860.5 63.1667
3861.5 73.5
3862.5 81.5
3863.5 86.5556
3864.5 93.2223
3865.5 98.8333
3866.5 96.2778
3867.5 90.7223
3868.5 76.8889
3869.5 56.5555
3870.5 44.6667
3871.5 38.9445
3872.5 36.2778
3873.5 34.3889
3874.5 32.1111
3875.5 32.7777
3876.5 40.3333
3877.5 56.3888
3878.5 73.6111
3879.5 83.8333
3880.5 85.7778
3881.5 86.3333
3882.5 87.5556
3883.5 84.4445
3884.5 71.7778
3885.5 66
3886.5 59.7777
3887.5 41.3889
3888.5 32.0555
3889.5 32.2778
3890.5 33.7223
3891.5 33.8333
3892.5 33.7222
3893.5 36.7777
3894.5 41.2222
3895.5 48
3896.5 57.4445
3897.5 69.8889
3898.5 83.2778
3899.5 88.1111
3900.5 87.1111
3901.5 83.6667
3902.5 78.9444
3903.5 74.1112
3904.5 66.5556
3905.5 58.7777
3906.5 49.1667
3907.5 38.8889
3908.5 36.2778
3909.5 44
3910.5 52.3333
3911.5 61.6667
3912.5 72.6112
3913.5 80.6667
3914.5 87.3889
3915.5 89.2778
3916.5 85.7223
3917.5 83.1111
3918.5 80
3919.5 83.8333
3920.5 88.6111
3921.5 79.0556
3922.5 65.5556
3923.5 52.2777
3924.5 37.1667
3925.5 29.6667
3926.5 35.1667
3927.5 42.8889
3928.5 50.3333
3929.5 56.2778
3930.5 66.5555
3931.5 77.5556
3932.5 79.6667
3933.5 84.4445
3934.5 87.8889
3935.5 85.3333
3936.5 90.2777
3937.5 92.3888
3938.5 77.8333
3939.5 55.3333
3940.5 39
3941.5 33.5555
3942.5 32.7222
3943.5 35.3333
3944.5 39.1111
3945.5 46.2223
3946.5 60.3333
3947.5 73
3948.5 83.1667
3949.5 89.7777
3950.5 90.7222
3951.5 89
3952.5 85.7778
3953.5 81.1112
3954.5 73.7223
3955.5 63.3889
3956.5 51.1667
3957.5 42.9445
3958.5 38.0556
3959.5 35.1667
3960.5 37.5
3961.5 49.6667
3962.5 64.5
3963.5 76.2223
3964.5 87.2223
3965.5 93.5
3966.5 95
3967.5 93.5556
3968.5 92.5
3969.5 86.3889
3970.5 74
3971.5 63.7222
3972.5 52.9444
3973.5 41
3974.5 35.2223
3975.5 35.7778
3976.5 42.7223
3977.5 56.6111
3978.5 69.9444
3979.5 81.1667
3980.5 89.9445
3981.5 92.5
3982.5 92.7222
3983.5 91.1667
3984.5 90.2778
3985.5 83.8333
3986.5 66.6667
3987.5 50.3889
3988.5 40.6111
3989.5 37.0555
3990.5 34.9445
3991.5 37.2223
3992.5 45.6667
3993.5 57.2777
3994.5 72.6111
3995.5 86.7222
3996.5 90.7222
3997.5 89.6667
3998.5 83.1667
3999.5 71.2777
4000.5 65.8333
4001.5 57.7222
4002.5 43.2777
4003.5 35.8333
4004.5 38.7222
4005.5 49.1667
4006.5 60.1666
4007.5 67.1667
4008.5 76
4009.5 85.1667
4010.5 91.2778
4011.5 92.6667
4012.5 85.1111
4013.5 77.8333
4014.5 74.6667
4015.5 64.3889
4016.5 53.1111
4017.5 43.6667
4018.5 33.6111
4019.5 34.2778
4020.5 49.6111
4021.5 62.8333
4022.5 73.1667
4023.5 84.2222
4024.5 89.1111
4025.5 92.0555
4026.5 90.2222
4027.5 84
4028.5 71.6112
4029.5 60.8889
4030.5 53.1111
4031.5 43.2222
4032.5 37.4444
4033.5 35.2222
4034.5 41.9445
4035.5 59.6667
4036.5 77
4037.5 84.8333
4038.5 88.8889
4039.5 91.5556
4040.5 89.5556
4041.5 84.4445
4042.5 79.4445
4043.5 70.7223
4044.5 53.2778
4045.5 37.8889
4046.5 32.5555
4047.5 36.2222
4048.5 49.2222
4049.5 70
4050.5 85.6111
4051.5 91.0555
4052.5 91.8889
4053.5 90.9445
4054.5 83.3889
4055.5 68.1111
4056.5 52.8889
4057.5 39.7777
4058.5 32.5
4059.5 33.2223
4060.5 43.1667
4061.5 55.7778
4062.5 66.1111
4063.5 78.3333
4064.5 87.0556
4065.5 91.4445
4066.5 94.1667
4067.5 89.3333
4068.5 77.5
4069.5 63.2778
4070.5 47.8889
4071.5 37.1111
4072.5 34.9445
4073.5 42.5556
4074.5 57.8889
4075.5 72.7777
4076.5 84.0555
4077.5 90.4444
4078.5 91.8889
4079.5 88.2223
4080.5 79.8889
4081.5 69.2778
4082.5 53.3333
4083.5 38.5
4084.5 33.4445
4085.5 34.0555
4086.5 44.7222
4087.5 61.1111
4088.5 74.4445
4089.5 85.3889
4090.5 92.2778
4091.5 93.3889
4092.5 88.8333
4093.5 82.3889
4094.5 68
4095.5 52
4096.5 41.8889
4097.5 34.5
4098.5 36.2222
4099.5 52
4100.5 69.5555
4101.5 80.6667
4102.5 89.3889
4103.5 93.5
4104.5 90.3888
4105.5 78.3888
4106.5 63.7222
4107.5 54
4108.5 43
4109.5 33.5
4110.5 33.1667
4111.5 41
4112.5 51.4445
4113.5 61.6667
4114.5 74.9445
4115.5 85.2223
4116.5 92.1667
4117.5 94.1111
4118.5 85.7777
4119.5 76.0555
4120.5 67.8333
4121.5 55.7778
4122.5 41.5
4123.5 33.5555
4124.5 39.4445
4125.5 51.2223
4126.5 65.9444
4127.5 77.8333
4128.5 83.6667
4129.5 91.4445
4130.5 96.5
4131.5 95.1111
4132.5 87.6111
4133.5 73.1667
4134.5 60.2777
4135.5 51.6111
4136.5 40.2223
4137.5 32.7778
4138.5 44.1111
4139.5 69
4140.5 85.6667
4141.5 91.7223
4142.5 95.4445
4143.5 95.1667
4144.5 94.1667
4145.5 94.2222
4146.5 87.8888
4147.5 75.6667
4148.5 59.0555
4149.5 44.6111
4150.5 37.2222
4151.5 39.2222
4152.5 50.2777
4153.5 62.2222
4154.5 76.6667
4155.5 89.1111
4156.5 95.7778
4157.5 96.7778
4158.5 93.7223
4159.5 87.8333
4160.5 79.1667
4161.5 69.8889
4162.5 54.8333
4163.5 41.7777
4164.5 35.6111
4165.5 40.1667
4166.5 53.4445
4167.5 63.6667
4168.5 72.1111
4169.5 81.6667
4170.5 90.4444
4171.5 94.6667
4172.5 94.7223
4173.5 90.5
4174.5 83.8333
4175.5 75.3889
4176.5 65.3333
4177.5 51.1111
4178.5 37.4445
4179.5 36.0555
4180.5 43.2222
4181.5 54.1667
4182.5 69.8889
4183.5 85.0556
4184.5 92.4445
4185.5 92.1112
4186.5 86.5556
4187.5 80.3333
4188.5 71.5555
4189.5 60.8889
4190.5 50.2778
4191.5 41.5
4192.5 37.4445
4193.5 37.5
4194.5 39.4445
4195.5 41.5
4196.5 53.0555
4197.5 68.3333
4198.5 82.6111
4199.5 93.9445
4200.5 95.3333
4201.5 91.4445
4202.5 83.1111
4203.5 71.3888
4204.5 59
4205.5 48.2223
4206.5 40.4445
4207.5 33.3333
4208.5 33.8333
4209.5 42.6111
4210.5 59.7222
4211.5 76.8333
4212.5 90.1111
4213.5 99.3889
4214.5 94.5555
4215.5 85.8333
4216.5 76.1112
4217.5 59.5
4218.5 42.2777
4219.5 32
4220.5 38.1667
4221.5 51.0556
4222.5 60.8889
4223.5 75.6667
4224.5 87.2222
4225.5 91.8888
4226.5 92.1111
4227.5 88.3333
4228.5 76
4229.5 56.1111
4230.5 42.8333
4231.5 36.0556
4232.5 32.1111
4233.5 34.6111
4234.5 47.4445
4235.5 63
4236.5 77.2778
4237.5 87.6667
4238.5 91.8333
4239.5 94.4445
4240.5 91.2778
4241.5 81.3889
4242.5 65.5556
4243.5 52.2777
4244.5 41.8889
4245.5 34.1667
4246.5 32.5555
4247.5 35.9445
4248.5 47.5
4249.5 63.4445
4250.5 79.3333
4251.5 90.0555
4252.5 92.6111
4253.5 88.8333
4254.5 80.6667
4255.5 70.4445
4256.5 55.1667
4257.5 38.9445
4258.5 32.5
4259.5 34.5
4260.5 48.6111
4261.5 66.3333
4262.5 78
4263.5 88.0555
4264.5 91.7777
4265.5 91.2222
4266.5 84.5555
4267.5 70
4268.5 51.2778
4269.5 38
4270.5 34.5
4271.5 35.6667
4272.5 46.2778
4273.5 63.3889
4274.5 79.2223
4275.5 88.2778
4276.5 90.5555
4277.5 89
4278.5 86.4445
4279.5 80.7778
4280.5 64.6111
4281.5 47.1667
4282.5 37.1111
4283.5 35.5
4284.5 50.3333
4285.5 67.8333
4286.5 80.3888
4287.5 90
4288.5 91.2223
4289.5 88.5555
4290.5 81.2777
4291.5 74.2222
4292.5 65.5
4293.5 53.8333
4294.5 42.8889
4295.5 38.1667
4296.5 44.4444
4297.5 57.6111
4298.5 74.4444
4299.5 85.8333
4300.5 91.3333
4301.5 94.4444
4302.5 91.3333
4303.5 83.3889
4304.5 72.2778
4305.5 56.1667
4306.5 40.9445
4307.5 37.2222
4308.5 40.1667
4309.5 45.8333
4310.5 58
4311.5 71.2777
4312.5 82.3333
4313.5 91.1667
4314.5 93.1667
4315.5 87.1667
4316.5 74.4444
4317.5 61.2222
4318.5 49.8889
4319.5 39.1111
4320.5 34.1111
4321.5 36.5555
4322.5 49.8333
4323.5 69.2778
4324.5 84.8333
4325.5 93.0555
4326.5 92.0555
4327.5 85.2777
4328.5 75.9444
4329.5 62
4330.5 45.0556
4331.5 34.5
4332.5 42.3333
4333.5 57.1111
4334.5 64.2778
4335.5 72.3889
4336.5 82.6111
4337.5 89.7778
4338.5 90.2223
4339.5 83.4445
4340.5 70.5
4341.5 57.5
4342.5 46.4445
4343.5 38.7223
4344.5 40.8333
4345.5 51.3889
4346.5 63.9445
4347.5 75.7777
4348.5 86.6111
4349.5 88.5556
4350.5 80.8889
4351.5 71.5556
4352.5 58.3889
4353.5 44.1111
4354.5 35.5
4355.5 31.5556
4356.5 47.0555
4357.5 68.0555
4358.5 78.4444
4359.5 88
4360.5 90.9445
4361.5 87.9445
4362.5 83
4363.5 76.3889
4364.5 63.8889
4365.5 49.9445
4366.5 39.9445
4367.5 33.6111
4368.5 37.4444
4369.5 58.8888
4370.5 83.6667
4371.5 94.1667
4372.5 96.8888
4373.5 92.5556
4374.5 80.2223
4375.5 63.4445
4376.5 45.7222
4377.5 40
4378.5 49.1667
4379.5 61.0555
4380.5 79.9444
4381.5 95.2222
4382.5 96.8333
4383.5 94.1667
4384.5 86.6667
4385.5 75.8333
4386.5 63.2222
4387.5 50.9444
4388.5 38.3333
4389.5 33.6111
4390.5 37.2222
4391.5 43.9444
4392.5 61.7222
4393.5 85.8889
4394.5 98.6111
4395.5 97.9444
4396.5 84
4397.5 68.5556
4398.5 61.5556
4399.5 48.3889
4400.5 39.6111
4401.5 42
4402.5 55.2222
4403.5 73.5556
4404.5 87.6667
4405.5 96.7223
4406.5 99.7779
4407.5 98.1112
4408.5 89.5556
4409.5 74.5556
4410.5 55.1667
4411.5 43.7223
4412.5 40.6111
4413.5 40.2778
4414.5 46.3889
4415.5 62.2778
4416.5 84.9445
4417.5 97.8889
4418.5 97.3333
4419.5 85.9444
4420.5 66.3889
4421.5 49.8889
4422.5 41.0555
4423.5 43.2222
4424.5 54.0555
4425.5 71.1111
4426.5 89.5556
4427.5 97.8333
4428.5 96
4429.5 87.7222
4430.5 72.0555
4431.5 56.5555
4432.5 44.7222
4433.5 37.7777
4434.5 45.1667
4435.5 59.1666
4436.5 74.9444
4437.5 88.1112
4438.5 95.7778
4439.5 99.9445
4440.5 98.3889
4441.5 90.7223
4442.5 77.4445
4443.5 60.8889
4444.5 43.3333
4445.5 37.7222
4446.5 45.4445
4447.5 54.8333
4448.5 63.7777
4449.5 79.1111
4450.5 95.5554
4451.5 96.8331
4452.5 90.6111
4453.5 81.6667
4454.5 65.7777
4455.5 52.2222
4456.5 42.7777
4457.5 36.6667
4458.5 42.1667
4459.5 57.7777
4460.5 77.3333
4461.5 91.8888
4462.5 88.5556
4463.5 78.8333
4464.5 68.8333
4465.5 53.4445
4466.5 37.1667
4467.5 33.5555
4468.5 46.3333
4469.5 59.3889
4470.5 72.3333
4471.5 86.6112
4472.5 96.1112
4473.5 97.0556
4474.5 87.6112
4475.5 73.2223
4476.5 52.5
4477.5 37.5555
4478.5 33.1111
4479.5 33.7777
4480.5 47.4445
4481.5 65.1667
4482.5 85.1112
4483.5 99.1668
4484.5 99.0556
4485.5 95.5
4486.5 87
4487.5 71.1667
4488.5 48.6111
4489.5 34.8333
4490.5 41.6111
4491.5 52.9445
4492.5 68.9445
4493.5 86.6667
4494.5 97.3888
4495.5 102
4496.5 100.167
4497.5 93.7778
4498.5 81.5555
4499.5 72.1111
4500 70.1111
