ba1-a1_gamma
2.612e-05
2.764e-05
0
2.28395e-12
2.49121e-05
0.153357
7.58948
83.0282
117.802
163.225
250.613
465.327
811.506
1241.68
2122.04
3825.19
4510.67
6888.27
10583
16916.6
25939.4
32479.6
48320.6
56351.5
92729.7
111869
151098
125350
231958
294984
494407
405922
592877
491766
754627
755701
1.03522e+06
997069
1.16359e+06
1.52096e+06
1.77434e+06
2.01838e+06
1.62486e+06
2.04921e+06
2.04813e+06
2.26089e+06
2.41975e+06
2.51656e+06
2.91609e+06
2.87063e+06
2.66959e+06
2.44378e+06
2.83831e+06
2.23201e+06
2.42545e+06
2.05765e+06
1.9869e+06
2.6307e+06
1.94301e+06
1.9113e+06
1.65867e+06
1.35474e+06
1.23084e+06
931440
963155
877120
660681
659166
527905
425289
328752
241325
231102
163964
100682
84203.3
92180.8
58343.9
36416.1
16598.8
19291.6
16053.6
15967.3
11335.1
5651.04
3810.59
2010.99
1195.55
941.943
835.477
439.956
276.782
252.367
74.7842
16.0577
1.07536
0.0186644
0.000137951
3.30675e-07
3.0567e-10
5.66905e-14
1.54897e-18
