ba1-a3_gamma
2.6e-05
2.756e-05
6.64708e-21
5.08703e-15
8.22779e-10
3.60544e-06
0.00275539
0.391881
9.80435
65.4776
139.568
209.227
317.585
561.137
986.21
1441.36
2337.44
4033.74
5953.03
9579.87
14229
22641.8
28642.8
41387.1
54259.1
75104.2
103723
145058
181743
251098
297548
352477
452145
529907
674172
825001
923639
1.01192e+06
1.23536e+06
1.34423e+06
1.5251e+06
1.75283e+06
2.06551e+06
2.02883e+06
2.12701e+06
2.34527e+06
2.43968e+06
2.67519e+06
2.75556e+06
2.75618e+06
2.84951e+06
2.67645e+06
2.68945e+06
2.41362e+06
2.43771e+06
2.29005e+06
2.14206e+06
2.0379e+06
1.84502e+06
1.72047e+06
1.46977e+06
1.36862e+06
1.20757e+06
1.0375e+06
983776
746605
662478
504864
430704
341788
274893
235995
176280
135526
97333.7
69797.2
54730.3
42208.3
30420.5
15079.7
14450.7
12654.2
9371.23
6349.27
3888.4
2630.9
1366.85
833.567
643.179
450.796
323.48
180.011
120.634
53.0341
11.529
0.854831
0.0230653
0.000215912
4.17999e-07
2.48897e-10
3.41582e-14
1.51125e-18
