ba1-a2_gamma
2.622e-05
2.782e-05
1.28642e-19
4.54511e-13
2.94888e-08
0.000120454
0.043845
1.99823
19.6071
71.3243
133.648
206.886
334.937
550.24
894.015
1481.53
2529.74
4196.05
6516.06
9813.25
14600.7
21364.5
31273.1
44061.3
59814.9
82532.9
110152
144717
190159
247647
312006
392942
477235
569473
678627
824059
985057
1.12845e+06
1.29519e+06
1.44607e+06
1.62989e+06
1.82853e+06
1.99237e+06
2.16381e+06
2.29214e+06
2.43214e+06
2.50568e+06
2.61007e+06
2.68207e+06
2.69297e+06
2.64543e+06
2.63838e+06
2.51895e+06
2.48247e+06
2.37898e+06
2.23547e+06
2.05918e+06
1.91452e+06
1.71406e+06
1.57285e+06
1.38865e+06
1.22446e+06
1.06055e+06
899048
758319
639513
535435
430788
351300
276776
218270
166013
129213
96162.4
71348
53346.3
38044
25117
16378.2
13650.9
11664.5
8542.49
5858.2
3689.13
2213.96
1224.5
777.625
570.542
393.488
254.811
158.671
85.58
30.2557
6.60155
0.781983
0.0520206
0.00177297
2.31285e-05
1.52699e-07
3.36421e-10
4.91004e-13
9.22757e-16
