fixed_alpha/ba1a1_gamma
2.632e-05
2.756e-05
9814.5
14699.5
38442.4
18890.8
19166.7
25053.8
20577.3
23595.6
34983.1
31793.1
34365.4
98162.2
152188
469427
479612
751679
641605
141834
228414
340157
271782
296869
352717
516446
1.87036e+06
9.60947e+06
4.32031e+06
4.98138e+06
760848
816761
634359
801268
777236
1.29153e+06
1.57947e+06
1.46751e+06
3.4414e+06
6.5992e+06
3.29055e+06
2.02755e+06
1.46438e+06
1.10473e+06
1.22014e+06
798397
1.05843e+06
1.59311e+06
2.78863e+06
2.76409e+06
2.87307e+06
1.89759e+06
2.06895e+06
631210
616353
766893
675205
343389
394388
594156
1.78545e+06
1.90494e+06
886596
478491
194158
123934
166933
94971.4
123541
65353.6
254271
1.23699e+06
174982
70638.9
23018.8
21575.7
12506.9
6219.87
366.68
7215.49
10562.6
38148
19238.7
3955.42
2326.15
1091
488.633
339.604
239.897
410.982
535.202
391.536
451.403
178.137
47.8341
4.63147
0.298995
6.32507e-07
3.39146e-08
4.81896e-10
1.24855e-17
4.9085e-22
