ba2-a1_gamma
2.602e-05
2.768e-05
2.2358e-17
7.52976e-11
3.04513e-06
0.00280844
0.333607
4.77801
19.9005
39.6819
70.0098
114.931
226.372
352.531
689.726
1217.15
1787.17
3009.02
4726.01
7363.31
11560.6
15642.2
23973.6
34859.3
49864.4
66389.6
94018.7
119352
166701
212608
265623
347198
416352
548166
621381
740314
907178
1.02407e+06
1.28243e+06
1.34888e+06
1.60937e+06
1.7193e+06
1.85742e+06
2.09966e+06
2.30962e+06
2.36468e+06
2.51829e+06
2.49247e+06
2.67868e+06
2.59092e+06
2.67808e+06
2.60372e+06
2.48497e+06
2.43907e+06
2.33197e+06
2.1611e+06
1.99348e+06
1.83368e+06
1.71444e+06
1.51286e+06
1.35687e+06
1.15897e+06
1.01409e+06
837853
720927
620965
495950
403015
309299
254584
202442
149670
111294
80732.2
61750.2
45287.6
33303.7
22054.9
13855.9
12020.9
8872.5
6313.07
4298.16
2649.81
1538.33
895.756
558.937
394.676
256.217
155.767
86.8418
38.5825
11.4315
2.24199
0.247876
0.0140984
0.000421272
6.76064e-06
5.42881e-08
1.43553e-10
1.55967e-13
6.74716e-17
