ba2-a3_gamma
2.612e-05
2.76e-05
7.58316e-19
3.30031e-08
0.000302999
0.6576
22.1287
72.7724
97.3785
108.112
184.722
255.132
507.593
1120.51
2081.44
3457.96
5395.97
6849.53
11692.1
14003.5
15786.1
23555.5
39085.9
32297.1
64032.7
102237
170205
223623
165842
358809
208182
279225
459904
398112
470173
637251
772540
884109
1.27073e+06
1.57185e+06
2.04104e+06
1.70316e+06
2.15055e+06
1.7242e+06
2.11147e+06
1.74766e+06
3.00347e+06
1.71015e+06
3.23104e+06
3.8465e+06
2.05234e+06
3.03423e+06
2.60849e+06
3.5158e+06
2.99584e+06
1.6446e+06
2.11451e+06
1.93105e+06
956177
1.78935e+06
1.60997e+06
1.12292e+06
1.82449e+06
1.48496e+06
1.29499e+06
1.57312e+06
1.16439e+06
716716
549118
347870
404253
277285
144870
202105
178554
120397
145085
77494.3
63828.5
52023.9
38888.2
18207.6
13763.1
9848.11
5462.4
7472.29
4890.66
3019.11
1836.9
1247.71
1065.55
1074.04
712.722
293.594
216.062
90.0976
20.0227
0.060844
9.80407e-05
5.28283e-09
1.34156e-13
1.74071e-18
