ba2-a2_gamma
2.642e-05
2.784e-05
79.4696
62.8106
103.358
234.894
275.177
464.355
684.831
1627.05
2238.92
3369.03
5546.01
9632.82
10466.8
17055.7
31610.6
39562.5
51132.2
69543.9
90869.9
125947
118840
175935
193020
258381
359005
365261
437812
513226
529591
641162
820916
826052
962521
1.12905e+06
1.28482e+06
1.40139e+06
1.63006e+06
1.90059e+06
1.85261e+06
2.21187e+06
2.07384e+06
2.43296e+06
2.64719e+06
2.5324e+06
3.19382e+06
2.69087e+06
3.10747e+06
2.96374e+06
2.54886e+06
3.14796e+06
2.82547e+06
2.43796e+06
2.36561e+06
2.06724e+06
2.02373e+06
1.62733e+06
1.43927e+06
1.41791e+06
1.46271e+06
1.12943e+06
861800
901599
777701
574081
567086
544711
470298
268712
222684
227053
170361
151917
110889
92358.3
70548.4
54340.8
35789.7
25786.6
24485.8
18183.3
10969.6
7512.94
8680.62
5705.5
3899.17
2441.48
1581.57
1084.93
638.921
372.517
284.344
249.564
153.843
78.7067
55.3483
37.9172
11.3191
0.456749
0.0080684
1.73287e-07
