-46.663779173751365	Digital	-0.08250644769449428	0.000213	0.0047
-46.03669667355494	Digital	-0.08199186099449428	0.000213	0.0047
-45.52049851609535	Digital	-0.08138112609449427	0.000213	0.0047
-44.870746550381455	Digital	-0.08093898495449428	0.000213	0.0047
-44.31695193630578	Digital	-0.08040430809449428	0.000213	0.0047
-43.79332845820293	Digital	-0.07984592859449427	0.000213	0.0047
-43.17395329347774	Digital	-0.07940797929449427	0.000213	0.0047
-42.67028030320927	Digital	-0.07884959979449428	0.000213	0.0047
-42.04516504051335	Digital	-0.07841893935449427	0.000213	0.0047
-41.42328218723673	Digital	-0.07791898575449427	0.000213	0.0047
-40.90656074899973	Digital	-0.07727998575449427	0.000213	0.0047
-40.29857048536677	Digital	-0.07674744315449428	0.000213	0.0047
-39.69818486526476	Digital	-0.07620003315449428	0.000213	0.0047
-39.08743048725844	Digital	-0.07567447695449428	0.000213	0.0047
-38.531254817867705	Digital	-0.07510534095449427	0.000213	0.0047
-37.942423510977804	Digital	-0.07457808075449428	0.000213	0.0047
-37.40739025090885	Digital	-0.07392272235449428	0.000213	0.0047
-36.84612130021051	Digital	-0.07329645975449427	0.000213	0.0047
-36.239984095026344	Digital	-0.07273776075449427	0.000213	0.0047
-35.61704958772927	Digital	-0.07220504775449428	0.000213	0.0047
-35.09557215218935	Digital	-0.07150994355449428	0.000213	0.0047
-34.459777838691835	Digital	-0.07092278775449427	0.000213	0.0047
-33.83312632193885	Digital	-0.07032089235449428	0.000213	0.0047
-33.31129187522538	Digital	-0.06965007015449427	0.000213	0.0047
-32.758897406761065	Digital	-0.06907232895449428	0.000213	0.0047
-32.257987583337155	Digital	-0.06841462755449428	0.000213	0.0047
-31.779016510005505	Digital	-0.06771483735449428	0.000213	0.0047
-31.165421186129645	Digital	-0.06715681995449427	0.000213	0.0047
-30.52945485398332	Digital	-0.06658197555449427	0.000213	0.0047
-29.942101881068677	Digital	-0.06593036595449427	0.000213	0.0047
-29.364000886306638	Digital	-0.06526985295449428	0.000213	0.0047
-28.77757036859547	Digital	-0.06462327015449428	0.000213	0.0047
-28.18579423594293	Digital	-0.06399227895449427	0.000213	0.0047
-27.607327796553225	Digital	-0.06334965795449428	0.000213	0.0047
-27.045938112870004	Digital	-0.06267610935449427	0.000213	0.0047
-26.445420966057764	Digital	-0.062024542354494276	0.000213	0.0047
-25.862716653889144	Digital	-0.061343922154494274	0.000213	0.0047
-25.238546928397394	Digital	-0.06072524235449427	0.000213	0.0047
-24.712946495931565	Digital	-0.059940166954494285	0.000213	0.0047
-24.164682721437952	Digital	-0.05918989575449428	0.000213	0.0047
-23.59091640822425	Digital	-0.05847753855449427	0.000213	0.0047
-23.010363676313343	Digital	-0.05777595915449428	0.000213	0.0047
-22.42905042032717	Digital	-0.05705342055449428	0.000213	0.0047
-21.898564120648075	Digital	-0.05624316855449428	0.000213	0.0047
-21.397683544205876	Digital	-0.05534286015449428	0.000213	0.0047
-20.763299054600644	Digital	-0.054676084954494275	0.000213	0.0047
-20.21871349498742	Digital	-0.053802870154494274	0.000213	0.0047
-19.578768358882755	Digital	-0.053075986354494266	0.000213	0.0047
-19.011200950010632	Digital	-0.05220524235449427	0.000213	0.0047
-18.468256739977818	Digital	-0.051374627554494276	0.000213	0.0047
-17.89315125474575	Digital	-0.05060245995449428	0.000213	0.0047
-17.304961761570663	Digital	-0.04979080215449428	0.000213	0.0047
-16.70239496165482	Digital	-0.048986088154494276	0.000213	0.0047
-16.14262185411803	Digital	-0.04809144555449428	0.000213	0.0047
-15.583790982472507	Digital	-0.04718802735449428	0.000213	0.0047
-15.002200976851848	Digital	-0.04633125615449428	0.000213	0.0047
-14.45596961006621	Digital	-0.04541054235449428	0.000213	0.0047
-13.908856446093928	Digital	-0.04449161775449427	0.000213	0.0047
-13.33458481231996	Digital	-0.04351134915449427	0.000213	0.0047
-12.740660081137163	Digital	-0.042546075754494275	0.000213	0.0047
-12.183318469840586	Digital	-0.041491342354494275	0.000213	0.0047
-11.621433223938945	Digital	-0.04044393615449428	0.000213	0.0047
-10.989430372905446	Digital	-0.039564160954494276	0.000213	0.0047
-10.424988310463284	Digital	-0.03850512495449428	0.000213	0.0047
-9.88733507053334	Digital	-0.037380484954494274	0.000213	0.0047
-9.335722797749902	Digital	-0.03618768495449427	0.000213	0.0047
-8.709321801485892	Digital	-0.03516528495449427	0.000213	0.0047
-8.163660029243722	Digital	-0.03391028895449427	0.000213	0.0047
-7.59970918718637	Digital	-0.03268596495449427	0.000213	0.0047
-7.126930000390798	Digital	-0.031182184954494277	0.000213	0.0047
-6.61831790074667	Digital	-0.029711632954494277	0.000213	0.0047
-6.048406511703689	Digital	-0.028391884954494274	0.000213	0.0047
-5.449196474528969	Digital	-0.026922184954494277	0.000213	0.0047
-4.896454838841237	Digital	-0.025282084954494275	0.000213	0.0047
-4.285725876113741	Digital	-0.023728036954494276	0.000213	0.0047
-3.72167114974558	Digital	-0.021936280954494278	0.000213	0.0047
-3.1938098303502964	Digital	-0.019659736954494272	0.000213	0.0047
-2.5937223540417955	Digital	-0.01732270095449428	0.000213	0.0047
-2.119561250337864	Digital	-0.014440384954494274	0.000213	0.0047
-1.8313050225798575	Digital	-0.011415784954494274	0.000213	0.0047
-1.8337610398221023	Digital	-0.0071557849544942745	0.000213	0.0047
-0.6629719041653042	Digital	-0.0003099649544942733	0.000213	0.0047
0.8448945048879679	Digital	0.004247383045505718	0.000213	0.0047
1.2766729573674973	Digital	0.009509335045505718	0.000213	0.0047
1.8114897706248079	Digital	0.01352182904550572	0.000213	0.0047
2.3652797047369827	Digital	0.016954963045505724	0.000213	0.0047
3.0523402218733544	Digital	0.019362715045505723	0.000213	0.0047
3.6533866256842753	Digital	0.021492715045505723	0.000213	0.0047
4.235195481899012	Digital	0.023576707045505726	0.000213	0.0047
4.884384776787706	Digital	0.025305415045505722	0.000213	0.0047
5.501886103986432	Digital	0.027147013045505722	0.000213	0.0047
6.072935475779034	Digital	0.029212261045505724	0.000213	0.0047
6.657195293468869	Digital	0.030843415045505723	0.000213	0.0047
7.263584340816272	Digital	0.03231311504550572	0.000213	0.0047
7.918428101709035	Digital	0.033548515045505725	0.000213	0.0047
8.475766599426564	Digital	0.03491171504550572	0.000213	0.0047
9.150687058687875	Digital	0.035912815045505725	0.000213	0.0047
9.754679562724043	Digital	0.037020415045505725	0.000213	0.0047
10.37306215447461	Digital	0.03802151504550572	0.000213	0.0047
10.974386302173235	Digital	0.039065215045505725	0.000213	0.0047
11.538217874057144	Digital	0.040172815045505725	0.000213	0.0047
12.085273737167357	Digital	0.04132301504550572	0.000213	0.0047
12.674091110510226	Digital	0.04243061504550572	0.000213	0.0047
13.292352251052453	Digital	0.043474315045505724	0.000213	0.0047
13.923152124229498	Digital	0.04441151504550572	0.000213	0.0047
14.358812143222849	Digital	0.045424117045505724	0.000213	0.0047
14.899562347792143	Digital	0.04634981504550572	0.000213	0.0047
15.611159190536528	Digital	0.04715921504550572	0.000213	0.0047
16.23927090881218	Digital	0.04820291504550572	0.000213	0.0047
16.87561074311679	Digital	0.04911881504550572	0.000213	0.0047
17.431118115189644	Digital	0.04999211504550572	0.000213	0.0047
18.029990621694413	Digital	0.05078021504550572	0.000213	0.0047
18.58640454295902	Digital	0.05167481504550572	0.000213	0.0047
19.196356050443732	Digital	0.05246291504550572	0.000213	0.0047
19.82133211584834	Digital	0.05322971504550572	0.000213	0.0047
20.40997876331852	Digital	0.05408171504550572	0.000213	0.0047
20.975748294442976	Digital	0.05497631504550572	0.000213	0.0047
21.532465730223834	Digital	0.05580701504550572	0.000213	0.0047
22.077816946409328	Digital	0.056659015045505724	0.000213	0.0047
22.68920339011874	Digital	0.05749014104550573	0.000213	0.0047
23.302997825976554	Digital	0.05834171504550572	0.000213	0.0047
23.992541607169173	Digital	0.059023315045505724	0.000213	0.0047
24.545272303967668	Digital	0.05983271504550572	0.000213	0.0047
25.10365271828028	Digital	0.06063189104550573	0.000213	0.0047
25.711142382370532	Digital	0.06136631504550572	0.000213	0.0047
26.339855253657657	Digital	0.06206921504550572	0.000213	0.0047
26.960669589337048	Digital	0.06276657704550571	0.000213	0.0047
27.458651582506867	Digital	0.06345541904550572	0.000213	0.0047
28.009722678439807	Digital	0.06407141504550572	0.000213	0.0047
28.612665339210167	Digital	0.06473767904550572	0.000213	0.0047
29.249764151441656	Digital	0.06534941504550572	0.000213	0.0047
29.86675465201518	Digital	0.06597478304550572	0.000213	0.0047
30.459810207570733	Digital	0.06659887304550571	0.000213	0.0047
31.124254652015182	Digital	0.06711348104550571	0.000213	0.0047
31.682376213501325	Digital	0.06777761504550572	0.000213	0.0047
32.32009049921561	Digital	0.06831778304550572	0.000213	0.0047
32.84725873052378	Digital	0.06901301504550572	0.000213	0.0047
33.34487067082228	Digital	0.06972997304550571	0.000213	0.0047
33.906056297988215	Digital	0.07037621504550572	0.000213	0.0047
34.4904718824038	Digital	0.07105781504550572	0.000213	0.0047
35.10086149279341	Digital	0.07169681504550572	0.000213	0.0047
35.68830595815195	Digital	0.07234689104550573	0.000213	0.0047
36.298168971850586	Digital	0.07295351504550572	0.000213	0.0047
36.933046971057635	Digital	0.07351839104550573	0.000213	0.0047
37.57417373162102	Digital	0.07406111504550572	0.000213	0.0047
38.13755401331116	Digital	0.07472141504550572	0.000213	0.0047
38.79179255734884	Digital	0.07521131504550572	0.000213	0.0047
39.39846341952631	Digital	0.07574381504550572	0.000213	0.0047
39.920985505206474	Digital	0.07638835304550573	0.000213	0.0047
40.568647260491545	Digital	0.07685695304550573	0.000213	0.0047
41.09235001513601	Digital	0.07749041504550572	0.000213	0.0047
41.736036483517076	Digital	0.07797307304550571	0.000213	0.0047
42.33916148351707	Digital	0.07851409304550573	0.000213	0.0047
42.88629699900167	Digital	0.07910964104550573	0.000213	0.0047
43.48629699900168	Digital	0.07957824104550573	0.000213	0.0047
43.98365056363053	Digital	0.08016952904550571	0.000213	0.0047
44.658811853953104	Digital	0.08059851104550572	0.000213	0.0047
45.24106991846924	Digital	0.08115018104550571	0.000213	0.0047
45.81376549975286	Digital	0.08170781504550573	0.000213	0.0047
46.44373897455392	Digital	0.08218323104550572	0.000213	0.0047
47.014362316728985	Digital	0.08273490104550572	0.000213	0.0047
47.50743114383855	Digital	0.08332704104550573	0.000213	0.0047
47.930772249084875	Digital	0.08400651104550572	0.000213	0.0047
48.55543891575155	Digital	0.08448618704550571	0.000213	0.0047
49.103105582418216	Digital	0.08506426904550572	0.000213	0.0047
49.71557455817828	Digital	0.08562871904550572	0.000213	0.0047
50.378694132527194	Digital	0.08614119704550573	0.000213	0.0047
51.036213034795466	Digital	0.08666219504550572	0.000213	0.0047
51.576994254950385	Digital	0.08722707104550571	0.000213	0.0047
52.130193265201356	Digital	0.08776553504550572	0.000213	0.0047
52.773973144275686	Digital	0.08822092904550573	0.000213	0.0047
53.35106991846923	Digital	0.08877941504550572	0.000213	0.0047
54.0	Digital	0.08935025504550573	0.000213	0.0047
55.0	Digital	0.08987593904550573	0.000213	0.0047
56.0	Digital	0.09031812704550572	0.000213	0.0047
57.0	Digital	0.09086681504550573	0.000213	0.0047
58.0	Digital	0.09135117704550573	0.000213	0.0047
59.0	Digital	0.09181977704550573	0.000213	0.0047
60.0	Digital	0.09230115704550573	0.000213	0.0047
61.0	Digital	0.09275655104550572	0.000213	0.0047
