-118.0	Digital	-0.11960069122089478	0.000213	0.0047
-117.0	Digital	-0.11923859122089478	0.000213	0.0047
-116.0	Digital	-0.11887649122089478	0.000213	0.0047
-115.0	Digital	-0.11849309122089478	0.000213	0.0047
-114.0	Digital	-0.11810969122089478	0.000213	0.0047
-113.0	Digital	-0.11774759122089479	0.000213	0.0047
-112.0	Digital	-0.11740679122089479	0.000213	0.0047
-111.0	Digital	-0.11706386122089478	0.000213	0.0047
-110.0	Digital	-0.11666129122089477	0.000213	0.0047
-109.0	Digital	-0.11623529122089478	0.000213	0.0047
-108.0	Digital	-0.11589449122089478	0.000213	0.0047
-107.0	Digital	-0.11555369122089477	0.000213	0.0047
-106.0	Digital	-0.11514899122089478	0.000213	0.0047
-105.0	Digital	-0.1147468472208948	0.000213	0.0047
-104.0	Digital	-0.11440349122089478	0.000213	0.0047
-103.0	Digital	-0.11401242322089476	0.000213	0.0047
-102.0	Digital	-0.1136354132208948	0.000213	0.0047
-101.0	Digital	-0.11325329122089478	0.000213	0.0047
-100.0	Digital	-0.11289119122089478	0.000213	0.0047
-99.0	Digital	-0.11255039122089477	0.000213	0.0047
-98.0	Digital	-0.11214569122089478	0.000213	0.0047
-97.0	Digital	-0.11172693322089479	0.000213	0.0047
-96.0	Digital	-0.11142106522089477	0.000213	0.0047
-95.0	Digital	-0.11103809122089478	0.000213	0.0047
-94.0	Digital	-0.11067599122089478	0.000213	0.0047
-93.0	Digital	-0.11031389122089479	0.000213	0.0047
-92.0	Digital	-0.10992537922089479	0.000213	0.0047
-91.0	Digital	-0.10938648922089476	0.000213	0.0047
-90.0	Digital	-0.1090363172208948	0.000213	0.0047
-89.0	Digital	-0.10865249122089478	0.000213	0.0047
-88.0	Digital	-0.10824779122089478	0.000213	0.0047
-87.0	Digital	-0.10786439122089478	0.000213	0.0047
-86.0	Digital	-0.10745969122089478	0.000213	0.0047
-85.0	Digital	-0.10711889122089478	0.000213	0.0047
-84.0	Digital	-0.1067363432208948	0.000213	0.0047
-83.0	Digital	-0.10639596922089477	0.000213	0.0047
-82.0	Digital	-0.10605389122089479	0.000213	0.0047
-81.0	Digital	-0.10567049122089478	0.000213	0.0047
-80.0	Digital	-0.10526579122089479	0.000213	0.0047
-79.0	Digital	-0.10483979122089478	0.000213	0.0047
-78.0	Digital	-0.10443509122089478	0.000213	0.0047
-77.0	Digital	-0.10400909122089479	0.000213	0.0047
-76.0	Digital	-0.1036474172208948	0.000213	0.0047
-75.0	Digital	-0.10328489122089478	0.000213	0.0047
-74.0	Digital	-0.1028507972208948	0.000213	0.0047
-73.0	Digital	-0.10247549122089478	0.000213	0.0047
-72.0	Digital	-0.10202819122089478	0.000213	0.0047
-71.0	Digital	-0.10158089122089478	0.000213	0.0047
-70.0	Digital	-0.10121879122089478	0.000213	0.0047
-69.10945086517438	Digital	-0.10079279122089478	0.000213	0.0047
-68.46803638103393	Digital	-0.10036508722089478	0.000213	0.0047
-67.8059067973717	Digital	-0.09996209122089478	0.000213	0.0047
-67.1631167080785	Digital	-0.09960212122089479	0.000213	0.0047
-66.67968474901451	Digital	-0.09919529122089478	0.000213	0.0047
-66.15443412940807	Digital	-0.09876929122089478	0.000213	0.0047
-65.55204994921615	Digital	-0.09832199122089479	0.000213	0.0047
-64.89286350905167	Digital	-0.09793859122089478	0.000213	0.0047
-64.36406590098251	Digital	-0.09746999122089478	0.000213	0.0047
-63.787356697303885	Digital	-0.09706529122089479	0.000213	0.0047
-63.2443934045456	Digital	-0.09661799122089477	0.000213	0.0047
-62.75642617464289	Digital	-0.09610679122089479	0.000213	0.0047
-62.19602372070573	Digital	-0.09565949122089479	0.000213	0.0047
-61.66648682003481	Digital	-0.09516959122089479	0.000213	0.0047
-61.07820876350029	Digital	-0.09474359122089478	0.000213	0.0047
-60.543836938237845	Digital	-0.09427499122089478	0.000213	0.0047
-60.00944472350288	Digital	-0.09380639122089478	0.000213	0.0047
-59.42760734229907	Digital	-0.0933846512208948	0.000213	0.0047
-58.91799804979646	Digital	-0.09289006522089477	0.000213	0.0047
-58.380665118359545	Digital	-0.09240059122089478	0.000213	0.0047
-57.819191669148886	Digital	-0.09193199122089478	0.000213	0.0047
-57.28349108765071	Digital	-0.09142079122089478	0.000213	0.0047
-56.68226059887323	Digital	-0.09097349122089478	0.000213	0.0047
-56.11430455344816	Digital	-0.09048316522089478	0.000213	0.0047
-55.53209235069925	Digital	-0.08999369122089478	0.000213	0.0047
-54.932063261905704	Digital	-0.08952509122089478	0.000213	0.0047
-54.335526260550395	Digital	-0.08907438322089478	0.000213	0.0047
-53.7372363206336	Digital	-0.08863006522089477	0.000213	0.0047
-53.173736463520086	Digital	-0.08814059122089478	0.000213	0.0047
-52.62039767099422	Digital	-0.08762939122089478	0.000213	0.0047
-52.058929864874095	Digital	-0.08711819122089479	0.000213	0.0047
-51.45144589261189	Digital	-0.08660699122089478	0.000213	0.0047
-50.82760708586061	Digital	-0.08611709122089478	0.000213	0.0047
-50.18328280697773	Digital	-0.08564849122089478	0.000213	0.0047
-49.5831420565219	Digital	-0.08511599122089478	0.000213	0.0047
-48.951012566102534	Digital	-0.08462609122089478	0.000213	0.0047
-48.41353505613524	Digital	-0.08409359122089478	0.000213	0.0047
-47.84710465348103	Digital	-0.08360369122089478	0.000213	0.0047
-47.288887646558315	Digital	-0.08302859122089479	0.000213	0.0047
-46.57946972834952	Digital	-0.08262389122089478	0.000213	0.0047
-45.992402160368606	Digital	-0.08204879122089478	0.000213	0.0047
-45.36282535784196	Digital	-0.08158019122089478	0.000213	0.0047
-44.78465237501876	Digital	-0.08104769122089478	0.000213	0.0047
-44.24054529634493	Digital	-0.08049389122089479	0.000213	0.0047
-43.73118676463496	Digital	-0.07991879122089478	0.000213	0.0047
-43.268984203450756	Digital	-0.07930109122089478	0.000213	0.0047
-42.68550887307096	Digital	-0.07883249122089478	0.000213	0.0047
-42.102925569589885	Digital	-0.07834259122089478	0.000213	0.0047
-41.441220562823986	Digital	-0.07789529122089478	0.000213	0.0047
-40.82784341223439	Digital	-0.07738409122089478	0.000213	0.0047
-40.17591130205656	Digital	-0.07691549122089478	0.000213	0.0047
-39.56464124359158	Digital	-0.07638299122089479	0.000213	0.0047
-39.01663025144279	Digital	-0.07576529122089479	0.000213	0.0047
-38.46510543581593	Digital	-0.07519019122089478	0.000213	0.0047
-37.89697042817524	Digital	-0.07463639122089478	0.000213	0.0047
-37.28048835588311	Digital	-0.07410389122089478	0.000213	0.0047
-36.68337721824433	Digital	-0.07352879122089478	0.000213	0.0047
-36.07208430312782	Digital	-0.07297499122089478	0.000213	0.0047
-35.448999029940026	Digital	-0.07244249122089479	0.000213	0.0047
-34.90129670211468	Digital	-0.07180349122089479	0.000213	0.0047
-34.28344265481796	Digital	-0.07120709122089479	0.000213	0.0047
-33.587321737367375	Digital	-0.07071719122089479	0.000213	0.0047
-32.917625087964566	Digital	-0.07018469122089478	0.000213	0.0047
-32.39052786656097	Digital	-0.06954782122089478	0.000213	0.0047
-31.870741735005478	Digital	-0.06892799122089478	0.000213	0.0047
-31.367406871001364	Digital	-0.06826769122089478	0.000213	0.0047
-30.859033361739755	Digital	-0.06760739122089478	0.000213	0.0047
-30.25778579445697	Digital	-0.06701099122089478	0.000213	0.0047
-29.662447497273416	Digital	-0.06637199122089478	0.000213	0.0047
-29.108654055284223	Digital	-0.06566909122089479	0.000213	0.0047
-28.51737340133327	Digital	-0.06503009122089479	0.000213	0.0047
-27.93971672558395	Digital	-0.06436979122089478	0.000213	0.0047
-27.38527926644305	Digital	-0.06368819122089478	0.000213	0.0047
-26.832381485187813	Digital	-0.06300659122089479	0.000213	0.0047
-26.248167885416226	Digital	-0.06234629122089478	0.000213	0.0047
-25.70524208814822	Digital	-0.061600791220894784	0.000213	0.0047
-25.121363395601485	Digital	-0.06091919122089478	0.000213	0.0047
-24.571848632556723	Digital	-0.06017369122089478	0.000213	0.0047
-23.98372084920151	Digital	-0.059492091220894786	0.000213	0.0047
-23.429945040500893	Digital	-0.05874659122089478	0.000213	0.0047
-22.888754175900566	Digital	-0.057979791220894784	0.000213	0.0047
-22.311913202392766	Digital	-0.05725559122089478	0.000213	0.0047
-21.731562671659614	Digital	-0.05653139122089478	0.000213	0.0047
-21.16644718124109	Digital	-0.055764591220894784	0.000213	0.0047
-20.586909690000724	Digital	-0.054997791220894786	0.000213	0.0047
-20.048862710042854	Digital	-0.05414579122089478	0.000213	0.0047
-19.43924042686075	Digital	-0.05335769122089478	0.000213	0.0047
-18.829618143678644	Digital	-0.05256959122089478	0.000213	0.0047
-18.279550019431106	Digital	-0.05171759122089478	0.000213	0.0047
-17.713211529041985	Digital	-0.05092949122089478	0.000213	0.0047
-17.15286353521841	Digital	-0.050098791220894785	0.000213	0.0047
-16.55261106309554	Digital	-0.049289391220894783	0.000213	0.0047
-15.973397934545151	Digital	-0.048437391220894785	0.000213	0.0047
-15.41055968023572	Digital	-0.04754279122089478	0.000213	0.0047
-14.868225584125877	Digital	-0.04660559122089478	0.000213	0.0047
-14.286911690718684	Digital	-0.045753591220894785	0.000213	0.0047
-13.728440139175545	Digital	-0.044857713220894775	0.000213	0.0047
-13.126086090124211	Digital	-0.044006991220894784	0.000213	0.0047
-12.538272470052526	Digital	-0.04302719122089478	0.000213	0.0047
-11.932537703027437	Digital	-0.04208999122089478	0.000213	0.0047
-11.378396361884015	Digital	-0.041024991220894785	0.000213	0.0047
-10.761503988398625	Digital	-0.04010909122089478	0.000213	0.0047
-10.273478175638019	Digital	-0.038873691220894784	0.000213	0.0047
-9.743530715042574	Digital	-0.03773030722089478	0.000213	0.0047
-9.187820732081743	Digital	-0.036592461220894774	0.000213	0.0047
-8.619794580151481	Digital	-0.035410311220894775	0.000213	0.0047
-8.076856377316506	Digital	-0.03415403722089479	0.000213	0.0047
-7.5655530849481245	Digital	-0.03278189122089478	0.000213	0.0047
-6.995078194946606	Digital	-0.03157588522089479	0.000213	0.0047
-6.465844894362006	Digital	-0.030167955220894778	0.000213	0.0047
-5.906271940625352	Digital	-0.028849911220894777	0.000213	0.0047
-5.310241680168808	Digital	-0.027431757220894776	0.000213	0.0047
-4.750645955261744	Digital	-0.025816791220894784	0.000213	0.0047
-4.164444484130709	Digital	-0.024226533220894787	0.000213	0.0047
-3.6226741690394992	Digital	-0.022343187220894786	0.000213	0.0047
-3.115509577408739	Digital	-0.020117337220894788	0.000213	0.0047
-2.5162968641852372	Digital	-0.017775189220894785	0.000213	0.0047
-1.894121619980542	Digital	-0.01556723122089479	0.000213	0.0047
-1.4741176264741713	Digital	-0.012933699220894783	0.000213	0.0047
-1.3465550982800942	Digital	-0.009226221220894794	0.000213	0.0047
-0.4107811382322699	Digital	-0.0026453732208947933	0.000213	0.0047
0.6530241796442589	Digital	0.006024152779105216	0.000213	0.0047
1.1497120074113032	Digital	0.010685018779105208	0.000213	0.0047
1.7205270813967628	Digital	0.014221670779105208	0.000213	0.0047
2.3361076140361514	Digital	0.01717938877910521	0.000213	0.0047
3.0078865853002013	Digital	0.019704716779105208	0.000213	0.0047
3.588257789118389	Digital	0.021817250779105218	0.000213	0.0047
4.190839427005208	Digital	0.023797724779105217	0.000213	0.0047
4.779104549381254	Digital	0.025812278779105215	0.000213	0.0047
5.388819644054763	Digital	0.027691364779105214	0.000213	0.0047
6.020743197408151	Digital	0.02946352477910522	0.000213	0.0047
6.597083812562113	Digital	0.031067840779105214	0.000213	0.0047
7.258464303149675	Digital	0.03233220877910521	0.000213	0.0047
7.829221139453161	Digital	0.03382320877910521	0.000213	0.0047
8.40730939509018	Digital	0.035122508779105215	0.000213	0.0047
9.073791619464233	Digital	0.03614959477910521	0.000213	0.0047
9.696401366857247	Digital	0.03717327277910522	0.000213	0.0047
10.318356547110575	Digital	0.038165000779105215	0.000213	0.0047
10.893715755260347	Digital	0.03927004477910521	0.000213	0.0047
11.477845934760426	Digital	0.040326098779105216	0.000213	0.0047
12.055098073663295	Digital	0.04139961877910521	0.000213	0.0047
12.667098725008866	Digital	0.042449708779105214	0.000213	0.0047
13.294396948754581	Digital	0.04346870077910522	0.000213	0.0047
13.901813774241905	Digital	0.04444977877910521	0.000213	0.0047
14.409648532076663	Digital	0.04533287677910522	0.000213	0.0047
14.91961742821902	Digital	0.046293506779105216	0.000213	0.0047
15.603588284321024	Digital	0.04718043877910521	0.000213	0.0047
16.27040674212309	Digital	0.04811550877910521	0.000213	0.0047
16.92290538098589	Digital	0.04902587077910521	0.000213	0.0047
17.432228884888747	Digital	0.04998990877910522	0.000213	0.0047
18.023165571792475	Digital	0.050793600379105214	0.000213	0.0047
18.568509301519477	Digital	0.05171094877910522	0.000213	0.0047
19.12870327158062	Digital	0.052599584779105216	0.000213	0.0047
19.763438835274968	Digital	0.053349600379105216	0.000213	0.0047
20.30202377974227	Digital	0.05430528877910521	0.000213	0.0047
20.95263460266127	Digital	0.055019605579105214	0.000213	0.0047
21.486142218028395	Digital	0.05589380017910521	0.000213	0.0047
21.966912599904735	Digital	0.05687777497910521	0.000213	0.0047
22.615367004850636	Digital	0.057652924579105216	0.000213	0.0047
23.284686943026838	Digital	0.05838206617910521	0.000213	0.0047
23.910767329827426	Digital	0.059171273779105214	0.000213	0.0047
24.500668459770935	Digital	0.05991340837910521	0.000213	0.0047
25.05883700967677	Digital	0.06071296777910522	0.000213	0.0047
25.70050396424548	Digital	0.06138643117910521	0.000213	0.0047
26.31855076892594	Digital	0.062109523579105215	0.000213	0.0047
26.92621534216296	Digital	0.06281382937910521	0.000213	0.0047
27.399329281933216	Digital	0.06353679397910521	0.000213	0.0047
27.983911957823324	Digital	0.06411185137910522	0.000213	0.0047
28.58262310262999	Digital	0.06478829677910522	0.000213	0.0047
29.243199296716423	Digital	0.06536045737910522	0.000213	0.0047
29.887038782529697	Digital	0.06594365137910521	0.000213	0.0047
30.47384433808525	Digital	0.06657732637910521	0.000213	0.0047
31.09059433808525	Digital	0.06716507857910521	0.000213	0.0047
31.69243989060197	Digital	0.06776258617910522	0.000213	0.0047
32.241011319173396	Digital	0.06843566617910521	0.000213	0.0047
32.7895043633155	Digital	0.06909541237910521	0.000213	0.0047
33.3795939155543	Digital	0.0696803955791052	0.000213	0.0047
33.958737562884906	Digital	0.07028978857910521	0.000213	0.0047
34.57177652392387	Digital	0.07092444337910521	0.000213	0.0047
35.249516783664134	Digital	0.07145298157910521	0.000213	0.0047
35.87381907317997	Digital	0.07205841277910521	0.000213	0.0047
36.46157249783751	Digital	0.07269941497910522	0.000213	0.0047
37.145517703316955	Digital	0.07319084857910521	0.000213	0.0047
37.786828061156875	Digital	0.07373949397910522	0.000213	0.0047
38.378461863973776	Digital	0.07435706617910522	0.000213	0.0047
39.00978580763575	Digital	0.07491461497910522	0.000213	0.0047
39.541799753652256	Digital	0.07554973837910521	0.000213	0.0047
40.09076136472841	Digital	0.0761603667791052	0.000213	0.0047
40.64248546351918	Digital	0.07675872637910522	0.000213	0.0047
41.19107611054032	Digital	0.07735908817910521	0.000213	0.0047
41.8081998803459	Digital	0.07787467597910522	0.000213	0.0047
42.40344988034591	Digital	0.07842643117910521	0.000213	0.0047
43.00166863034591	Digital	0.0789741393791052	0.000213	0.0047
43.482087133493415	Digital	0.07958314897910522	0.000213	0.0047
44.05165076985705	Digital	0.08008740517910522	0.000213	0.0047
44.62278697326029	Digital	0.08064606157910521	0.000213	0.0047
45.22330310229255	Digital	0.08117361997910522	0.000213	0.0047
45.80893223378875	Digital	0.08171400097910522	0.000213	0.0047
46.388706769597775	Digital	0.08225391337910522	0.000213	0.0047
46.981726268144435	Digital	0.08277461317910521	0.000213	0.0047
47.548331974069825	Digital	0.08327938057910521	0.000213	0.0047
48.06416957465505	Digital	0.08384327677910522	0.000213	0.0047
48.634913205702304	Digital	0.0843845949791052	0.000213	0.0047
49.2016132057023	Digital	0.08493835237910521	0.000213	0.0047
49.80499569227301	Digital	0.0854926635791052	0.000213	0.0047
50.42137765810891	Digital	0.08607624097910521	0.000213	0.0047
51.084273205574604	Digital	0.0865890597791052	0.000213	0.0047
51.697928461331536	Digital	0.08708130277910521	0.000213	0.0047
52.28562729484162	Digital	0.0875781891791052	0.000213	0.0047
52.818883747453846	Digital	0.08816159617910521	0.000213	0.0047
53.43552890874417	Digital	0.08866785457910521	0.000213	0.0047
54.077532134550616	Digital	0.08914062511910523	0.000213	0.0047
55.0	Digital	0.08960338039910522	0.000213	0.0047
56.0	Digital	0.09010157035910521	0.000213	0.0047
57.0	Digital	0.09065888059910522	0.000213	0.0047
58.0	Digital	0.09114012427910523	0.000213	0.0047
59.0	Digital	0.0916404953591052	0.000213	0.0047
60.0	Digital	0.09210989623910522	0.000213	0.0047
61.0	Digital	0.0926053427591052	0.000213	0.0047
