-46.54510833124497	Digital	-0.09813779954554892	0.000213	0.002665032280749734
-46.01323967714536	Digital	-0.09743289259054892	0.000213	0.002665032280749734
-45.41606153830846	Digital	-0.09682217799554893	0.000213	0.002665032280749734
-44.82869822337864	Digital	-0.09619252254554891	0.000213	0.002665032280749734
-44.24990859207824	Digital	-0.09554546198554892	0.000213	0.002665032280749734
-43.649775099454914	Digital	-0.09492706866554892	0.000213	0.002665032280749734
-43.05357508769458	Digital	-0.09429843704554892	0.000213	0.002665032280749734
-42.43773727666162	Digital	-0.09369642500554891	0.000213	0.002665032280749734
-41.80388594197058	Digital	-0.09311898488554891	0.000213	0.002665032280749734
-41.22142604282266	Digital	-0.09245605496054893	0.000213	0.002665032280749734
-40.60564861142947	Digital	-0.09184175696054893	0.000213	0.002665032280749734
-39.97270496645211	Digital	-0.09125100705054891	0.000213	0.002665032280749734
-39.40662104322236	Digital	-0.09054763584054892	0.000213	0.002665032280749734
-38.79749807412589	Digital	-0.08990927783554893	0.000213	0.002665032280749734
-38.22185518804292	Digital	-0.08921102577554892	0.000213	0.002665032280749734
-37.61150726255029	Digital	-0.08856498904554892	0.000213	0.002665032280749734
-36.99738761172458	Digital	-0.0879204880605489	0.000213	0.002665032280749734
-36.38194195082707	Digital	-0.08727342750054892	0.000213	0.002665032280749734
-35.752500419489344	Digital	-0.08664530779554892	0.000213	0.002665032280749734
-35.18633107684387	Digital	-0.08590405487554892	0.000213	0.002665032280749734
-34.55100825507111	Digital	-0.08527593517054892	0.000213	0.002665032280749734
-33.95646806184141	Digital	-0.08457205204554892	0.000213	0.002665032280749734
-33.38153981866549	Digital	-0.08382772763554892	0.000213	0.002665032280749734
-32.78609329893953	Digital	-0.08311309429554892	0.000213	0.002665032280749734
-32.17399775856313	Digital	-0.08242200904554892	0.000213	0.002665032280749734
-31.601176623540134	Digital	-0.08165413654554891	0.000213	0.002665032280749734
-30.96814114272392	Digital	-0.08098864704554892	0.000213	0.002665032280749734
-30.415638605017218	Digital	-0.08016958304554891	0.000213	0.002665032280749734
-29.82329145588063	Digital	-0.07941604416554893	0.000213	0.002665032280749734
-29.25599558432836	Digital	-0.07860824229554891	0.000213	0.002665032280749734
-28.703680633188853	Digital	-0.07776358254554892	0.000213	0.002665032280749734
-28.119799352231404	Digital	-0.07697011429554892	0.000213	0.002665032280749734
-27.518405961730974	Digital	-0.07620224179554892	0.000213	0.002665032280749734
-26.965299064243897	Digital	-0.07533198629554892	0.000213	0.002665032280749734
-26.407028344722676	Digital	-0.07446173079554892	0.000213	0.002665032280749734
-25.79250204089154	Digital	-0.07369385829554892	0.000213	0.002665032280749734
-25.211881532754916	Digital	-0.07284919854554892	0.000213	0.002665032280749734
-24.62639935906986	Digital	-0.07200453879554893	0.000213	0.002665032280749734
-24.023714028121383	Digital	-0.07118547479554892	0.000213	0.002665032280749734
-23.440853819664852	Digital	-0.07031521929554892	0.000213	0.002665032280749734
-22.876909472191283	Digital	-0.06939377229554893	0.000213	0.002665032280749734
-22.307183900563974	Digital	-0.06847232529554892	0.000213	0.002665032280749734
-21.673066329752412	Digital	-0.06767885704554892	0.000213	0.002665032280749734
-21.081009127750477	Digital	-0.06678300579554892	0.000213	0.002665032280749734
-20.517734854706735	Digital	-0.06581036729554891	0.000213	0.002665032280749734
-19.92553779926591	Digital	-0.06488892029554892	0.000213	0.002665032280749734
-19.338650120008886	Digital	-0.06394187754554892	0.000213	0.002665032280749734
-18.7565783902647	Digital	-0.06296923904554892	0.000213	0.002665032280749734
-18.17881599530304	Digital	-0.06197100479554892	0.000213	0.002665032280749734
-17.57313826079797	Digital	-0.06102396204554892	0.000213	0.002665032280749734
-17.023745570903436	Digital	-0.05992334479554892	0.000213	0.002665032280749734
-16.425317027966745	Digital	-0.05892511054554892	0.000213	0.002665032280749734
-15.820118188635282	Digital	-0.05792687629554892	0.000213	0.002665032280749734
-15.20815032088257	Digital	-0.05692864204554892	0.000213	0.002665032280749734
-14.589414670875502	Digital	-0.05593040779554892	0.000213	0.002665032280749734
-14.030413858509004	Digital	-0.05475300329554892	0.000213	0.002665032280749734
-13.424845660214599	Digital	-0.05367798179554892	0.000213	0.002665032280749734
-12.802319659783036	Digital	-0.05262855604554892	0.000213	0.002665032280749734
-12.19909935819218	Digital	-0.05150234304554891	0.000213	0.002665032280749734
-11.63083898109471	Digital	-0.05024815129554891	0.000213	0.002665032280749734
-11.017934495675668	Digital	-0.04909634254554891	0.000213	0.002665032280749734
-10.445764826694482	Digital	-0.04779095929554891	0.000213	0.002665032280749734
-9.845932787085205	Digital	-0.04653676754554891	0.000213	0.002665032280749734
-9.235435786952294	Digital	-0.04528257579554891	0.000213	0.002665032280749734
-8.690280149479763	Digital	-0.043772426545548915	0.000213	0.002665032280749734
-8.11502704743481	Digital	-0.04231346879554891	0.000213	0.002665032280749734
-7.534682357478384	Digital	-0.04082072465554892	0.000213	0.002665032280749734
-6.90077714256685	Digital	-0.03947234054554891	0.000213	0.002665032280749734
-6.322419924560764	Digital	-0.037859808295548913	0.000213	0.002665032280749734
-5.732724887228856	Digital	-0.03622168029554891	0.000213	0.002665032280749734
-5.130843820688394	Digital	-0.03455795654554891	0.000213	0.002665032280749734
-4.538632230955763	Digital	-0.03276625404554891	0.000213	0.002665032280749734
-3.9194386648428887	Digital	-0.030999635380548902	0.000213	0.002665032280749734
-3.3309920937835753	Digital	-0.02896938049054891	0.000213	0.002665032280749734
-2.7160563625347556	Digital	-0.026931446875548912	0.000213	0.002665032280749734
-2.1081103760377493	Digital	-0.024684140025548907	0.000213	0.002665032280749734
-1.521599446905133	Digital	-0.022067230545548912	0.000213	0.002665032280749734
-0.8997287430783412	Digital	-0.019366878920548912	0.000213	0.002665032280749734
-0.28444624990512146	Digital	-0.016162802935548906	0.000213	0.002665032280749734
0.37776733315201527	Digital	-0.012699697960548914	0.000213	0.002665032280749734
1.9651653888544436	Digital	-0.006260831090548916	0.000213	0.002665032280749734
2.136145852639721	Digital	0.0030452716944510826	0.000213	0.002665032280749734
2.7463179279768912	Digital	0.011167826999451087	0.000213	0.002665032280749734
3.3749977371475213	Digital	0.015318433819451083	0.000213	0.002665032280749734
3.937506656093047	Digital	0.01908305672945108	0.000213	0.002665032280749734
4.479801460283775	Digital	0.022352657834451086	0.000213	0.002665032280749734
5.012209558405841	Digital	0.025259311204451088	0.000213	0.002665032280749734
5.5529458119857775	Digital	0.027819910034451084	0.000213	0.002665032280749734
6.1316094086519675	Digital	0.02997711984445109	0.000213	0.002665032280749734
6.6646501152000726	Digital	0.032199342859451086	0.000213	0.002665032280749734
7.152826338702834	Digital	0.03447070971445109	0.000213	0.002665032280749734
7.6474387394216015	Digital	0.03657519227945109	0.000213	0.002665032280749734
8.146011094808472	Digital	0.038549648434451085	0.000213	0.002665032280749734
8.708371034420969	Digital	0.04019361226545109	0.000213	0.002665032280749734
9.264727388246223	Digital	0.04179406332145109	0.000213	0.002665032280749734
9.870240667682317	Digital	0.043167275308951085	0.000213	0.002665032280749734
10.480404265932597	Digital	0.04448258970995109	0.000213	0.002665032280749734
11.055735161229752	Digital	0.04587243893495109	0.000213	0.002665032280749734
11.642302157468876	Digital	0.04718611520795108	0.000213	0.002665032280749734
12.223514561042178	Digital	0.04848044109395109	0.000213	0.002665032280749734
12.819080830262472	Digital	0.049698338070451084	0.000213	0.002665032280749734
13.387031090832672	Digital	0.05096717058945109	0.000213	0.002665032280749734
13.93099112382407	Digital	0.05227296337145108	0.000213	0.002665032280749734
14.549375237675326	Digital	0.053341022827451075	0.000213	0.002665032280749734
15.120888984698237	Digital	0.05451525345445108	0.000213	0.002665032280749734
15.692474034078224	Digital	0.05566445143795108	0.000213	0.002665032280749734
16.271953499161693	Digital	0.05676977830595109	0.000213	0.002665032280749734
16.805707077345026	Digital	0.05797057732145108	0.000213	0.002665032280749734
17.339013173721895	Digital	0.05914803301295108	0.000213	0.002665032280749734
17.884149969486664	Digital	0.060273426948951075	0.000213	0.002665032280749734
18.4465616213543	Digital	0.06133652082945108	0.000213	0.002665032280749734
18.96142526739801	Digital	0.06249390945295107	0.000213	0.002665032280749734
19.589482422949352	Digital	0.06336687810245108	0.000213	0.002665032280749734
20.142128338731496	Digital	0.06440109997695108	0.000213	0.002665032280749734
20.67536110405137	Digital	0.06546270930395108	0.000213	0.002665032280749734
21.259079410045892	Digital	0.06639511128495108	0.000213	0.002665032280749734
21.796870662641883	Digital	0.06741520430545109	0.000213	0.002665032280749734
22.303533837254495	Digital	0.06848715431545108	0.000213	0.002665032280749734
22.791012144631043	Digital	0.06958321552195108	0.000213	0.002665032280749734
23.337817617228254	Digital	0.07053814176295108	0.000213	0.002665032280749734
23.883618931904298	Digital	0.07148231778895107	0.000213	0.002665032280749734
24.452148028671466	Digital	0.07236777716445109	0.000213	0.002665032280749734
24.973056647505476	Digital	0.07333836800445108	0.000213	0.002665032280749734
25.51779442514958	Digital	0.07424886002345107	0.000213	0.002665032280749734
26.065223845552623	Digital	0.07514297076245108	0.000213	0.002665032280749734
26.668882152924848	Digital	0.07591729339145108	0.000213	0.002665032280749734
27.274118917755064	Digital	0.07668071223095108	0.000213	0.002665032280749734
27.831019245357723	Digital	0.07752859704545108	0.000213	0.002665032280749734
28.386224258266257	Digital	0.07837044126295108	0.000213	0.002665032280749734
29.015000383645493	Digital	0.07906613374795107	0.000213	0.002665032280749734
29.643628941660825	Digital	0.07975599040195108	0.000213	0.002665032280749734
30.236386805264154	Digital	0.08050563872795108	0.000213	0.002665032280749734
30.851218547191117	Digital	0.08120824206545108	0.000213	0.002665032280749734
31.485078054541944	Digital	0.08187050650095108	0.000213	0.002665032280749734
32.11522592475215	Digital	0.08253405072395108	0.000213	0.002665032280749734
32.629215423257044	Digital	0.08339790728645108	0.000213	0.002665032280749734
33.2025383163811	Digital	0.08414893778295107	0.000213	0.002665032280749734
33.77185929920028	Digital	0.08490022423695108	0.000213	0.002665032280749734
34.35918839414755	Digital	0.08561386446185108	0.000213	0.002665032280749734
34.92105206506781	Digital	0.08636503829455108	0.000213	0.002665032280749734
35.50866029788607	Digital	0.08706610588705108	0.000213	0.002665032280749734
36.08560950057207	Digital	0.08777942872465108	0.000213	0.002665032280749734
36.65870614620174	Digital	0.08849337097940108	0.000213	0.002665032280749734
37.22117591805457	Digital	0.08921910775575108	0.000213	0.002665032280749734
37.89298502301536	Digital	0.08975959785105107	0.000213	0.002665032280749734
38.4888813400634	Digital	0.09042063061906108	0.000213	0.002665032280749734
