-47.79427632040306	Digital	-0.0825430205634828	0.000213	0.0047
-47.20129509510448	Digital	-0.0820284338634828	0.000213	0.0047
-46.68893114952625	Digital	-0.08141769896348279	0.000213	0.0047
-46.03923269071475	Digital	-0.0809755578234828	0.000213	0.0047
-45.43844070598192	Digital	-0.0804408809634828	0.000213	0.0047
-44.85534592226691	Digital	-0.0798825014634828	0.000213	0.0047
-44.20853313190513	Digital	-0.0794445521634828	0.000213	0.0047
-43.685342880904756	Digital	-0.0788861726634828	0.000213	0.0047
-43.0509593504215	Digital	-0.07845551222348279	0.000213	0.0047
-42.460735886734355	Digital	-0.07795555862348279	0.000213	0.0047
-41.98447890349412	Digital	-0.07731655862348279	0.000213	0.0047
-41.37676486862724	Digital	-0.0767840160234828	0.000213	0.0047
-40.77832736862724	Digital	-0.0762366060234828	0.000213	0.0047
-40.158748888769956	Digital	-0.0757110498234828	0.000213	0.0047
-39.56322966382294	Digital	-0.07514191382348279	0.000213	0.0047
-38.937949615382124	Digital	-0.0746146536234828	0.000213	0.0047
-38.38650654481367	Digital	-0.0739592952234828	0.000213	0.0047
-37.812622486842656	Digital	-0.0733330326234828	0.000213	0.0047
-37.16836647584992	Digital	-0.07277433362348279	0.000213	0.0047
-36.48494875433093	Digital	-0.0722416206234828	0.000213	0.0047
-35.898037361925866	Digital	-0.0715465164234828	0.000213	0.0047
-35.29742304256317	Digital	-0.07095936062348279	0.000213	0.0047
-34.72818523768511	Digital	-0.0703574652234828	0.000213	0.0047
-34.21550396833034	Digital	-0.06968664302348279	0.000213	0.0047
-33.64332731217892	Digital	-0.0691089018234828	0.000213	0.0047
-33.110199354561914	Digital	-0.0684512004234828	0.000213	0.0047
-32.54825268789524	Digital	-0.0677514102234828	0.000213	0.0047
-31.897559354561913	Digital	-0.06719339282348279	0.000213	0.0047
-31.296999255263746	Digital	-0.06661854842348279	0.000213	0.0047
-30.7676454091099	Digital	-0.0659669388234828	0.000213	0.0047
-30.230535530320918	Digital	-0.0653064258234828	0.000213	0.0047
-29.670477559306427	Digital	-0.0646598430234828	0.000213	0.0047
-29.08550970439711	Digital	-0.0640288518234828	0.000213	0.0047
-28.46010617819895	Digital	-0.0633862308234828	0.000213	0.0047
-27.852730960915615	Digital	-0.0627126822234828	0.000213	0.0047
-27.2480655840019	Digital	-0.062061115223482795	0.000213	0.0047
-26.671297372081373	Digital	-0.06138049502348279	0.000213	0.0047
-26.05223507401363	Digital	-0.0607618152234828	0.000213	0.0047
-25.507496931721136	Digital	-0.059976739823482804	0.000213	0.0047
-24.942575983104536	Digital	-0.0592264686234828	0.000213	0.0047
-24.369166046053124	Digital	-0.05851411142348279	0.000213	0.0047
-23.79144809733517	Digital	-0.0578125320234828	0.000213	0.0047
-23.190493651188426	Digital	-0.057089993423482796	0.000213	0.0047
-22.60093819154233	Digital	-0.0562797414234828	0.000213	0.0047
-22.059080201209383	Digital	-0.0553794330234828	0.000213	0.0047
-21.409158483472858	Digital	-0.054712657823482794	0.000213	0.0047
-20.867624151108735	Digital	-0.05383944302348279	0.000213	0.0047
-20.250719365490927	Digital	-0.05311255922348279	0.000213	0.0047
-19.710561885175963	Digital	-0.0522418152234828	0.000213	0.0047
-19.130048545021012	Digital	-0.051411200423482795	0.000213	0.0047
-18.485460309726896	Digital	-0.050639032823482796	0.000213	0.0047
-17.85904854502101	Digital	-0.0498273750234828	0.000213	0.0047
-17.245057084734484	Digital	-0.049022661023482794	0.000213	0.0047
-16.684868603059094	Digital	-0.0481280184234828	0.000213	0.0047
-16.120184893581886	Digital	-0.0472246002234828	0.000213	0.0047
-15.512614161874568	Digital	-0.0463678290234828	0.000213	0.0047
-14.9343312350453	Digital	-0.0454471152234828	0.000213	0.0047
-14.277946195359876	Digital	-0.04452819062348279	0.000213	0.0047
-13.629259172459111	Digital	-0.043547922023482795	0.000213	0.0047
-12.975198103756819	Digital	-0.0425826486234828	0.000213	0.0047
-12.416837401731021	Digital	-0.0415279152234828	0.000213	0.0047
-11.85984641074003	Digital	-0.0404805090234828	0.000213	0.0047
-11.243216999736855	Digital	-0.039600733823482795	0.000213	0.0047
-10.712893931533568	Digital	-0.0385416978234828	0.000213	0.0047
-10.164926774563106	Digital	-0.0374170578234828	0.000213	0.0047
-9.577115792669979	Digital	-0.0362242578234828	0.000213	0.0047
-8.930420665333013	Digital	-0.0352018578234828	0.000213	0.0047
-8.324671512156362	Digital	-0.0339468618234828	0.000213	0.0047
-7.701935886007767	Digital	-0.03272253782348279	0.000213	0.0047
-7.180009659749453	Digital	-0.031218757823482796	0.000213	0.0047
-6.6734344739289835	Digital	-0.0297482058234828	0.000213	0.0047
-6.085868621157852	Digital	-0.028428457823482797	0.000213	0.0047
-5.450100040076771	Digital	-0.026958757823482796	0.000213	0.0047
-4.856561188725421	Digital	-0.025318657823482797	0.000213	0.0047
-4.20926394694764	Digital	-0.023764609823482795	0.000213	0.0047
-3.5937246416459945	Digital	-0.0219728538234828	0.000213	0.0047
-3.0565912144228022	Digital	-0.019696309823482798	0.000213	0.0047
-2.4017963490817493	Digital	-0.017359273823482804	0.000213	0.0047
-1.8275451535116518	Digital	-0.0144769578234828	0.000213	0.0047
-1.1271243316110804	Digital	-0.011452357823482799	0.000213	0.0047
-0.4187375358569685	Digital	-0.0071923578234828	0.000213	0.0047
1.112640044919889	Digital	-0.00034653782348279775	0.000213	0.0047
2.7558891618296792	Digital	0.004210810176517193	0.000213	0.0047
3.314762059226201	Digital	0.009472762176517192	0.000213	0.0047
3.95795029316427	Digital	0.013485256176517194	0.000213	0.0047
4.3981420130864715	Digital	0.0169183901765172	0.000213	0.0047
5.005532955014786	Digital	0.019326142176517198	0.000213	0.0047
5.563953599822126	Digital	0.021456142176517198	0.000213	0.0047
6.130419392094369	Digital	0.023540134176517204	0.000213	0.0047
6.745438230353628	Digital	0.025268842176517203	0.000213	0.0047
7.319946104369373	Digital	0.027110440176517203	0.000213	0.0047
7.813306734501265	Digital	0.029175688176517202	0.000213	0.0047
8.365784527862651	Digital	0.0308068421765172	0.000213	0.0047
8.953953201148895	Digital	0.0322765421765172	0.000213	0.0047
9.53710685933489	Digital	0.0335119421765172	0.000213	0.0047
10.077138482160821	Digital	0.0348751421765172	0.000213	0.0047
10.684635203546579	Digital	0.0358762421765172	0.000213	0.0047
11.2324612905031	Digital	0.0369838421765172	0.000213	0.0047
11.823673641968476	Digital	0.037984942176517204	0.000213	0.0047
12.397364263162144	Digital	0.0390286421765172	0.000213	0.0047
12.946644024353661	Digital	0.0401362421765172	0.000213	0.0047
13.491255257276581	Digital	0.0412864421765172	0.000213	0.0047
14.052732740831987	Digital	0.0423940421765172	0.000213	0.0047
14.639205337676037	Digital	0.0434377421765172	0.000213	0.0047
15.267834642200006	Digital	0.044374942176517204	0.000213	0.0047
15.82818530878105	Digital	0.0453875441765172	0.000213	0.0047
16.35579400443322	Digital	0.0463132421765172	0.000213	0.0047
16.95031177743261	Digital	0.0471226421765172	0.000213	0.0047
17.488047626489212	Digital	0.0481663421765172	0.000213	0.0047
18.082387249130722	Digital	0.0490822421765172	0.000213	0.0047
18.633330095543826	Digital	0.0499555421765172	0.000213	0.0047
19.21287555008928	Digital	0.0507436421765172	0.000213	0.0047
19.74709835225931	Digital	0.0516382421765172	0.000213	0.0047
20.34492443921583	Digital	0.0524263421765172	0.000213	0.0047
20.958167141253497	Digital	0.0531931421765172	0.000213	0.0047
21.566010278508397	Digital	0.0540451421765172	0.000213	0.0047
22.154245572626046	Digital	0.0549397421765172	0.000213	0.0047
22.749817724815664	Digital	0.0557704421765172	0.000213	0.0047
23.319710197933944	Digital	0.0566224421765172	0.000213	0.0047
23.886744492778732	Digital	0.05745356817651721	0.000213	0.0047
24.399183517168982	Digital	0.0583051421765172	0.000213	0.0047
25.008939614729957	Digital	0.0589867421765172	0.000213	0.0047
25.594924439215834	Digital	0.0597961421765172	0.000213	0.0047
26.187098352259305	Digital	0.06059531817651721	0.000213	0.0047
26.760181227886896	Digital	0.0613297421765172	0.000213	0.0047
27.301847894553564	Digital	0.0620326421765172	0.000213	0.0047
27.847125672331345	Digital	0.0627300041765172	0.000213	0.0047
28.397959005664674	Digital	0.0634188461765172	0.000213	0.0047
28.99582888137276	Digital	0.0640348421765172	0.000213	0.0047
29.507078881372763	Digital	0.0647011061765172	0.000213	0.0047
30.05832888137276	Digital	0.0653128421765172	0.000213	0.0047
30.633900691540813	Digital	0.06593821017651719	0.000213	0.0047
31.21532926296938	Digital	0.0665623001765172	0.000213	0.0047
31.871508037441416	Digital	0.0670769081765172	0.000213	0.0047
32.43061437228303	Digital	0.0677410421765172	0.000213	0.0047
33.07201708721516	Digital	0.0682812101765172	0.000213	0.0047
33.61168661415078	Digital	0.0689764421765172	0.000213	0.0047
34.13720113346288	Digital	0.06969340017651719	0.000213	0.0047
34.75106364348703	Digital	0.0703396421765172	0.000213	0.0047
35.3644968399113	Digital	0.0710212421765172	0.000213	0.0047
36.002090461559035	Digital	0.0716602421765172	0.000213	0.0047
36.488419561831705	Digital	0.07231031817651722	0.000213	0.0047
37.00831167241836	Digital	0.0729169421765172	0.000213	0.0047
37.56109693773787	Digital	0.07348181817651721	0.000213	0.0047
38.13141734245963	Digital	0.0740245421765172	0.000213	0.0047
38.63128453142447	Digital	0.0746848421765172	0.000213	0.0047
39.265857140258284	Digital	0.0751747421765172	0.000213	0.0047
39.86666207109446	Digital	0.0757072421765172	0.000213	0.0047
40.378597554965424	Digital	0.07635178017651721	0.000213	0.0047
41.02375884528801	Digital	0.07682038017651721	0.000213	0.0047
41.55131822869613	Digital	0.0774538421765172	0.000213	0.0047
42.191635689013594	Digital	0.0779365001765172	0.000213	0.0047
42.774119464539936	Digital	0.07847752017651721	0.000213	0.0047
43.30022115945519	Digital	0.07907306817651721	0.000213	0.0047
43.9285508067976	Digital	0.07954166817651721	0.000213	0.0047
44.465884140130946	Digital	0.0801329561765172	0.000213	0.0047
45.13021747346427	Digital	0.0805619381765172	0.000213	0.0047
45.70349259685011	Digital	0.0811136081765172	0.000213	0.0047
46.274312268981255	Digital	0.0816712421765172	0.000213	0.0047
46.911988790293904	Digital	0.08214665817651719	0.000213	0.0047
47.503986269815	Digital	0.0826983281765172	0.000213	0.0047
48.0660530625056	Digital	0.08329046817651721	0.000213	0.0047
48.57712222844714	Digital	0.0839699381765172	0.000213	0.0047
49.2334103847353	Digital	0.0844496141765172	0.000213	0.0047
49.805787678817325	Digital	0.0850276961765172	0.000213	0.0047
50.37136144930913	Digital	0.0855921461765172	0.000213	0.0047
50.976550806797604	Digital	0.08610462417651721	0.000213	0.0047
51.56888414013094	Digital	0.0866256221765172	0.000213	0.0047
52.126884140130954	Digital	0.0871904981765172	0.000213	0.0047
52.66025093092034	Digital	0.08772896217651718	0.000213	0.0047
53.2490970847665	Digital	0.08818435617651718	0.000213	0.0047
53.786016909804154	Digital	0.08874284217651719	0.000213	0.0047
54.35375884528802	Digital	0.0893136821765172	0.000213	0.0047
54.94717400784342	Digital	0.08983936617651718	0.000213	0.0047
55.547943238612646	Digital	0.09028155417651719	0.000213	0.0047
56.05255862322803	Digital	0.0908302421765172	0.000213	0.0047
56.61525093092034	Digital	0.09131460417651718	0.000213	0.0047
57.19217400784342	Digital	0.09178320417651718	0.000213	0.0047
57.75755862322803	Digital	0.09226458417651719	0.000213	0.0047
58.3464047770742	Digital	0.09271997817651717	0.000213	0.0047
