-47.47132519426123	Digital	-0.09813779954554892	0.000213	0.002665032280749734
-46.93646851896402	Digital	-0.09743289259054892	0.000213	0.002665032280749734
-46.336730356055426	Digital	-0.09682217799554893	0.000213	0.002665032280749734
-45.746755319944896	Digital	-0.09619252254554891	0.000213	0.002665032280749734
-45.16531084613587	Digital	-0.09554546198554892	0.000213	0.002665032280749734
-44.56266745528751	Digital	-0.09492706866554892	0.000213	0.002665032280749734
-43.96394314967486	Digital	-0.09429843704554892	0.000213	0.002665032280749734
-43.34571340828939	Digital	-0.09369642500554891	0.000213	0.002665032280749734
-42.70959101391714	Digital	-0.09311898488554891	0.000213	0.002665032280749734
-42.124551671731325	Digital	-0.09245605496054893	0.000213	0.002665032280749734
-41.506410389368774	Digital	-0.09184175696054893	0.000213	0.002665032280749734
-40.8712172456936	Digital	-0.09125100705054891	0.000213	0.002665032280749734
-40.302485089325096	Digital	-0.09054763584054892	0.000213	0.002665032280749734
-39.69098677359879	Digital	-0.08990927783554893	0.000213	0.002665032280749734
-39.112776042598	Digital	-0.08921102577554892	0.000213	0.002665032280749734
-38.500080322856036	Digital	-0.08856498904554892	0.000213	0.002665032280749734
-37.88364507981619	Digital	-0.0879204880605489	0.000213	0.002665032280749734
-37.26590116314572	Digital	-0.08727342750054892	0.000213	0.002665032280749734
-36.63425387738576	Digital	-0.08664530779554892	0.000213	0.002665032280749734
-36.06551319403716	Digital	-0.08590405487554892	0.000213	0.002665032280749734
-35.42803812038102	Digital	-0.08527593517054892	0.000213	0.002665032280749734
-34.831114859876536	Digital	-0.08457205204554892	0.000213	0.002665032280749734
-34.25369944322445	Digital	-0.08382772763554892	0.000213	0.002665032280749734
-33.65589641456269	Digital	-0.08311309429554892	0.000213	0.002665032280749734
-33.04155105810893	Digital	-0.08242200904554892	0.000213	0.002665032280749734
-32.46626331652094	Digital	-0.08165413654554891	0.000213	0.002665032280749734
-31.831118119389558	Digital	-0.08098864704554892	0.000213	0.002665032280749734
-31.27605437739467	Digital	-0.08016958304554891	0.000213	0.002665032280749734
-30.681385069442786	Digital	-0.07941604416554893	0.000213	0.002665032280749734
-30.111635804692217	Digital	-0.07860824229554891	0.000213	0.002665032280749734
-29.556794944462442	Digital	-0.07776358254554892	0.000213	0.002665032280749734
-28.970577181992255	Digital	-0.07697011429554892	0.000213	0.002665032280749734
-28.366955866664227	Digital	-0.07620224179554892	0.000213	0.002665032280749734
-27.81136305042798	Digital	-0.07533198629554892	0.000213	0.002665032280749734
-27.25064748469367	Digital	-0.07446173079554892	0.000213	0.002665032280749734
-26.63399771787003	Digital	-0.07369385829554892	0.000213	0.002665032280749734
-26.051077574407394	Digital	-0.07284919854554892	0.000213	0.002665032280749734
-25.463333277059508	Digital	-0.07200453879554893	0.000213	0.002665032280749734
-24.858489824519935	Digital	-0.07118547479554892	0.000213	0.002665032280749734
-24.273374460589764	Digital	-0.07031521929554892	0.000213	0.002665032280749734
-23.70708434887683	Digital	-0.06939377229554893	0.000213	0.002665032280749734
-23.135055780071955	Digital	-0.06847232529554892	0.000213	0.002665032280749734
-22.498988972265273	Digital	-0.06767885704554892	0.000213	0.002665032280749734
-21.90476831865972	Digital	-0.06678300579554892	0.000213	0.002665032280749734
-21.339189461186436	Digital	-0.06581036729554891	0.000213	0.002665032280749734
-20.744851181465854	Digital	-0.06488892029554892	0.000213	0.002665032280749734
-20.155804958688247	Digital	-0.06394187754554892	0.000213	0.002665032280749734
-19.571560320641993	Digital	-0.06296923904554892	0.000213	0.002665032280749734
-18.991613626272077	Digital	-0.06197100479554892	0.000213	0.002665032280749734
-18.38390598419697	Digital	-0.06102396204554892	0.000213	0.002665032280749734
-17.832205422651292	Digital	-0.05992334479554892	0.000213	0.002665032280749734
-17.231730725178814	Digital	-0.05892511054554892	0.000213	0.002665032280749734
-16.624529920687678	Digital	-0.05792687629554892	0.000213	0.002665032280749734
-16.010603756720727	Digital	-0.05692864204554892	0.000213	0.002665032280749734
-15.38995296802026	Digital	-0.05593040779554892	0.000213	0.002665032280749734
-14.828748062286808	Digital	-0.05475300329554892	0.000213	0.002665032280749734
-14.221218571019197	Digital	-0.05367798179554892	0.000213	0.002665032280749734
-13.596824465627373	Digital	-0.05262855604554892	0.000213	0.002665032280749734
-12.991649832073742	Digital	-0.05150234304554891	0.000213	0.002665032280749734
-12.421273733417266	Digital	-0.05024815129554891	0.000213	0.002665032280749734
-11.806481834871425	Digital	-0.04909634254554891	0.000213	0.002665032280749734
-11.232236567033196	Digital	-0.04779095929554891	0.000213	0.002665032280749734
-10.630472986759937	Digital	-0.04653676754554891	0.000213	0.002665032280749734
-10.018105012161822	Digital	-0.04528257579554891	0.000213	0.002665032280749734
-9.470775792123948	Digital	-0.043772426545548915	0.000213	0.002665032280749734
-8.893503784823226	Digital	-0.04231346879554891	0.000213	0.002665032280749734
-8.311174563479657	Digital	-0.04082072465554892	0.000213	0.002665032280749734
-7.675546254386687	Digital	-0.03947234054554891	0.000213	0.002665032280749734
-7.095213761159445	Digital	-0.037859808295548913	0.000213	0.002665032280749734
-6.503605904694033	Digital	-0.03622168029554891	0.000213	0.002665032280749734
-5.899877421426546	Digital	-0.03455795654554891	0.000213	0.002665032280749734
-5.305782042806329	Digital	-0.03276625404554891	0.000213	0.002665032280749734
-4.684836781647617	Digital	-0.030999635380548902	0.000213	0.002665032280749734
-4.094504713388705	Digital	-0.02896938049054891	0.000213	0.002665032280749734
-3.4778114474623174	Digital	-0.026931446875548912	0.000213	0.002665032280749734
-2.8680817633131346	Digital	-0.024684140025548907	0.000213	0.002665032280749734
-2.2796945235364117	Digital	-0.022067230545548912	0.000213	0.002665032280749734
-1.6561103684486034	Digital	-0.019366878920548912	0.000213	0.002665032280749734
-1.0390832815417217	Digital	-0.016162802935548906	0.000213	0.002665032280749734
-0.37533051521925664	Digital	-0.012699697960548914	0.000213	0.002665032280749734
1.2139895162644232	Digital	-0.006260831090548916	0.000213	0.002665032280749734
2.8866701890667104	Digital	0.0030452716944510826	0.000213	0.002665032280749734
3.498321939973243	Digital	0.011167826999451087	0.000213	0.002665032280749734
4.128504403851567	Digital	0.015318433819451083	0.000213	0.002665032280749734
4.692821529955321	Digital	0.01908305672945108	0.000213	0.002665032280749734
5.2370369395004355	Digital	0.022352657834451086	0.000213	0.002665032280749734
5.771431192087293	Digital	0.025259311204451088	0.000213	0.002665032280749734
6.314138795004277	Digital	0.027819910034451084	0.000213	0.002665032280749734
6.894627354767669	Digital	0.02997711984445109	0.000213	0.002665032280749734
7.429707904079139	Digital	0.032199342859451086	0.000213	0.002665032280749734
7.920139890891818	Digital	0.03447070971445109	0.000213	0.002665032280749734
8.416999434913425	Digital	0.03657519227945109	0.000213	0.002665032280749734
8.917820193518196	Digital	0.038549648434451085	0.000213	0.002665032280749734
9.482157563654159	Digital	0.04019361226545109	0.000213	0.002665032280749734
10.040532572363887	Digital	0.04179406332145109	0.000213	0.002665032280749734
10.647852615784359	Digital	0.043167275308951085	0.000213	0.002665032280749734
11.259812470066116	Digital	0.04448258970995109	0.000213	0.002665032280749734
11.837112229063006	Digital	0.04587243893495109	0.000213	0.002665032280749734
12.425608038958984	Digital	0.04718611520795108	0.000213	0.002665032280749734
13.008786273731326	Digital	0.04848044109395109	0.000213	0.002665032280749734
13.606262430764735	Digital	0.049698338070451084	0.000213	0.002665032280749734
14.176265344004703	Digital	0.05096717058945109	0.000213	0.002665032280749734
14.722405786267826	Digital	0.05227296337145108	0.000213	0.002665032280749734
15.342625307970321	Digital	0.053341022827451075	0.000213	0.002665032280749734
15.916211611830887	Digital	0.05451525345445108	0.000213	0.002665032280749734
16.489881232772614	Digital	0.05566445143795108	0.000213	0.002665032280749734
17.071418841369656	Digital	0.05676977830595109	0.000213	0.002665032280749734
17.60746820055385	Digital	0.05797057732145108	0.000213	0.002665032280749734
18.143086821891757	Digital	0.05914803301295108	0.000213	0.002665032280749734
18.69049148636917	Digital	0.060273426948951075	0.000213	0.002665032280749734
19.255097861913065	Digital	0.06133652082945108	0.000213	0.002665032280749734
19.772409563345555	Digital	0.06249390945295107	0.000213	0.002665032280749734
20.40235414733298	Digital	0.06336687810245108	0.000213	0.002665032280749734
20.95728228997939	Digital	0.06440109997695108	0.000213	0.002665032280749734
21.49291041377134	Digital	0.06546270930395108	0.000213	0.002665032280749734
22.07877712134528	Digital	0.06639511128495108	0.000213	0.002665032280749734
22.618967177991692	Digital	0.06741520430545109	0.000213	0.002665032280749734
23.128206217606355	Digital	0.06848715431545108	0.000213	0.002665032280749734
23.618377501396253	Digital	0.06958321552195108	0.000213	0.002665032280749734
24.167578590000605	Digital	0.07053814176295108	0.000213	0.002665032280749734
24.71579434343633	Digital	0.07148231778895107	0.000213	0.002665032280749734
25.286629581942403	Digital	0.07236777716445109	0.000213	0.002665032280749734
25.810113146170213	Digital	0.07333836800445108	0.000213	0.002665032280749734
26.357311708859157	Digital	0.07424886002345107	0.000213	0.002665032280749734
26.907200793028213	Digital	0.07514297076245108	0.000213	0.002665032280749734
27.51302415575476	Digital	0.07591729339145108	0.000213	0.002665032280749734
28.120427546478194	Digital	0.07668071223095108	0.000213	0.002665032280749734
28.679771900688163	Digital	0.07752859704545108	0.000213	0.002665032280749734
29.2374431659241	Digital	0.07837044126295108	0.000213	0.002665032280749734
29.868287484263693	Digital	0.07906613374795107	0.000213	0.002665032280749734
30.49899403838538	Digital	0.07975599040195108	0.000213	0.002665032280749734
31.09404093274943	Digital	0.08050563872795108	0.000213	0.002665032280749734
31.711047562851128	Digital	0.08120824206545108	0.000213	0.002665032280749734
32.3469834627766	Digital	0.08187050650095108	0.000213	0.002665032280749734
32.979237623739735	Digital	0.08253405072395108	0.000213	0.002665032280749734
33.49600844650794	Digital	0.08339790728645108	0.000213	0.002665032280749734
34.0717857621393	Digital	0.08414893778295107	0.000213	0.002665032280749734
34.64359617695103	Digital	0.08490022423695108	0.000213	0.002665032280749734
35.23332190807121	Digital	0.08561386446185108	0.000213	0.002665032280749734
35.797742202812955	Digital	0.08636503829455108	0.000213	0.002665032280749734
36.38776820986532	Digital	0.08706610588705108	0.000213	0.002665032280749734
36.96720913744535	Digital	0.08777942872465108	0.000213	0.002665032280749734
37.542831959249305	Digital	0.08849337097940108	0.000213	0.002665032280749734
38.107903045421324	Digital	0.08921910775575108	0.000213	0.002665032280749734
38.78167153298213	Digital	0.08975959785105107	0.000213	0.002665032280749734
39.37999003363345	Digital	0.09042063061906108	0.000213	0.002665032280749734
