-99.34511187280927	Digital	-0.11960070651984171	0.000213	0.0047
-98.74147466133806	Digital	-0.11923860651984172	0.000213	0.0047
-98.14799600022003	Digital	-0.11887650651984172	0.000213	0.0047
-97.5986043214537	Digital	-0.11849310651984171	0.000213	0.0047
-97.04631409849667	Digital	-0.11810970651984172	0.000213	0.0047
-96.44682298037011	Digital	-0.11774760651984172	0.000213	0.0047
-95.823772516251	Digital	-0.11740680651984171	0.000213	0.0047
-95.18477702518307	Digital	-0.11706387651984171	0.000213	0.0047
-94.58992171971681	Digital	-0.11666130651984172	0.000213	0.0047
-94.02135540176738	Digital	-0.11623530651984172	0.000213	0.0047
-93.41416695042692	Digital	-0.11589450651984172	0.000213	0.0047
-92.80697849908645	Digital	-0.11555370651984172	0.000213	0.0047
-92.28080496734543	Digital	-0.11514900651984171	0.000213	0.0047
-91.75680335379157	Digital	-0.11474686251984173	0.000213	0.0047
-91.13812349530167	Digital	-0.11440350651984171	0.000213	0.0047
-90.52984527895862	Digital	-0.1140124385198417	0.000213	0.0047
-89.90748556058863	Digital	-0.11363542851984172	0.000213	0.0047
-89.31841232620516	Digital	-0.11325330651984171	0.000213	0.0047
-88.71631514429336	Digital	-0.11289120651984172	0.000213	0.0047
-88.08262027735923	Digital	-0.11255040651984172	0.000213	0.0047
-87.48721993664373	Digital	-0.11214570651984171	0.000213	0.0047
-86.90587411040863	Digital	-0.11172694851984172	0.000213	0.0047
-86.23554142712771	Digital	-0.1114210805198417	0.000213	0.0047
-85.66160777783861	Digital	-0.11103810651984172	0.000213	0.0047
-85.06065674007112	Digital	-0.11067600651984172	0.000213	0.0047
-84.4397825206242	Digital	-0.11031390651984171	0.000213	0.0047
-83.84656218164115	Digital	-0.10992539451984172	0.000213	0.0047
-83.47230380063564	Digital	-0.10938650451984169	0.000213	0.0047
-82.89384226217408	Digital	-0.10903633251984172	0.000213	0.0047
-82.30438263650854	Digital	-0.10865250651984172	0.000213	0.0047
-81.72104930317519	Digital	-0.10824780651984171	0.000213	0.0047
-81.12777948269093	Digital	-0.10786440651984172	0.000213	0.0047
-80.58760523293294	Digital	-0.10745970651984171	0.000213	0.0047
-79.97482691734727	Digital	-0.10711890651984171	0.000213	0.0047
-79.40208764792749	Digital	-0.10673635851984173	0.000213	0.0047
-78.78184049963855	Digital	-0.10639598451984171	0.000213	0.0047
-78.15516121391045	Digital	-0.10605390651984171	0.000213	0.0047
-77.56111520579137	Digital	-0.10567050651984172	0.000213	0.0047
-76.98962219722122	Digital	-0.10526580651984171	0.000213	0.0047
-76.44652303987178	Digital	-0.10483980651984172	0.000213	0.0047
-75.8807095115354	Digital	-0.10443510651984171	0.000213	0.0047
-75.29559696449579	Digital	-0.10400910651984172	0.000213	0.0047
-74.63519696449578	Digital	-0.10364743251984172	0.000213	0.0047
-73.97559696449578	Digital	-0.10328490651984172	0.000213	0.0047
-73.39358767922737	Digital	-0.10285081251984174	0.000213	0.0047
-72.75554330782228	Digital	-0.10247550651984172	0.000213	0.0047
-72.20578580336473	Digital	-0.10202820651984172	0.000213	0.0047
-71.68068403945702	Digital	-0.10158090651984171	0.000213	0.0047
-71.05877241275081	Digital	-0.10121880651984172	0.000213	0.0047
-70.46693567805693	Digital	-0.10079280651984171	0.000213	0.0047
-69.87673159642426	Digital	-0.10036510251984172	0.000213	0.0047
-69.2799967005389	Digital	-0.09996210651984172	0.000213	0.0047
-68.64738800488672	Digital	-0.09960213651984172	0.000213	0.0047
-68.05920740593729	Digital	-0.09919530651984172	0.000213	0.0047
-67.4703916164636	Digital	-0.09876930651984171	0.000213	0.0047
-66.90213503751625	Digital	-0.09832200651984171	0.000213	0.0047
-66.29188377920613	Digital	-0.09793860651984172	0.000213	0.0047
-65.77689259754827	Digital	-0.09747000651984172	0.000213	0.0047
-65.18122139234265	Digital	-0.09706530651984172	0.000213	0.0047
-64.60979282091407	Digital	-0.09661800651984172	0.000213	0.0047
-64.09568329852527	Digital	-0.09610680651984171	0.000213	0.0047
-63.507448004407635	Digital	-0.09565950651984172	0.000213	0.0047
-62.9584283965645	Digital	-0.09516960651984172	0.000213	0.0047
-62.359321708697536	Digital	-0.09474360651984172	0.000213	0.0047
-61.80144389519271	Digital	-0.09427500651984172	0.000213	0.0047
-61.22764553389912	Digital	-0.09380640651984172	0.000213	0.0047
-60.59954636034539	Digital	-0.09338466651984173	0.000213	0.0047
-60.037936266469444	Digital	-0.09289008051984171	0.000213	0.0047
-59.496802081165924	Digital	-0.09240060651984172	0.000213	0.0047
-58.93609920576656	Digital	-0.09193200651984172	0.000213	0.0047
-58.40608840735629	Digital	-0.09142080651984172	0.000213	0.0047
-57.816084502631576	Digital	-0.09097350651984172	0.000213	0.0047
-57.231683956129295	Digital	-0.09048318051984171	0.000213	0.0047
-56.6231660685654	Digital	-0.08999370651984172	0.000213	0.0047
-55.99795312137631	Digital	-0.08952510651984172	0.000213	0.0047
-55.42299654653778	Digital	-0.08907439851984172	0.000213	0.0047
-54.84237732659409	Digital	-0.08863008051984171	0.000213	0.0047
-54.247140845980894	Digital	-0.08814060651984172	0.000213	0.0047
-53.638913617773255	Digital	-0.08762940651984172	0.000213	0.0047
-53.0361509273998	Digital	-0.0871182065198417	0.000213	0.0047
-52.49768938893827	Digital	-0.08660700651984171	0.000213	0.0047
-51.939997081245956	Digital	-0.08611710651984171	0.000213	0.0047
-51.32630225068769	Digital	-0.08564850651984171	0.000213	0.0047
-50.75837967896284	Digital	-0.0851160065198417	0.000213	0.0047
-50.15225942310584	Digital	-0.0846261065198417	0.000213	0.0047
-49.574271577055875	Digital	-0.08409360651984171	0.000213	0.0047
-48.96252275868991	Digital	-0.08360370651984171	0.000213	0.0047
-48.41368694866093	Digital	-0.0830286065198417	0.000213	0.0047
-47.7308822742035	Digital	-0.08262390651984171	0.000213	0.0047
-47.18503143239438	Digital	-0.08204880651984171	0.000213	0.0047
-46.55918109225833	Digital	-0.08158020651984171	0.000213	0.0047
-45.98435116028554	Digital	-0.08104770651984171	0.000213	0.0047
-45.39885254810416	Digital	-0.0804939065198417	0.000213	0.0047
-44.82824186108127	Digital	-0.0799188065198417	0.000213	0.0047
-44.331026704706986	Digital	-0.07930110651984171	0.000213	0.0047
-43.73117221216424	Digital	-0.07883250651984171	0.000213	0.0047
-43.1435029368853	Digital	-0.0783426065198417	0.000213	0.0047
-42.510123048617146	Digital	-0.07789530651984171	0.000213	0.0047
-41.92911746202496	Digital	-0.0773841065198417	0.000213	0.0047
-41.28031012851234	Digital	-0.0769155065198417	0.000213	0.0047
-40.67093512851234	Digital	-0.0763830065198417	0.000213	0.0047
-40.12019146570981	Digital	-0.0757653065198417	0.000213	0.0047
-39.52891081175885	Digital	-0.0751902065198417	0.000213	0.0047
-38.92249240425053	Digital	-0.07463640651984171	0.000213	0.0047
-38.28811374238826	Digital	-0.07410390651984171	0.000213	0.0047
-37.67941809021434	Digital	-0.07352880651984171	0.000213	0.0047
-37.04911200284544	Digital	-0.0729750065198417	0.000213	0.0047
-36.36556769904797	Digital	-0.0724425065198417	0.000213	0.0047
-35.745314534491015	Digital	-0.07180350651984171	0.000213	0.0047
-35.12011963757301	Digital	-0.0712071065198417	0.000213	0.0047
-34.47072939367058	Digital	-0.0707172065198417	0.000213	0.0047
-33.851826954646185	Digital	-0.07018470651984171	0.000213	0.0047
-33.31829413603769	Digital	-0.06954783651984171	0.000213	0.0047
-32.7772846723153	Digital	-0.06892800651984171	0.000213	0.0047
-32.2250646429972	Digital	-0.06826770651984171	0.000213	0.0047
-31.63839797633053	Digital	-0.0676074065198417	0.000213	0.0047
-31.01353612653523	Digital	-0.06701100651984171	0.000213	0.0047
-30.47507458807369	Digital	-0.06637200651984171	0.000213	0.0047
-29.982766895765998	Digital	-0.0656691065198417	0.000213	0.0047
-29.418548524996954	Digital	-0.0650301065198417	0.000213	0.0047
-28.867823887315794	Digital	-0.06436980651984171	0.000213	0.0047
-28.28408055903638	Digital	-0.06368820651984171	0.000213	0.0047
-27.681398661842437	Digital	-0.0630066065198417	0.000213	0.0047
-27.07072646655351	Digital	-0.06234630651984171	0.000213	0.0047
-26.534302625493904	Digital	-0.061600806519841705	0.000213	0.0047
-25.958143685096555	Digital	-0.06091920651984171	0.000213	0.0047
-25.393278757717265	Digital	-0.060173706519841705	0.000213	0.0047
-24.788535674713312	Digital	-0.05949210651984171	0.000213	0.0047
-24.22922882339474	Digital	-0.05874660651984171	0.000213	0.0047
-23.6907672849332	Digital	-0.057979806519841706	0.000213	0.0047
-23.106601728795745	Digital	-0.057255606519841705	0.000213	0.0047
-22.473455418912273	Digital	-0.05653140651984171	0.000213	0.0047
-21.86188873785919	Digital	-0.055764606519841706	0.000213	0.0047
-21.25944809019	Digital	-0.05499780651984171	0.000213	0.0047
-20.706775310051327	Digital	-0.05414580651984171	0.000213	0.0047
-20.121258135261975	Digital	-0.05335770651984171	0.000213	0.0047
-19.53745611051507	Digital	-0.05256960651984171	0.000213	0.0047
-18.98739986754544	Digital	-0.05171760651984171	0.000213	0.0047
-18.351763217890095	Digital	-0.05092950651984171	0.000213	0.0047
-17.734116159066566	Digital	-0.05009880651984171	0.000213	0.0047
-17.113925112301466	Digital	-0.049289406519841705	0.000213	0.0047
-16.532773279840733	Digital	-0.04843740651984171	0.000213	0.0047
-15.972563855756961	Digital	-0.04754280651984171	0.000213	0.0047
-15.403705836339412	Digital	-0.046605606519841705	0.000213	0.0047
-14.793949738778437	Digital	-0.04575360651984171	0.000213	0.0047
-14.159846169654887	Digital	-0.0448577285198417	0.000213	0.0047
-13.464731665838091	Digital	-0.044007006519841706	0.000213	0.0047
-12.815876704006028	Digital	-0.04302720651984172	0.000213	0.0047
-12.179097731754862	Digital	-0.04209000651984171	0.000213	0.0047
-11.629548182205312	Digital	-0.041025006519841714	0.000213	0.0047
-11.017757871006893	Digital	-0.04010910651984172	0.000213	0.0047
-10.565651315178442	Digital	-0.03887370651984171	0.000213	0.0047
-10.056674872845505	Digital	-0.03773032251984171	0.000213	0.0047
-9.44987375404674	Digital	-0.0365924765198417	0.000213	0.0047
-8.858382513063372	Digital	-0.0354103265198417	0.000213	0.0047
-8.260828617910143	Digital	-0.034154052519841716	0.000213	0.0047
-7.683643004888354	Digital	-0.03278190651984171	0.000213	0.0047
-7.060176159411018	Digital	-0.031575900519841715	0.000213	0.0047
-6.532588966729487	Digital	-0.030167970519841707	0.000213	0.0047
-5.97484168256711	Digital	-0.028849926519841706	0.000213	0.0047
-5.332875043416332	Digital	-0.027431772519841708	0.000213	0.0047
-4.7331073069298455	Digital	-0.025816806519841713	0.000213	0.0047
-4.110145558614214	Digital	-0.024226548519841715	0.000213	0.0047
-3.514258904135237	Digital	-0.022343202519841714	0.000213	0.0047
-2.991864022965218	Digital	-0.020117352519841716	0.000213	0.0047
-2.340359452003491	Digital	-0.017775204519841714	0.000213	0.0047
-1.6664983898338455	Digital	-0.015567246519841718	0.000213	0.0047
-1.0257200633162102	Digital	-0.01293371451984171	0.000213	0.0047
-0.27951103497140606	Digital	-0.009226236519841722	0.000213	0.0047
1.2700048871095457	Digital	-0.0026453885198417207	0.000213	0.0047
2.6038715613285426	Digital	0.006024137480158288	0.000213	0.0047
3.2131355161872976	Digital	0.010685003480158281	0.000213	0.0047
3.837872158152301	Digital	0.014221655480158281	0.000213	0.0047
4.35558541183388	Digital	0.017179373480158282	0.000213	0.0047
4.928306237926317	Digital	0.019704701480158283	0.000213	0.0047
5.48883441942224	Digital	0.02181723548015829	0.000213	0.0047
6.076835128390691	Digital	0.02379770948015829	0.000213	0.0047
6.619882636689029	Digital	0.025812263480158287	0.000213	0.0047
7.1857290933819415	Digital	0.02769134948015828	0.000213	0.0047
7.734339362875235	Digital	0.029463509480158287	0.000213	0.0047
8.294180410093565	Digital	0.03106782548015828	0.000213	0.0047
8.935174297651365	Digital	0.03233219348015828	0.000213	0.0047
9.432083885117224	Digital	0.03382319348015828	0.000213	0.0047
9.992349145871394	Digital	0.035122493480158286	0.000213	0.0047
10.57304479804531	Digital	0.03614957948015828	0.000213	0.0047
11.155131754567044	Digital	0.03717325748015829	0.000213	0.0047
11.750131823344443	Digital	0.03816498548015829	0.000213	0.0047
12.298765893293988	Digital	0.03927002948015828	0.000213	0.0047
12.87148045011984	Digital	0.04032608348015829	0.000213	0.0047
13.446450934181236	Digital	0.04139960348015828	0.000213	0.0047
14.030697856090494	Digital	0.042449693480158285	0.000213	0.0047
14.62694253692784	Digital	0.04346868548015829	0.000213	0.0047
15.238184940709067	Digital	0.04444976348015829	0.000213	0.0047
15.856088606252284	Digital	0.04533286148015829	0.000213	0.0047
16.365871214947937	Digital	0.04629349148015829	0.000213	0.0047
16.924718412973682	Digital	0.04718042348015829	0.000213	0.0047
17.510567469577452	Digital	0.04811549348015829	0.000213	0.0047
18.107359922407646	Digital	0.04902585548015828	0.000213	0.0047
18.615001724718297	Digital	0.04998989348015829	0.000213	0.0047
19.186228997445568	Digital	0.050793585080158285	0.000213	0.0047
19.710001649730543	Digital	0.051710933480158296	0.000213	0.0047
20.25652338886098	Digital	0.05259956948015829	0.000213	0.0047
20.886158350737354	Digital	0.05334958508015829	0.000213	0.0047
21.446275997796178	Digital	0.05430527348015829	0.000213	0.0047
22.117491684070686	Digital	0.055019590280158286	0.000213	0.0047
22.687550019088285	Digital	0.05589378488015829	0.000213	0.0047
23.190818836292586	Digital	0.056877759680158284	0.000213	0.0047
23.772611607014756	Digital	0.05765290928015829	0.000213	0.0047
24.35514819238061	Digital	0.05838205088015829	0.000213	0.0047
24.91380599755663	Digital	0.05917125848015829	0.000213	0.0047
25.535088606252287	Digital	0.059913393080158285	0.000213	0.0047
26.127066867121847	Digital	0.060712952480158296	0.000213	0.0047
26.723224330211256	Digital	0.061386415880158286	0.000213	0.0047
27.25172433021125	Digital	0.06210950828015829	0.000213	0.0047
27.792474330211252	Digital	0.06281381408015829	0.000213	0.0047
28.321057663544586	Digital	0.06353677868015829	0.000213	0.0047
28.93934612148766	Digital	0.06411183608015829	0.000213	0.0047
29.443127371487655	Digital	0.06478828148015829	0.000213	0.0047
30.023408621487654	Digital	0.0653604420801583	0.000213	0.0047
30.630259311074433	Digital	0.06594363608015828	0.000213	0.0047
31.205259311074432	Digital	0.06657731108015828	0.000213	0.0047
31.812982915373446	Digital	0.06716506328015828	0.000213	0.0047
32.416320019445834	Digital	0.06776257088015829	0.000213	0.0047
32.96958206618564	Digital	0.0684356508801583	0.000213	0.0047
33.532959568300114	Digital	0.06909539708015829	0.000213	0.0047
34.14581550289273	Digital	0.06968038028015829	0.000213	0.0047
34.77934466991073	Digital	0.0702897732801583	0.000213	0.0047
35.41940265493127	Digital	0.0709244280801583	0.000213	0.0047
36.1196442591835	Digital	0.07145296628015829	0.000213	0.0047
36.68779756869876	Digital	0.07205839748015828	0.000213	0.0047
37.18048131785588	Digital	0.07269939968015829	0.000213	0.0047
37.79146967580456	Digital	0.0731908332801583	0.000213	0.0047
38.35710205354486	Digital	0.07373947868015829	0.000213	0.0047
38.87578887472529	Digital	0.07435705088015829	0.000213	0.0047
39.459900727283284	Digital	0.07491459968015829	0.000213	0.0047
39.985937931858224	Digital	0.0755497230801583	0.000213	0.0047
40.52355083508404	Digital	0.07616035148015829	0.000213	0.0047
41.070454060890484	Digital	0.07675871108015829	0.000213	0.0047
41.62193891706683	Digital	0.0773590728801583	0.000213	0.0047
42.2377166948446	Digital	0.07787466068015829	0.000213	0.0047
42.81478223347814	Digital	0.07842641588015828	0.000213	0.0047
43.37895172500357	Digital	0.07897412408015828	0.000213	0.0047
43.89610252958683	Digital	0.07958313368015829	0.000213	0.0047
44.501535862920164	Digital	0.08008738988015829	0.000213	0.0047
45.06440252958684	Digital	0.08064604628015828	0.000213	0.0047
45.65731396352804	Digital	0.08117360468015829	0.000213	0.0047
46.24141232418377	Digital	0.0817139856801583	0.000213	0.0047
46.83267409853828	Digital	0.08225389808015829	0.000213	0.0047
47.447576429981254	Digital	0.08277459788015828	0.000213	0.0047
48.0742620002396	Digital	0.0832793652801583	0.000213	0.0047
48.66788998435912	Digital	0.08384326148015829	0.000213	0.0047
49.28000842147757	Digital	0.08438457968015829	0.000213	0.0047
49.87455986516738	Digital	0.08493833708015829	0.000213	0.0047
50.44793691434771	Digital	0.08549264828015829	0.000213	0.0047
50.998769196253505	Digital	0.08607622568015828	0.000213	0.0047
51.59750252958683	Digital	0.08658904448015829	0.000213	0.0047
52.21233586292017	Digital	0.0870812874801583	0.000213	0.0047
52.79638753413865	Digital	0.08757817388015829	0.000213	0.0047
53.2696567649079	Digital	0.08816158088015828	0.000213	0.0047
53.84280889960017	Digital	0.08866783928015828	0.000213	0.0047
54.48481212540661	Digital	0.08914060982015828	0.000213	0.0047
55.13439922218081	Digital	0.08960336510015827	0.000213	0.0047
55.71045291875406	Digital	0.09010155506015827	0.000213	0.0047
56.20728368798481	Digital	0.09065886530015828	0.000213	0.0047
56.7727913802925	Digital	0.09114010898015829	0.000213	0.0047
57.32102984183098	Digital	0.09164048006015828	0.000213	0.0047
57.89722984183096	Digital	0.09210988094015829	0.000213	0.0047
58.4499144572156	Digital	0.09260532746015827	0.000213	0.0047
