-96.06730581826778	Digital	-0.10879997612305582	0.000213	0.0047
-95.57986966219974	Digital	-0.10832372814505582	0.000213	0.0047
-94.90080863794593	Digital	-0.10802552814505582	0.000213	0.0047
-94.28995663978532	Digital	-0.10768472814505582	0.000213	0.0047
-93.68739317413873	Digital	-0.10734392814505582	0.000213	0.0047
-93.07447063553747	Digital	-0.10700312814505583	0.000213	0.0047
-92.4233737713044	Digital	-0.10666232814505583	0.000213	0.0047
-91.79636866859605	Digital	-0.10629799590505583	0.000213	0.0047
-91.19254121766863	Digital	-0.10593000432505582	0.000213	0.0047
-90.59692637410811	Digital	-0.10557487368505583	0.000213	0.0047
-90.01270129484651	Digital	-0.10520735496505582	0.000213	0.0047
-89.32622830891299	Digital	-0.10487312814505582	0.000213	0.0047
-88.72584467719943	Digital	-0.10444712814505583	0.000213	0.0047
-88.09964312603569	Digital	-0.10406372814505582	0.000213	0.0047
-87.4722213674664	Digital	-0.10372292814505582	0.000213	0.0047
-86.89137188907594	Digital	-0.10333952814505583	0.000213	0.0047
-86.26381012907488	Digital	-0.10295612814505582	0.000213	0.0047
-85.6199073040373	Digital	-0.10257272814505583	0.000213	0.0047
-84.9760044789997	Digital	-0.10218932814505582	0.000213	0.0047
-84.35642860428206	Digital	-0.10180592814505582	0.000213	0.0047
-83.73861043790558	Digital	-0.10142252814505583	0.000213	0.0047
-83.12048018645652	Digital	-0.10103912814505582	0.000213	0.0047
-82.45931966125534	Digital	-0.10069832814505582	0.000213	0.0047
-81.84051407040401	Digital	-0.10031492814505583	0.000213	0.0047
-81.24082730231144	Digital	-0.09988892814505583	0.000213	0.0047
-80.58847872381949	Digital	-0.09950552814505582	0.000213	0.0047
-79.93613014532752	Digital	-0.09912212814505582	0.000213	0.0047
-79.37178023508807	Digital	-0.09871738554505581	0.000213	0.0047
-78.82179918524912	Digital	-0.09831272814505583	0.000213	0.0047
-78.21131654708506	Digital	-0.09792932814505582	0.000213	0.0047
-77.57436616386602	Digital	-0.09754592814505582	0.000213	0.0047
-76.97775462695597	Digital	-0.09711992814505582	0.000213	0.0047
-76.28558171999848	Digital	-0.09676553874505582	0.000213	0.0047
-75.64151392338832	Digital	-0.09635312814505582	0.000213	0.0047
-74.97240844156912	Digital	-0.09596972814505582	0.000213	0.0047
-74.35329923778323	Digital	-0.09558632814505583	0.000213	0.0047
-73.73873820994598	Digital	-0.09520292814505582	0.000213	0.0047
-73.15588795531636	Digital	-0.09477692814505582	0.000213	0.0047
-72.51567208483863	Digital	-0.09439352814505582	0.000213	0.0047
-71.87545621436092	Digital	-0.09401012814505583	0.000213	0.0047
-71.28009199062367	Digital	-0.09360538554505582	0.000213	0.0047
-70.74061484350551	Digital	-0.09315812814505582	0.000213	0.0047
-70.13006351195645	Digital	-0.09277472814505583	0.000213	0.0047
-69.5514532553301	Digital	-0.09234872814505582	0.000213	0.0047
-68.97284299870375	Digital	-0.09192272814505582	0.000213	0.0047
-68.40091123508475	Digital	-0.09145412814505582	0.000213	0.0047
-67.76866191259151	Digital	-0.09104947074505583	0.000213	0.0047
-67.16197341453969	Digital	-0.09060212814505582	0.000213	0.0047
-66.50578157488326	Digital	-0.09019291254505583	0.000213	0.0047
-65.89880233365206	Digital	-0.08972512194505583	0.000213	0.0047
-65.26998544661127	Digital	-0.08923892814505582	0.000213	0.0047
-64.66379047805782	Digital	-0.08870544834505582	0.000213	0.0047
-64.00911563788341	Digital	-0.08824012854505583	0.000213	0.0047
-63.46399752764719	Digital	-0.08774792814505583	0.000213	0.0047
-62.857698315048765	Digital	-0.08732192814505582	0.000213	0.0047
-62.22345617028837	Digital	-0.08688608754505582	0.000213	0.0047
-61.604003282750384	Digital	-0.08640607074505582	0.000213	0.0047
-60.97539808180477	Digital	-0.08593759854505581	0.000213	0.0047
-60.33409218052765	Digital	-0.08549012814505581	0.000213	0.0047
-59.71003203015171	Digital	-0.08502152814505581	0.000213	0.0047
-59.120891925799135	Digital	-0.08451032814505581	0.000213	0.0047
-58.499949697463514	Digital	-0.08404074834505582	0.000213	0.0047
-57.84303773047589	Digital	-0.08361572814505581	0.000213	0.0047
-57.2273747543054	Digital	-0.08316314574505582	0.000213	0.0047
-56.64403516706338	Digital	-0.08269011534505581	0.000213	0.0047
-56.072497769965864	Digital	-0.08219902254505582	0.000213	0.0047
-55.46262561087496	Digital	-0.08173101894505581	0.000213	0.0047
-54.850019076784044	Digital	-0.08126629554505582	0.000213	0.0047
-54.20474466014335	Digital	-0.08080412814505582	0.000213	0.0047
-53.54467049450676	Digital	-0.08033552814505582	0.000213	0.0047
-52.884596328870174	Digital	-0.07986692814505582	0.000213	0.0047
-52.17162767934286	Digital	-0.07948352814505581	0.000213	0.0047
-51.5362300261486	Digital	-0.07900700454505581	0.000213	0.0047
-50.92130173410166	Digital	-0.07850372814505581	0.000213	0.0047
-50.29462794907974	Digital	-0.07805634294505581	0.000213	0.0047
-49.749928495527826	Digital	-0.07752392814505582	0.000213	0.0047
-49.13990315298507	Digital	-0.07705532814505582	0.000213	0.0047
-48.529010054202935	Digital	-0.07656534294505582	0.000213	0.0047
-47.95181113674691	Digital	-0.07603292814505581	0.000213	0.0047
-47.34927584996023	Digital	-0.07550042814505581	0.000213	0.0047
-46.72789458222134	Digital	-0.07498897254505582	0.000213	0.0047
-46.1480991236226	Digital	-0.07441408554505581	0.000213	0.0047
-45.558841667749206	Digital	-0.07383911334505582	0.000213	0.0047
-44.95445944011683	Digital	-0.07328531334505581	0.000213	0.0047
-44.3170710804448	Digital	-0.07275272814505582	0.000213	0.0047
-43.67716903492477	Digital	-0.07222027074505581	0.000213	0.0047
-43.05351824745868	Digital	-0.07166642814505582	0.000213	0.0047
-42.41122316549147	Digital	-0.07115518554505582	0.000213	0.0047
-41.78377160066286	Digital	-0.07062272814505581	0.000213	0.0047
-41.17787855277034	Digital	-0.07004771334505581	0.000213	0.0047
-40.548134963026754	Digital	-0.0694940837450558	0.000213	0.0047
-39.918733253625035	Digital	-0.06893994294505582	0.000213	0.0047
-39.28442773205043	Digital	-0.06838622814505582	0.000213	0.0047
-38.662897033984834	Digital	-0.06781112814505581	0.000213	0.0047
-38.027635614794306	Digital	-0.06725732814505582	0.000213	0.0047
-37.41007187541753	Digital	-0.06668222814505581	0.000213	0.0047
-36.77834383009175	Digital	-0.06612842814505582	0.000213	0.0047
-36.13297885925588	Digital	-0.06557462814505581	0.000213	0.0047
-35.492691089471705	Digital	-0.06497822814505581	0.000213	0.0047
-34.82670958895783	Digital	-0.06442442814505582	0.000213	0.0047
-34.242667172317425	Digital	-0.06378542814505582	0.000213	0.0047
-33.624795332223364	Digital	-0.06323162814505581	0.000213	0.0047
-33.063097296139965	Digital	-0.06259262814505581	0.000213	0.0047
-32.472354987362095	Digital	-0.06197492814505581	0.000213	0.0047
-31.909837346944364	Digital	-0.06131462814505582	0.000213	0.0047
-31.229766350672563	Digital	-0.06078212814505582	0.000213	0.0047
-30.661865116104664	Digital	-0.060036628145055816	0.000213	0.0047
-30.02869312532393	Digital	-0.059397628145055816	0.000213	0.0047
-29.369352465983273	Digital	-0.05873732814505581	0.000213	0.0047
-28.710011806642612	Digital	-0.05807702814505582	0.000213	0.0047
-28.039249372308333	Digital	-0.057454216145055824	0.000213	0.0047
-27.476474041911864	Digital	-0.056777728145055814	0.000213	0.0047
-26.9170026762731	Digital	-0.05609612814505582	0.000213	0.0047
-26.32837997539521	Digital	-0.055286728145055815	0.000213	0.0047
-25.677599367342623	Digital	-0.054562528145055814	0.000213	0.0047
-25.006907917753537	Digital	-0.053880928145055816	0.000213	0.0047
-24.41387151712048	Digital	-0.05311412814505582	0.000213	0.0047
-23.76973857567802	Digital	-0.05244360414505582	0.000213	0.0047
-23.145240668393996	Digital	-0.05169128814505581	0.000213	0.0047
-22.458044243291994	Digital	-0.05100542814505581	0.000213	0.0047
-21.768904938842798	Digital	-0.050323828145055816	0.000213	0.0047
-21.115955875590252	Digital	-0.049599628145055814	0.000213	0.0047
-20.53612394281714	Digital	-0.048811528145055814	0.000213	0.0047
-19.979003797461704	Digital	-0.04798082814505582	0.000213	0.0047
-19.312764003907994	Digital	-0.04725194214505582	0.000213	0.0047
-18.73575917299012	Digital	-0.04631942814505582	0.000213	0.0047
-18.101710030600437	Digital	-0.045510028145055816	0.000213	0.0047
-17.479288334649326	Digital	-0.044667826145055815	0.000213	0.0047
-16.865842956498064	Digital	-0.04380560214505582	0.000213	0.0047
-16.239939287290547	Digital	-0.042889702145055816	0.000213	0.0047
-15.56299580975035	Digital	-0.04205942814505582	0.000213	0.0047
-14.913236154520781	Digital	-0.04115929014505581	0.000213	0.0047
-14.261901915818688	Digital	-0.04024211214505581	0.000213	0.0047
-13.610985811672112	Digital	-0.03931684014505581	0.000213	0.0047
-12.966498508554144	Digital	-0.03837452814505582	0.000213	0.0047
-12.38588558342516	Digital	-0.037288228145055814	0.000213	0.0047
-11.773163104849022	Digital	-0.036287128145055816	0.000213	0.0047
-11.157882727167031	Digital	-0.03526472814505582	0.000213	0.0047
-10.535794187910515	Digital	-0.034221028145055815	0.000213	0.0047
-9.952268042607415	Digital	-0.03307082814505582	0.000213	0.0047
-9.322819665615537	Digital	-0.03187802814505582	0.000213	0.0047
-8.704802815323896	Digital	-0.030622606145055815	0.000213	0.0047
-8.084671401945538	Digital	-0.02937016614505582	0.000213	0.0047
-7.469719325268224	Digital	-0.028086628145055817	0.000213	0.0047
-6.920070762967905	Digital	-0.026585404145055818	0.000213	0.0047
-6.302991855482404	Digital	-0.025125928145055817	0.000213	0.0047
-5.702862027504476	Digital	-0.023551432145055815	0.000213	0.0047
-5.111494228007874	Digital	-0.021803128145055816	0.000213	0.0047
-4.489286606457283	Digital	-0.019843528145055817	0.000213	0.0047
-3.911757040097233	Digital	-0.017652184145055816	0.000213	0.0047
-3.425975540797501	Digital	-0.015270844145055812	0.000213	0.0047
-3.0087782387834423	Digital	-0.012639016145055823	0.000213	0.0047
-2.727989596738257	Digital	-0.009391192145055814	0.000213	0.0047
-2.2203891708063557	Digital	-0.00579532614505582	0.000213	0.0047
-0.6436750493803345	Digital	-0.00124820214505581	0.000213	0.0047
0.4848493587570344	Digital	0.00811357385494418	0.000213	0.0047
1.073499872299486	Digital	0.012532471854944181	0.000213	0.0047
1.552525946498612	Digital	0.01660077185494418	0.000213	0.0047
2.2119445511497755	Digital	0.01909627985494418	0.000213	0.0047
2.892852153053699	Digital	0.021140653854944187	0.000213	0.0047
3.512673813837649	Digital	0.022884271854944183	0.000213	0.0047
4.136489529981063	Digital	0.02460957185494418	0.000213	0.0047
4.768626606578799	Digital	0.026242003854944188	0.000213	0.0047
5.365336037584579	Digital	0.02799627185494418	0.000213	0.0047
6.027465114070722	Digital	0.029465971854944182	0.000213	0.0047
6.658766821240007	Digital	0.03091437185494418	0.000213	0.0047
7.347018844867222	Digital	0.032128471854944184	0.000213	0.0047
8.057147919467965	Digital	0.03325737185494418	0.000213	0.0047
8.71648800811711	Digital	0.03442887185494418	0.000213	0.0047
9.417391660910797	Digital	0.03542997185494418	0.000213	0.0047
10.137386569909141	Digital	0.03636717185494418	0.000213	0.0047
10.846778675062604	Digital	0.03721917185494418	0.000213	0.0047
11.505566957352885	Digital	0.03809247185494418	0.000213	0.0047
12.131066291573926	Digital	0.03905097185494418	0.000213	0.0047
12.713680092289799	Digital	0.04007337185494418	0.000213	0.0047
13.331932933198887	Digital	0.04098927185494418	0.000213	0.0047
13.976023191878076	Digital	0.04184127185494418	0.000213	0.0047
14.590348260748598	Digital	0.04273587185494418	0.000213	0.0047
15.232221538985511	Digital	0.04356657185494418	0.000213	0.0047
15.878681556948061	Digital	0.04441857185494418	0.000213	0.0047
16.515824885333352	Digital	0.04535577185494418	0.000213	0.0047
17.20244866893883	Digital	0.04616517185494418	0.000213	0.0047
17.8738237291804	Digital	0.04695327185494418	0.000213	0.0047
18.488740632301607	Digital	0.04776267185494418	0.000213	0.0047
19.103657535422805	Digital	0.04857207185494418	0.000213	0.0047
19.729849066624624	Digital	0.04940277185494418	0.000213	0.0047
20.38243122624904	Digital	0.05019087185494418	0.000213	0.0047
21.06318239995796	Digital	0.05091507185494418	0.000213	0.0047
21.779476798717027	Digital	0.05166057185494418	0.000213	0.0047
22.545467438342612	Digital	0.05229957185494418	0.000213	0.0047
23.280256829918276	Digital	0.05302377185494418	0.000213	0.0047
24.014890215253686	Digital	0.05374839785494419	0.000213	0.0047
24.640143165735495	Digital	0.05456674385494417	0.000213	0.0047
25.269948014937142	Digital	0.05536677185494418	0.000213	0.0047
25.90740780210239	Digital	0.05613357185494418	0.000213	0.0047
26.536225006403463	Digital	0.05686884785494419	0.000213	0.0047
27.15471963005938	Digital	0.05762457185494418	0.000213	0.0047
27.756612938896385	Digital	0.05836921985494418	0.000213	0.0047
28.36569954561669	Digital	0.05907297185494418	0.000213	0.0047
28.974915134303295	Digital	0.05977587185494418	0.000213	0.0047
29.59103797499427	Digital	0.06045747185494418	0.000213	0.0047
30.231153138142055	Digital	0.06109647185494418	0.000213	0.0047
30.907941481251747	Digital	0.06167157185494418	0.000213	0.0047
31.550713569844273	Digital	0.06231057185494418	0.000213	0.0047
32.20515510354278	Digital	0.06292869785494419	0.000213	0.0047
32.87829412875091	Digital	0.06350337185494417	0.000213	0.0047
33.566511802240676	Digital	0.06403544585494417	0.000213	0.0047
34.229267668441366	Digital	0.06461097185494417	0.000213	0.0047
34.913904513055336	Digital	0.06514347185494418	0.000213	0.0047
35.589313497734636	Digital	0.06567597185494418	0.000213	0.0047
36.264722482413944	Digital	0.06620847185494418	0.000213	0.0047
36.892537802267924	Digital	0.06678357185494418	0.000213	0.0047
37.43740126130564	Digital	0.06737997185494418	0.000213	0.0047
38.01477447326923	Digital	0.06793377185494417	0.000213	0.0047
38.57585928653821	Digital	0.06853059785494418	0.000213	0.0047
39.10683550681356	Digital	0.06916917185494419	0.000213	0.0047
39.66234331093337	Digital	0.06976557185494418	0.000213	0.0047
40.19982337472922	Digital	0.07038327185494418	0.000213	0.0047
40.82800469112224	Digital	0.07087317185494418	0.000213	0.0047
41.41736080150332	Digital	0.07140567185494417	0.000213	0.0047
41.958858774142946	Digital	0.07200207185494419	0.000213	0.0047
42.56190736099592	Digital	0.07253457185494418	0.000213	0.0047
43.18083400437476	Digital	0.07304577185494418	0.000213	0.0047
43.81606656210165	Digital	0.07357827185494419	0.000213	0.0047
44.478228724263815	Digital	0.07411077185494418	0.000213	0.0047
45.15390439993949	Digital	0.07462197185494418	0.000213	0.0047
45.77862008478064	Digital	0.07517577185494417	0.000213	0.0047
46.4301352362958	Digital	0.07566567185494417	0.000213	0.0047
47.06649887265943	Digital	0.07617687185494418	0.000213	0.0047
47.7317568644439	Digital	0.07662459785494419	0.000213	0.0047
48.312079445089054	Digital	0.07717882385494419	0.000213	0.0047
48.97401492896004	Digital	0.07762527185494418	0.000213	0.0047
49.58756331605683	Digital	0.07813561985494416	0.000213	0.0047
50.23207944508907	Digital	0.07860507185494418	0.000213	0.0047
50.85404958636478	Digital	0.07909497185494418	0.000213	0.0047
51.498117382974954	Digital	0.07954227185494418	0.000213	0.0047
52.125236027042746	Digital	0.08001087185494418	0.000213	0.0047
52.70857764202671	Digital	0.08052207185494419	0.000213	0.0047
53.30506887009688	Digital	0.08101197185494417	0.000213	0.0047
53.97314875992537	Digital	0.08141667185494418	0.000213	0.0047
54.58981542659204	Digital	0.08190657185494418	0.000213	0.0047
55.20648209325871	Digital	0.08239647185494418	0.000213	0.0047
