-99.07304054981495	Digital	-0.11069969069592785	0.000213	0.0047
-98.42070303089801	Digital	-0.11033759069592786	0.000213	0.0047
-97.72746404361837	Digital	-0.11001809069592786	0.000213	0.0047
-97.06532612043324	Digital	-0.10967729069592785	0.000213	0.0047
-96.48070998399187	Digital	-0.10931519069592785	0.000213	0.0047
-95.87165950263528	Digital	-0.10897439069592785	0.000213	0.0047
-95.24637881813882	Digital	-0.10863359069592785	0.000213	0.0047
-94.6360904315449	Digital	-0.10827149069592786	0.000213	0.0047
-94.02795809043796	Digital	-0.10790939069592785	0.000213	0.0047
-93.42539462479138	Digital	-0.10756859069592785	0.000213	0.0047
-92.79799137574771	Digital	-0.10724909069592785	0.000213	0.0047
-92.19336946235885	Digital	-0.10688699069592786	0.000213	0.0047
-91.54227259812578	Digital	-0.10654619069592786	0.000213	0.0047
-90.93478862586358	Digital	-0.10616279069592785	0.000213	0.0047
-90.26702732973203	Digital	-0.10586459069592785	0.000213	0.0047
-89.65509427127945	Digital	-0.10552379069592785	0.000213	0.0047
-89.03555660175934	Digital	-0.10518299069592785	0.000213	0.0047
-88.29530724114554	Digital	-0.10490609069592785	0.000213	0.0047
-87.69492360943198	Digital	-0.10448009069592785	0.000213	0.0047
-87.04032080860776	Digital	-0.10411799069592785	0.000213	0.0047
-86.4594713302173	Digital	-0.10373459069592786	0.000213	0.0047
-85.87862185182684	Digital	-0.10335119069592785	0.000213	0.0047
-85.25297809616308	Digital	-0.10296779069592785	0.000213	0.0047
-84.58929209473868	Digital	-0.10260569069592786	0.000213	0.0047
-84.00508592307213	Digital	-0.10215839069592784	0.000213	0.0047
-83.34480310851524	Digital	-0.10181759069592786	0.000213	0.0047
-82.68452029395837	Digital	-0.10147679069592785	0.000213	0.0047
-82.06652979256356	Digital	-0.10109339069592785	0.000213	0.0047
-81.42654673453731	Digital	-0.10073129069592786	0.000213	0.0047
-80.8289186108609	Digital	-0.10032659069592785	0.000213	0.0047
-80.26888011443239	Digital	-0.09985799069592785	0.000213	0.0047
-79.5392756644942	Digital	-0.09955979069592785	0.000213	0.0047
-78.84829915027913	Digital	-0.09921899069592785	0.000213	0.0047
-78.24032444582272	Digital	-0.09883559069592786	0.000213	0.0047
-77.66670307004102	Digital	-0.09845219069592785	0.000213	0.0047
-77.13976476008172	Digital	-0.09800489069592785	0.000213	0.0047
-76.54315322317167	Digital	-0.09757889069592786	0.000213	0.0047
-75.86989787827454	Digital	-0.09723383069592784	0.000213	0.0047
-75.22702189059987	Digital	-0.09683339069592785	0.000213	0.0047
-74.53953337999286	Digital	-0.09647129069592786	0.000213	0.0047
-73.96234304211279	Digital	-0.09598139069592786	0.000213	0.0047
-73.34157466391545	Digital	-0.09559799069592785	0.000213	0.0047
-72.83408001723451	Digital	-0.09510809069592785	0.000213	0.0047
-72.22489579861787	Digital	-0.09470339069592786	0.000213	0.0047
-71.58467992814013	Digital	-0.09431999069592785	0.000213	0.0047
-70.98444007205379	Digital	-0.09389399069592785	0.000213	0.0047
-70.37769841224781	Digital	-0.09351059069592785	0.000213	0.0047
-69.81633338022746	Digital	-0.09308459069592785	0.000213	0.0047
-69.24494409853887	Digital	-0.09265859069592786	0.000213	0.0047
-68.70847281624988	Digital	-0.09218999069592786	0.000213	0.0047
-68.08059498267232	Digital	-0.09180659069592785	0.000213	0.0047
-67.46774171128246	Digital	-0.09138059069592785	0.000213	0.0047
-66.8355311034621	Digital	-0.09097589069592785	0.000213	0.0047
-66.24165241239892	Digital	-0.09050729069592785	0.000213	0.0047
-65.59956221912762	Digital	-0.09008129069592785	0.000213	0.0047
-64.95747202585632	Digital	-0.08965529069592786	0.000213	0.0047
-64.2770996352964	Digital	-0.08922929069592785	0.000213	0.0047
-63.62301158498194	Digital	-0.08876069069592785	0.000213	0.0047
-62.95320026422723	Digital	-0.08831339069592785	0.000213	0.0047
-62.335108992221485	Digital	-0.08788739069592785	0.000213	0.0047
-61.76817985836322	Digital	-0.08741879069592785	0.000213	0.0047
-61.155750368200806	Digital	-0.08697149069592784	0.000213	0.0047
-60.54413267147673	Digital	-0.08648159069592784	0.000213	0.0047
-59.8818564134558	Digital	-0.08605559069592784	0.000213	0.0047
-59.256383062283874	Digital	-0.08558699069592784	0.000213	0.0047
-58.632322911907934	Digital	-0.08511839069592785	0.000213	0.0047
-57.97408641156617	Digital	-0.08469239069592785	0.000213	0.0047
-57.35219286115633	Digital	-0.08422379069592784	0.000213	0.0047
-56.74765365895551	Digital	-0.08373389069592785	0.000213	0.0047
-56.15616391753944	Digital	-0.08324399069592785	0.000213	0.0047
-55.60644534343062	Digital	-0.08273279069592784	0.000213	0.0047
-55.03592927565433	Digital	-0.08224289069592784	0.000213	0.0047
-54.42655427565433	Digital	-0.08177429069592784	0.000213	0.0047
-53.85269063929069	Digital	-0.08126309069592784	0.000213	0.0047
-53.16538221268313	Digital	-0.08085839069592785	0.000213	0.0047
-52.55166156991427	Digital	-0.08032589069592784	0.000213	0.0047
-51.87613622998845	Digital	-0.07987859069592784	0.000213	0.0047
-51.29308241207386	Digital	-0.07932479069592785	0.000213	0.0047
-50.651622177393286	Digital	-0.07885619069592784	0.000213	0.0047
-50.01135768314849	Digital	-0.07838759069592784	0.000213	0.0047
-49.466731089341565	Digital	-0.07785509069592784	0.000213	0.0047
-48.84924475054375	Digital	-0.07740779069592785	0.000213	0.0047
-48.21521543986556	Digital	-0.07696049069592785	0.000213	0.0047
-47.60425468208477	Digital	-0.07647059069592785	0.000213	0.0047
-46.97637917464229	Digital	-0.07600199069592785	0.000213	0.0047
-46.387946023412994	Digital	-0.07544819069592784	0.000213	0.0047
-45.71907185122756	Digital	-0.07500089069592784	0.000213	0.0047
-45.10930518570986	Digital	-0.07446839069592784	0.000213	0.0047
-44.47449082174151	Digital	-0.07395719069592785	0.000213	0.0047
-43.83967645777316	Digital	-0.07344599069592785	0.000213	0.0047
-43.193943197995566	Digital	-0.07293479069592784	0.000213	0.0047
-42.52525982144702	Digital	-0.07244489069592784	0.000213	0.0047
-41.91419672723786	Digital	-0.07186979069592785	0.000213	0.0047
-41.26890516847767	Digital	-0.07135859069592784	0.000213	0.0047
-40.6563865395656	Digital	-0.07080479069592785	0.000213	0.0047
-39.99915852168185	Digital	-0.07031489069592785	0.000213	0.0047
-39.35532103710615	Digital	-0.06978239069592784	0.000213	0.0047
-38.72569140747652	Digital	-0.06922859069592785	0.000213	0.0047
-38.12256149151741	Digital	-0.06863219069592784	0.000213	0.0047
-37.501030793451804	Digital	-0.06805709069592784	0.000213	0.0047
-36.879500095386206	Digital	-0.06748199069592785	0.000213	0.0047
-36.308831966074386	Digital	-0.06683447069592785	0.000213	0.0047
-35.71393111621603	Digital	-0.06622529069592785	0.000213	0.0047
-35.190179044255544	Digital	-0.06547979069592784	0.000213	0.0047
-34.52419754374168	Digital	-0.06492599069592785	0.000213	0.0047
-33.8068285817684	Digital	-0.06445739069592785	0.000213	0.0047
-33.26401435633234	Digital	-0.06375449069592784	0.000213	0.0047
-32.74902317467449	Digital	-0.06305159069592785	0.000213	0.0047
-32.18238127017855	Digital	-0.06241259069592784	0.000213	0.0047
-31.59163896140068	Digital	-0.06179489069592784	0.000213	0.0047
-31.00078440499817	Digital	-0.06117719069592784	0.000213	0.0047
-30.395846133393235	Digital	-0.060495590695927845	0.000213	0.0047
-29.803253540800643	Digital	-0.059792690695927846	0.000213	0.0047
-29.1765223824709	Digital	-0.05911109069592784	0.000213	0.0047
-28.49520370115222	Digital	-0.05849339069592784	0.000213	0.0047
-27.868830074778593	Digital	-0.05776919069592784	0.000213	0.0047
-27.317504636630673	Digital	-0.057023690695927845	0.000213	0.0047
-26.771799790815695	Digital	-0.056320790695927846	0.000213	0.0047
-26.168688751076953	Digital	-0.055617890695927846	0.000213	0.0047
-25.507636984437674	Digital	-0.05491499069592784	0.000213	0.0047
-24.852747912950413	Digital	-0.05419931069592784	0.000213	0.0047
-24.21550459874352	Digital	-0.053487890695927846	0.000213	0.0047
-23.622468198110468	Digital	-0.05272109069592784	0.000213	0.0047
-23.005862995967085	Digital	-0.05199689069592784	0.000213	0.0047
-22.326438088253855	Digital	-0.05129399069592784	0.000213	0.0047
-21.7052995609564	Digital	-0.050463290695927844	0.000213	0.0047
-21.030246840845468	Digital	-0.049760390695927845	0.000213	0.0047
-20.439059014363522	Digital	-0.04899359069592785	0.000213	0.0047
-19.84787118788158	Digital	-0.04822679069592784	0.000213	0.0047
-19.20872982420147	Digital	-0.047481290695927846	0.000213	0.0047
-18.575879582655574	Digital	-0.046671890695927844	0.000213	0.0047
-17.952691176858472	Digital	-0.04584119069592785	0.000213	0.0047
-17.306565477510045	Digital	-0.04505309069592785	0.000213	0.0047
-16.678987173461152	Digital	-0.04422239069592784	0.000213	0.0047
-16.052905161651346	Digital	-0.04337039069592785	0.000213	0.0047
-15.376127439125238	Digital	-0.04253969069592785	0.000213	0.0047
-14.732500719416969	Digital	-0.04162379069592785	0.000213	0.0047
-14.070102352980163	Digital	-0.04075049069592785	0.000213	0.0047
-13.415650408267853	Digital	-0.039834590695927846	0.000213	0.0047
-12.785306467412823	Digital	-0.03885479069592785	0.000213	0.0047
-12.134175484548877	Digital	-0.037938890695927846	0.000213	0.0047
-11.521453005972738	Digital	-0.03693779069592785	0.000213	0.0047
-10.925210421925275	Digital	-0.03589409069592785	0.000213	0.0047
-10.323334388437846	Digital	-0.03480779069592785	0.000213	0.0047
-9.732095764344063	Digital	-0.033678890695927846	0.000213	0.0047
-9.124844697374279	Digital	-0.03252869069592785	0.000213	0.0047
-8.491662584606946	Digital	-0.031323110695927844	0.000213	0.0047
-7.81829900716041	Digital	-0.03024959069592785	0.000213	0.0047
-7.236188733577324	Digital	-0.02886509069592785	0.000213	0.0047
-6.619575315046973	Digital	-0.027587090695927848	0.000213	0.0047
-6.056602492723419	Digital	-0.02609609069592785	0.000213	0.0047
-5.388745736259066	Digital	-0.024788270695927858	0.000213	0.0047
-4.8031133658165714	Digital	-0.02315669069592785	0.000213	0.0047
-4.1691998061960085	Digital	-0.02150381069592784	0.000213	0.0047
-3.4968936301119062	Digital	-0.019804070695927857	0.000213	0.0047
-2.946138045355011	Digital	-0.017473850695927846	0.000213	0.0047
-2.443769335431593	Digital	-0.01519049069592785	0.000213	0.0047
-2.009780372646818	Digital	-0.01263449069592785	0.000213	0.0047
-1.7257843347240787	Digital	-0.009401150695927845	0.000213	0.0047
-1.719878527986778	Digital	-0.000429590695927849	0.000213	0.0047
-1.435268939217298	Digital	0.007255449304072155	0.000213	0.0047
-0.7691706721752221	Digital	0.010842369304072147	0.000213	0.0047
-0.08192888606061466	Digital	0.013922349304072153	0.000213	0.0047
0.5564432069626424	Digital	0.016572069304072144	0.000213	0.0047
1.2331873930091533	Digital	0.01894062930407215	0.000213	0.0047
1.9183376518444586	Digital	0.021023769304072147	0.000213	0.0047
2.5328648671519076	Digital	0.022791669304072146	0.000213	0.0047
3.1511074827937415	Digital	0.02454252930407215	0.000213	0.0047
3.7783589422933535	Digital	0.026199669304072144	0.000213	0.0047
4.437550010748939	Digital	0.027682149304072153	0.000213	0.0047
5.027208222481387	Digital	0.029467089304072148	0.000213	0.0047
5.648635217650124	Digital	0.03095382930407215	0.000213	0.0047
6.311728632657782	Digital	0.03226590930407215	0.000213	0.0047
6.993613740582594	Digital	0.03350130930407215	0.000213	0.0047
7.630879872694086	Digital	0.03471540930407215	0.000213	0.0047
8.280873508942015	Digital	0.03588690930407215	0.000213	0.0047
9.0135959220768	Digital	0.036781509304072146	0.000213	0.0047
9.651601724327135	Digital	0.037718709304072146	0.000213	0.0047
10.273439274260559	Digital	0.03868658130407215	0.000213	0.0047
10.96019587353648	Digital	0.03948192330407215	0.000213	0.0047
11.514528259900112	Digital	0.04055118330407215	0.000213	0.0047
12.134734225809202	Digital	0.04146239730407215	0.000213	0.0047
12.72742390445499	Digital	0.04241791530407215	0.000213	0.0047
13.346340341553244	Digital	0.043301865304072144	0.000213	0.0047
13.97589034467382	Digital	0.044167497304072156	0.000213	0.0047
14.644866099250764	Digital	0.045022479304072154	0.000213	0.0047
15.318295094797524	Digital	0.045865959304072154	0.000213	0.0047
15.993883899423876	Digital	0.04670091930407215	0.000213	0.0047
16.601707166549936	Digital	0.04752522930407216	0.000213	0.0047
17.1973699148272	Digital	0.048375099304072154	0.000213	0.0047
17.814614677888713	Digital	0.049210485304072155	0.000213	0.0047
18.422126414977917	Digital	0.050100825304072144	0.000213	0.0047
19.134051297607023	Digital	0.050754309304072154	0.000213	0.0047
19.830549634907555	Digital	0.05152110930407215	0.000213	0.0047
20.548958371257008	Digital	0.05229003930407215	0.000213	0.0047
21.268459151288212	Digital	0.053055987304072155	0.000213	0.0047
22.020097216810832	Digital	0.053734179304072156	0.000213	0.0047
22.65441024241227	Digital	0.054535911304072156	0.000213	0.0047
23.275147478761564	Digital	0.055355535304072154	0.000213	0.0047
23.97953186231342	Digital	0.05599070130407215	0.000213	0.0047
24.599101754786535	Digital	0.056744295304072156	0.000213	0.0047
25.221897453711268	Digital	0.05749149930407216	0.000213	0.0047
25.833370364353385	Digital	0.05823103530407215	0.000213	0.0047
26.441037188773645	Digital	0.05893734330407215	0.000213	0.0047
27.100289436762285	Digital	0.05955078330407215	0.000213	0.0047
27.66406505752337	Digital	0.060327807304072154	0.000213	0.0047
28.29938175617979	Digital	0.06097532730407216	0.000213	0.0047
28.955661624138454	Digital	0.06158621130407215	0.000213	0.0047
29.564854289058676	Digital	0.062285277304072156	0.000213	0.0047
30.207388225710268	Digital	0.06292470330407215	0.000213	0.0047
30.848433140229012	Digital	0.06355433130407215	0.000213	0.0047
31.498208477223514	Digital	0.06415200930407215	0.000213	0.0047
32.160465092300896	Digital	0.06472838730407215	0.000213	0.0047
32.80649783426574	Digital	0.06531967530407215	0.000213	0.0047
33.45853626584196	Digital	0.06589051530407215	0.000213	0.0047
34.14407249019927	Digital	0.06640640130407216	0.000213	0.0047
34.72263431721632	Digital	0.06700620930407215	0.000213	0.0047
35.369903497970554	Digital	0.06746841930407214	0.000213	0.0047
35.961146170136864	Digital	0.06800603130407215	0.000213	0.0047
36.56784203997417	Digital	0.06854151330407215	0.000213	0.0047
37.172973454242	Digital	0.06907912530407216	0.000213	0.0047
37.755605473606835	Digital	0.06964101930407215	0.000213	0.0047
38.30010308126232	Digital	0.07024934730407216	0.000213	0.0047
38.87116398152345	Digital	0.07081720530407215	0.000213	0.0047
39.5032270564249	Digital	0.07129432530407216	0.000213	0.0047
40.091597621470896	Digital	0.07182810330407216	0.000213	0.0047
40.68397051754761	Digital	0.07237082730407216	0.000213	0.0047
41.30226203866542	Digital	0.07288287930407215	0.000213	0.0047
41.961033286420914	Digital	0.07334977530407216	0.000213	0.0047
42.60724950263713	Digital	0.07390740930407215	0.000213	0.0047
43.29454679993444	Digital	0.07440029130407215	0.000213	0.0047
43.935400957502246	Digital	0.07495536930407215	0.000213	0.0047
44.54055247265376	Digital	0.07551044730407215	0.000213	0.0047
45.19176459386588	Digital	0.07600077330407215	0.000213	0.0047
45.756233277341096	Digital	0.07659227430407216	0.000213	0.0047
46.37739456766368	Digital	0.07709256870407215	0.000213	0.0047
46.97523327734109	Digital	0.07762366290407216	0.000213	0.0047
47.613394567663676	Digital	0.07810150710407215	0.000213	0.0047
48.251104245083035	Digital	0.07857994770407215	0.000213	0.0047
48.86255022364658	Digital	0.07908428910407214	0.000213	0.0047
49.43214344398556	Digital	0.07962518130407216	0.000213	0.0047
50.03282141008725	Digital	0.08012700930407216	0.000213	0.0047
98.68309584552891	Digital	0.08055300930407215	0.000213	0.0047
