-42.15024682730194	Digital	-0.08605111931005405	0.000213	0.002665032280749734
-41.50991720828212	Digital	-0.08542399732738906	0.000213	0.002665032280749734
-40.906994533125655	Digital	-0.08472625718238906	0.000213	0.002665032280749734
-40.24921871066037	Digital	-0.08412025732453905	0.000213	0.002665032280749734
-39.60201169200789	Digital	-0.08349093461928905	0.000213	0.002665032280749734
-38.98166987229155	Digital	-0.08280834203913906	0.000213	0.002665032280749734
-38.3441261492262	Digital	-0.08215138104303905	0.000213	0.002665032280749734
-37.732111468229064	Digital	-0.08144227126588906	0.000213	0.002665032280749734
-37.0676006920979	Digital	-0.08082408783103905	0.000213	0.002665032280749734
-36.4110245234131	Digital	-0.08018634412403906	0.000213	0.002665032280749734
-35.83540202918455	Digital	-0.07939118655453906	0.000213	0.002665032280749734
-35.173490966983884	Digital	-0.07875195829403905	0.000213	0.002665032280749734
-34.574668805439735	Digital	-0.07798664536903906	0.000213	0.002665032280749734
-33.872542073435696	Digital	-0.07741350533503906	0.000213	0.002665032280749734
-33.20450879759093	Digital	-0.07676972103103906	0.000213	0.002665032280749734
-32.620611958158605	Digital	-0.07595505950003906	0.000213	0.002665032280749734
-31.988355098441268	Digital	-0.07522773066803906	0.000213	0.002665032280749734
-31.347251361767807	Digital	-0.07451104966803905	0.000213	0.002665032280749734
-30.71332062235176	Digital	-0.07377286823803905	0.000213	0.002665032280749734
-30.06974079644949	Digital	-0.07304697276803905	0.000213	0.002665032280749734
-29.473756119559233	Digital	-0.07221531565903906	0.000213	0.002665032280749734
-28.842283799144735	Digital	-0.07144826222303906	0.000213	0.002665032280749734
-28.23157354949119	Digital	-0.07062894226553905	0.000213	0.002665032280749734
-27.572768474337437	Digital	-0.06990294441253905	0.000213	0.002665032280749734
-26.94606261621872	Digital	-0.06909990335203905	0.000213	0.002665032280749734
-26.342411638022767	Digital	-0.06823691704503905	0.000213	0.002665032280749734
-25.6988325223394	Digital	-0.06745143466903906	0.000213	0.002665032280749734
-25.112415189395346	Digital	-0.06652834954103906	0.000213	0.002665032280749734
-24.471647815656105	Digital	-0.06571604281903905	0.000213	0.002665032280749734
-23.887197360570426	Digital	-0.06476367615303905	0.000213	0.002665032280749734
-23.24800248415935	Digital	-0.06392526176603905	0.000213	0.002665032280749734
-22.60933058826673	Digital	-0.06307445903603905	0.000213	0.002665032280749734
-21.953669467756498	Digital	-0.062252835461039054	0.000213	0.002665032280749734
-21.32361238810068	Digital	-0.061357854466539054	0.000213	0.002665032280749734
-20.676041908666306	Digital	-0.06049292288253905	0.000213	0.002665032280749734
-20.039118757199176	Digital	-0.059588727418039056	0.000213	0.002665032280749734
-19.410162728131475	Digital	-0.05865028484003905	0.000213	0.002665032280749734
-18.792023691262767	Digital	-0.057668534253039055	0.000213	0.002665032280749734
-18.1736068569803	Digital	-0.05667050476903905	0.000213	0.002665032280749734
-17.496599898478422	Digital	-0.05581176735653906	0.000213	0.002665032280749734
-16.919869991672126	Digital	-0.054665999203539054	0.000213	0.002665032280749734
-16.244918677462927	Digital	-0.053769533655539055	0.000213	0.002665032280749734
-15.682110921636715	Digital	-0.052539657868039054	0.000213	0.002665032280749734
-15.008351572444933	Digital	-0.05160280222653905	0.000213	0.002665032280749734
-14.400206759823515	Digital	-0.05045452569003905	0.000213	0.002665032280749734
-13.74330639177784	Digital	-0.04942721466803905	0.000213	0.002665032280749734
-13.106099229273962	Digital	-0.04831717818203905	0.000213	0.002665032280749734
-12.494193940579835	Digital	-0.04710076575903905	0.000213	0.002665032280749734
-11.849391869590058	Digital	-0.04595924650053905	0.000213	0.002665032280749734
-11.225834879811124	Digital	-0.04471764785953905	0.000213	0.002665032280749734
-10.583316563529216	Digital	-0.043505791480039045	0.000213	0.002665032280749734
-9.964214796517222	Digital	-0.04217624584203905	0.000213	0.002665032280749734
-9.303662706112835	Digital	-0.04095502141803905	0.000213	0.002665032280749734
-8.696126977871034	Digital	-0.03949601247653905	0.000213	0.002665032280749734
-8.067606624769374	Digital	-0.03806352073203905	0.000213	0.002665032280749734
-7.43302026794916	Digital	-0.03659975098103905	0.000213	0.002665032280749734
-6.798500478278767	Digital	-0.03507465381303905	0.000213	0.002665032280749734
-6.152650190763134	Digital	-0.03353071817303905	0.000213	0.002665032280749734
-5.548752655160484	Digital	-0.03171495566803905	0.000213	0.002665032280749734
-4.907741768950061	Digital	-0.02997444466803905	0.000213	0.002665032280749734
-4.316366504604797	Digital	-0.02786125954803905	0.000213	0.002665032280749734
-3.6636403227466645	Digital	-0.02593031616803905	0.000213	0.002665032280749734
-3.093451522621466	Digital	-0.02332006158303905	0.000213	0.002665032280749734
-2.4936766275982616	Digital	-0.020594114208039048	0.000213	0.002665032280749734
-1.8508682009939166	Digital	-0.017812368098039055	0.000213	0.002665032280749734
-1.22829250935635	Digital	-0.01429653587803905	0.000213	0.002665032280749734
-0.5954938817330532	Digital	-0.009724111098039053	0.000213	0.002665032280749734
0.10943167168889592	Digital	-0.002509693003039051	0.000213	0.002665032280749734
0.8007099100040718	Digital	0.005759781906960948	0.000213	0.002665032280749734
1.5073669268746364	Digital	0.010996160441960945	0.000213	0.002665032280749734
2.1183389968067514	Digital	0.015403748591960953	0.000213	0.002665032280749734
2.7128085578980072	Digital	0.018935962091960953	0.000213	0.002665032280749734
3.3465865886712667	Digital	0.021635801801960942	0.000213	0.002665032280749734
3.9351188151354624	Digital	0.02431414108196095	0.000213	0.002665032280749734
4.573270975625827	Digital	0.026446267056960952	0.000213	0.002665032280749734
5.237467545279316	Digital	0.02828148233196095	0.000213	0.002665032280749734
5.8256073511697934	Digital	0.03038135766196095	0.000213	0.002665032280749734
6.373687618738009	Digital	0.032529864916960936	0.000213	0.002665032280749734
6.89967646949882	Digital	0.03464049046196094	0.000213	0.002665032280749734
7.489112001120887	Digital	0.03636973933196095	0.000213	0.002665032280749734
8.082125833766746	Digital	0.038006331586960936	0.000213	0.002665032280749734
8.710558551423928	Digital	0.039441229331960946	0.000213	0.002665032280749734
9.360566673379102	Digital	0.040746612581960946	0.000213	0.002665032280749734
10.00637315766275	Digital	0.04202640008196095	0.000213	0.002665032280749734
10.72985947601299	Digital	0.04299903858196095	0.000213	0.002665032280749734
11.378194695678651	Digital	0.04420511032196095	0.000213	0.002665032280749734
12.018665756132577	Digital	0.045405039081960946	0.000213	0.002665032280749734
12.640568660106076	Digital	0.04663363508196095	0.000213	0.002665032280749734
13.2523748511491	Digital	0.04786223108196095	0.000213	0.002665032280749734
13.887492966381407	Digital	0.04898895599696096	0.000213	0.002665032280749734
14.505881739866018	Digital	0.05014025283196095	0.000213	0.002665032280749734
15.0976598714194	Digital	0.05134325308196095	0.000213	0.002665032280749734
15.760530263602314	Digital	0.05231589158196095	0.000213	0.002665032280749734
16.407948241462588	Digital	0.05331412583196094	0.000213	0.002665032280749734
17.03009737773165	Digital	0.05436355158196094	0.000213	0.002665032280749734
17.606902226041647	Digital	0.055515360331960945	0.000213	0.002665032280749734
18.223277786364328	Digital	0.05653919033196094	0.000213	0.002665032280749734
18.86218158059703	Digital	0.05748623308196094	0.000213	0.002665032280749734
19.515081393043715	Digital	0.058382084331960946	0.000213	0.002665032280749734
20.142308524326225	Digital	0.05932912708196094	0.000213	0.002665032280749734
20.784162643580405	Digital	0.06022497833196094	0.000213	0.002665032280749734
21.410182123600165	Digital	0.06114642533196094	0.000213	0.002665032280749734
22.051762036756024	Digital	0.06201668083196094	0.000213	0.002665032280749734
22.666735209934835	Digital	0.06293812783196094	0.000213	0.002665032280749734
23.265093167335177	Digital	0.06388517058196094	0.000213	0.002665032280749734
23.890725609937633	Digital	0.06475542608196094	0.000213	0.002665032280749734
24.45506372290022	Digital	0.06575366033196094	0.000213	0.002665032280749734
25.03557978209987	Digital	0.06670070308196094	0.000213	0.002665032280749734
25.633246884564304	Digital	0.06759655433196095	0.000213	0.002665032280749734
26.248985557739612	Digital	0.06844121408196094	0.000213	0.002665032280749734
26.812469665890582	Digital	0.06938825683196094	0.000213	0.002665032280749734
27.442119180482532	Digital	0.07018172508196094	0.000213	0.002665032280749734
28.04324529858251	Digital	0.07102638483196094	0.000213	0.002665032280749734
28.651898746946085	Digital	0.07184544883196094	0.000213	0.002665032280749734
29.268500341671505	Digital	0.07263891708196095	0.000213	0.002665032280749734
29.91858336848959	Digital	0.07335559808196095	0.000213	0.002665032280749734
30.539857694816114	Digital	0.07412347058196095	0.000213	0.002665032280749734
31.197935983889526	Digital	0.07480994859696094	0.000213	0.002665032280749734
31.842518707733575	Digital	0.07551690321196093	0.000213	0.002665032280749734
32.49758667281013	Digital	0.07619672633196094	0.000213	0.002665032280749734
33.15693115603857	Digital	0.07686221583196094	0.000213	0.002665032280749734
33.80003602090779	Digital	0.07755330108196094	0.000213	0.002665032280749734
34.46672724893989	Digital	0.07819319483196094	0.000213	0.002665032280749734
35.13067774367287	Digital	0.07883308858196095	0.000213	0.002665032280749734
35.805491693673524	Digital	0.07944738658196095	0.000213	0.002665032280749734
36.43663809302954	Digital	0.08013847183196095	0.000213	0.002665032280749734
37.064587535251775	Digital	0.08082955708196095	0.000213	0.002665032280749734
37.675380504617934	Digital	0.08154623808196095	0.000213	0.002665032280749734
38.3249687900268	Digital	0.08218613183196094	0.000213	0.002665032280749734
38.92925351803356	Digital	0.08290281283196094	0.000213	0.002665032280749734
39.51578074830125	Digital	0.08364508958196094	0.000213	0.002665032280749734
40.14194516145564	Digital	0.08431057908196095	0.000213	0.002665032280749734
40.76514470152905	Digital	0.08497606858196094	0.000213	0.002665032280749734
41.38537931237736	Digital	0.08564155808196094	0.000213	0.002665032280749734
42.01742416306215	Digital	0.08628145183196094	0.000213	0.002665032280749734
42.66160816136643	Digital	0.08689574983196094	0.000213	0.002665032280749734
43.2882799244649	Digital	0.08753564358196095	0.000213	0.002665032280749734
43.92730566423948	Digital	0.08814994158196095	0.000213	0.002665032280749734
44.53339905755777	Digital	0.08881543108196094	0.000213	0.002665032280749734
45.18247143268806	Digital	0.08940413333196094	0.000213	0.002665032280749734
45.8138120651723	Digital	0.09001843133196094	0.000213	0.002665032280749734
46.45814252633747	Digital	0.09060713358196094	0.000213	0.002665032280749734
47.10015241353521	Digital	0.09119583583196095	0.000213	0.002665032280749734
47.72412335906692	Digital	0.09181013383196095	0.000213	0.002665032280749734
48.3613910739882	Digital	0.09239883608196094	0.000213	0.002665032280749734
49.012258213445676	Digital	0.09296194258196094	0.000213	0.002665032280749734
49.692702035255785	Digital	0.09347436949696096	0.000213	0.002665032280749734
