-96.63781248572275	Digital	-0.10879997612305582	0.000213	0.0047
-96.1655557951046	Digital	-0.10832372814505582	0.000213	0.0047
-95.49800260361523	Digital	-0.10802552814505582	0.000213	0.0047
-94.87794181334168	Digital	-0.10768472814505582	0.000213	0.0047
-94.25975616253933	Digital	-0.10734392814505582	0.000213	0.0047
-93.64245803777852	Digital	-0.10700312814505583	0.000213	0.0047
-93.02368578345968	Digital	-0.10666232814505583	0.000213	0.0047
-92.4088422797443	Digital	-0.10629799590505583	0.000213	0.0047
-91.79786727411495	Digital	-0.10593000432505582	0.000213	0.0047
-91.15945809803259	Digital	-0.10557487368505583	0.000213	0.0047
-90.51695851242013	Digital	-0.10520735496505582	0.000213	0.0047
-89.84207454092999	Digital	-0.10487312814505582	0.000213	0.0047
-89.25586831576493	Digital	-0.10444712814505583	0.000213	0.0047
-88.62795364733431	Digital	-0.10406372814505582	0.000213	0.0047
-87.95869616428486	Digital	-0.10372292814505582	0.000213	0.0047
-87.32391169676217	Digital	-0.10333952814505583	0.000213	0.0047
-86.68826941507317	Digital	-0.10295612814505582	0.000213	0.0047
-86.04932994921532	Digital	-0.10257272814505583	0.000213	0.0047
-85.39086000386013	Digital	-0.10218932814505582	0.000213	0.0047
-84.73239005850495	Digital	-0.10180592814505582	0.000213	0.0047
-84.08676032521478	Digital	-0.10142252814505583	0.000213	0.0047
-83.48761548288448	Digital	-0.10103912814505582	0.000213	0.0047
-82.84393117859088	Digital	-0.10069832814505582	0.000213	0.0047
-82.23083467687525	Digital	-0.10031492814505583	0.000213	0.0047
-81.65084391707852	Digital	-0.09988892814505583	0.000213	0.0047
-81.02791315813582	Digital	-0.09950552814505582	0.000213	0.0047
-80.39361815610411	Digital	-0.09912212814505582	0.000213	0.0047
-79.77968073229266	Digital	-0.09871738554505581	0.000213	0.0047
-79.16016275080426	Digital	-0.09831272814505583	0.000213	0.0047
-78.51372786571292	Digital	-0.09792932814505582	0.000213	0.0047
-77.86729298062158	Digital	-0.09754592814505582	0.000213	0.0047
-77.30594819911857	Digital	-0.09711992814505582	0.000213	0.0047
-76.69030414071902	Digital	-0.09676553874505582	0.000213	0.0047
-76.12591724404746	Digital	-0.09635312814505582	0.000213	0.0047
-75.50646692692273	Digital	-0.09596972814505582	0.000213	0.0047
-74.887016609798	Digital	-0.09558632814505583	0.000213	0.0047
-74.25557119635388	Digital	-0.09520292814505582	0.000213	0.0047
-73.6594484176786	Digital	-0.09477692814505582	0.000213	0.0047
-73.02187761254709	Digital	-0.09439352814505582	0.000213	0.0047
-72.36856482364108	Digital	-0.09401012814505583	0.000213	0.0047
-71.73455095615265	Digital	-0.09360538554505582	0.000213	0.0047
-71.14104545823778	Digital	-0.09315812814505582	0.000213	0.0047
-70.4928828311854	Digital	-0.09277472814505583	0.000213	0.0047
-69.88381324557163	Digital	-0.09234872814505582	0.000213	0.0047
-69.27614706568653	Digital	-0.09192272814505582	0.000213	0.0047
-68.70836710497926	Digital	-0.09145412814505582	0.000213	0.0047
-68.07201604790993	Digital	-0.09104947074505583	0.000213	0.0047
-67.43612839187665	Digital	-0.09060212814505582	0.000213	0.0047
-66.7692074487421	Digital	-0.09019291254505583	0.000213	0.0047
-66.15738510996079	Digital	-0.08972512194505583	0.000213	0.0047
-65.57270534285743	Digital	-0.08923892814505582	0.000213	0.0047
-65.02692906281801	Digital	-0.08870544834505582	0.000213	0.0047
-64.40358423523179	Digital	-0.08824012854505583	0.000213	0.0047
-63.80199802833525	Digital	-0.08774792814505583	0.000213	0.0047
-63.15109804193479	Digital	-0.08732192814505582	0.000213	0.0047
-62.51415694896105	Digital	-0.08688608754505582	0.000213	0.0047
-61.91401500431946	Digital	-0.08640607074505582	0.000213	0.0047
-61.26068540047804	Digital	-0.08593759854505581	0.000213	0.0047
-60.580052989410845	Digital	-0.08549012814505581	0.000213	0.0047
-59.91450114994596	Digital	-0.08502152814505581	0.000213	0.0047
-59.310613347590355	Digital	-0.08451032814505581	0.000213	0.0047
-58.6832637870765	Digital	-0.08404074834505582	0.000213	0.0047
-58.019497845468976	Digital	-0.08361572814505581	0.000213	0.0047
-57.360229083442036	Digital	-0.08316314574505582	0.000213	0.0047
-56.71635480505846	Digital	-0.08269011534505581	0.000213	0.0047
-56.093354532929474	Digital	-0.08219902254505582	0.000213	0.0047
-55.475476272059915	Digital	-0.08173101894505581	0.000213	0.0047
-54.85491975032078	Digital	-0.08126629554505582	0.000213	0.0047
-54.21887718196403	Digital	-0.08080412814505582	0.000213	0.0047
-53.57941471064315	Digital	-0.08033552814505582	0.000213	0.0047
-52.939952239322274	Digital	-0.07986692814505582	0.000213	0.0047
-52.247170442128365	Digital	-0.07948352814505581	0.000213	0.0047
-51.6328945800594	Digital	-0.07900700454505581	0.000213	0.0047
-51.04147524224867	Digital	-0.07850372814505581	0.000213	0.0047
-50.41441558315776	Digital	-0.07805634294505581	0.000213	0.0047
-49.85823660588503	Digital	-0.07752392814505582	0.000213	0.0047
-49.21146478037787	Digital	-0.07705532814505582	0.000213	0.0047
-48.558537803914376	Digital	-0.07656534294505582	0.000213	0.0047
-47.93566514247805	Digital	-0.07603292814505581	0.000213	0.0047
-47.314943585107	Digital	-0.07550042814505581	0.000213	0.0047
-46.679645893733976	Digital	-0.07498897254505582	0.000213	0.0047
-46.08936190368856	Digital	-0.07441408554505581	0.000213	0.0047
-45.49836190368856	Digital	-0.07383911334505582	0.000213	0.0047
-44.89230129762796	Digital	-0.07328531334505581	0.000213	0.0047
-44.24222909641912	Digital	-0.07275272814505582	0.000213	0.0047
-43.580588598314094	Digital	-0.07222027074505581	0.000213	0.0047
-42.93253770497354	Digital	-0.07166642814505582	0.000213	0.0047
-42.283341562029875	Digital	-0.07115518554505582	0.000213	0.0047
-41.65577898753643	Digital	-0.07062272814505581	0.000213	0.0047
-41.056404139760076	Digital	-0.07004771334505581	0.000213	0.0047
-40.43309979193399	Digital	-0.0694940837450558	0.000213	0.0047
-39.81014327019486	Digital	-0.06893994294505582	0.000213	0.0047
-39.18853633981645	Digital	-0.06838622814505582	0.000213	0.0047
-38.58327318192171	Digital	-0.06781112814505581	0.000213	0.0047
-37.963390140986036	Digital	-0.06725732814505582	0.000213	0.0047
-37.330578753622746	Digital	-0.06668222814505581	0.000213	0.0047
-36.6814559466052	Digital	-0.06612842814505582	0.000213	0.0047
-36.033650079261875	Digital	-0.06557462814505581	0.000213	0.0047
-35.42690850622816	Digital	-0.06497822814505581	0.000213	0.0047
-34.79207704555401	Digital	-0.06442442814505582	0.000213	0.0047
-34.1892389245759	Digital	-0.06378542814505582	0.000213	0.0047
-33.513024727813765	Digital	-0.06323162814505581	0.000213	0.0047
-32.886623731549754	Digital	-0.06259262814505581	0.000213	0.0047
-32.269372943994654	Digital	-0.06197492814505581	0.000213	0.0047
-31.689085914479353	Digital	-0.06131462814505582	0.000213	0.0047
-31.03395406343304	Digital	-0.06078212814505582	0.000213	0.0047
-30.617676545087473	Digital	-0.060036628145055816	0.000213	0.0047
-30.06945313745038	Digital	-0.059397628145055816	0.000213	0.0047
-29.373732682012612	Digital	-0.05873732814505581	0.000213	0.0047
-28.678012226574843	Digital	-0.05807702814505582	0.000213	0.0047
-27.965016545381282	Digital	-0.057454216145055824	0.000213	0.0047
-27.332420250453257	Digital	-0.056777728145055814	0.000213	0.0047
-26.709689762360824	Digital	-0.05609612814505582	0.000213	0.0047
-26.14557994823079	Digital	-0.055286728145055815	0.000213	0.0047
-25.515627836781075	Digital	-0.054562528145055814	0.000213	0.0047
-24.863908202475457	Digital	-0.053880928145055816	0.000213	0.0047
-24.243480680242953	Digital	-0.05311412814505582	0.000213	0.0047
-23.56969829682327	Digital	-0.05244360414505582	0.000213	0.0047
-22.935708659517573	Digital	-0.05169128814505581	0.000213	0.0047
-22.291695305693956	Digital	-0.05100542814505581	0.000213	0.0047
-21.650761732983	Digital	-0.050323828145055816	0.000213	0.0047
-21.032054008509192	Digital	-0.049599628145055814	0.000213	0.0047
-20.444448123533718	Digital	-0.048811528145055814	0.000213	0.0047
-19.879133812343348	Digital	-0.04798082814505582	0.000213	0.0047
-19.21789602575918	Digital	-0.04725194214505582	0.000213	0.0047
-18.625987002642105	Digital	-0.04631942814505582	0.000213	0.0047
-17.980200276318463	Digital	-0.045510028145055816	0.000213	0.0047
-17.342699080815578	Digital	-0.044667826145055815	0.000213	0.0047
-16.713462956983378	Digital	-0.04380560214505582	0.000213	0.0047
-16.094620300786993	Digital	-0.042889702145055816	0.000213	0.0047
-15.409432124401915	Digital	-0.04205942814505582	0.000213	0.0047
-14.750734014242004	Digital	-0.04115929014505581	0.000213	0.0047
-14.100361139264688	Digital	-0.04024211214505581	0.000213	0.0047
-13.45783316033118	Digital	-0.03931684014505581	0.000213	0.0047
-12.821888459870351	Digital	-0.03837452814505582	0.000213	0.0047
-12.229486285517865	Digital	-0.037288228145055814	0.000213	0.0047
-11.596903421227683	Digital	-0.036287128145055816	0.000213	0.0047
-10.972137942803666	Digital	-0.03526472814505582	0.000213	0.0047
-10.345467500330333	Digital	-0.034221028145055815	0.000213	0.0047
-9.756051441936172	Digital	-0.03307082814505582	0.000213	0.0047
-9.137955039475344	Digital	-0.03187802814505582	0.000213	0.0047
-8.477941195451347	Digital	-0.030622606145055815	0.000213	0.0047
-7.817119783360896	Digital	-0.02937016614505582	0.000213	0.0047
-7.167542159372477	Digital	-0.028086628145055817	0.000213	0.0047
-6.581060112904513	Digital	-0.026585404145055818	0.000213	0.0047
-5.983078418466588	Digital	-0.025125928145055817	0.000213	0.0047
-5.313984643049174	Digital	-0.023551432145055815	0.000213	0.0047
-4.676785208820036	Digital	-0.021803128145055816	0.000213	0.0047
-4.0582625027577155	Digital	-0.019843528145055817	0.000213	0.0047
-3.37581296883587	Digital	-0.017652184145055816	0.000213	0.0047
-2.720895998652526	Digital	-0.015270844145055812	0.000213	0.0047
-2.044755241421223	Digital	-0.012639016145055823	0.000213	0.0047
-1.2507035382417748	Digital	-0.009391192145055814	0.000213	0.0047
-0.47872158302958623	Digital	-0.00579532614505582	0.000213	0.0047
1.2329399961594782	Digital	-0.00124820214505581	0.000213	0.0047
2.4801325955938385	Digital	0.00811357385494418	0.000213	0.0047
3.076278205872211	Digital	0.012532471854944181	0.000213	0.0047
3.5185339158840367	Digital	0.01660077185494418	0.000213	0.0047
4.1469748647613685	Digital	0.01909627985494418	0.000213	0.0047
4.746548786542862	Digital	0.021140653854944187	0.000213	0.0047
5.328554505497113	Digital	0.022884271854944183	0.000213	0.0047
5.923568806702251	Digital	0.02460957185494418	0.000213	0.0047
6.571880113603866	Digital	0.026242003854944188	0.000213	0.0047
7.193943256041459	Digital	0.02799627185494418	0.000213	0.0047
7.845152984805715	Digital	0.029465971854944182	0.000213	0.0047
8.451315384898383	Digital	0.03091437185494418	0.000213	0.0047
9.12118680850547	Digital	0.032128471854944184	0.000213	0.0047
9.768003141592324	Digital	0.03325737185494418	0.000213	0.0047
10.370201897559344	Digital	0.03442887185494418	0.000213	0.0047
11.030262652658433	Digital	0.03542997185494418	0.000213	0.0047
11.652990363923259	Digital	0.03636717185494418	0.000213	0.0047
12.304376105600092	Digital	0.03721917185494418	0.000213	0.0047
12.9400208722266	Digital	0.03809247185494418	0.000213	0.0047
13.495795798189093	Digital	0.03905097185494418	0.000213	0.0047
14.021955719215752	Digital	0.04007337185494418	0.000213	0.0047
14.682529697575173	Digital	0.04098927185494418	0.000213	0.0047
15.371100236348138	Digital	0.04184127185494418	0.000213	0.0047
16.04409930205975	Digital	0.04273587185494418	0.000213	0.0047
16.692586816272176	Digital	0.04356657185494418	0.000213	0.0047
17.323719239732153	Digital	0.04441857185494418	0.000213	0.0047
17.918386370243624	Digital	0.04535577185494418	0.000213	0.0047
18.569762517032615	Digital	0.04616517185494418	0.000213	0.0047
19.23031297574821	Digital	0.04695327185494418	0.000213	0.0047
19.858286970951152	Digital	0.04776267185494418	0.000213	0.0047
20.440704553368732	Digital	0.04857207185494418	0.000213	0.0047
21.01213312479731	Digital	0.04940277185494418	0.000213	0.0047
21.64289807358292	Digital	0.05019087185494418	0.000213	0.0047
22.304656927542332	Digital	0.05091507185494418	0.000213	0.0047
22.949388322421413	Digital	0.05166057185494418	0.000213	0.0047
23.60240705940961	Digital	0.05229957185494418	0.000213	0.0047
24.209161627996238	Digital	0.05302377185494418	0.000213	0.0047
24.82621716855566	Digital	0.05374839785494419	0.000213	0.0047
25.40724225034411	Digital	0.05456674385494417	0.000213	0.0047
25.997848029869967	Digital	0.05536677185494418	0.000213	0.0047
26.63899635522882	Digital	0.05613357185494418	0.000213	0.0047
27.294897471656245	Digital	0.05686884785494419	0.000213	0.0047
27.92981088519708	Digital	0.05762457185494418	0.000213	0.0047
28.513620409006606	Digital	0.05836921985494418	0.000213	0.0047
29.12028707567327	Digital	0.05907297185494418	0.000213	0.0047
29.739167399824048	Digital	0.05977587185494418	0.000213	0.0047
30.374619666855267	Digital	0.06045747185494418	0.000213	0.0047
31.032856167197032	Digital	0.06109647185494418	0.000213	0.0047
31.699378139573117	Digital	0.06167157185494418	0.000213	0.0047
32.325406561413054	Digital	0.06231057185494418	0.000213	0.0047
32.96213135527993	Digital	0.06292869785494419	0.000213	0.0047
33.611741744890324	Digital	0.06350337185494417	0.000213	0.0047
34.28732616047475	Digital	0.06403544585494417	0.000213	0.0047
34.926927079948584	Digital	0.06461097185494417	0.000213	0.0047
35.55379275159037	Digital	0.06514347185494418	0.000213	0.0047
36.18065842323216	Digital	0.06567597185494418	0.000213	0.0047
36.807524094873955	Digital	0.06620847185494418	0.000213	0.0047
37.404539020247086	Digital	0.06678357185494418	0.000213	0.0047
37.98531335010746	Digital	0.06737997185494418	0.000213	0.0047
38.559083841910734	Digital	0.06793377185494417	0.000213	0.0047
39.099739579615644	Digital	0.06853059785494418	0.000213	0.0047
39.67265910077472	Digital	0.06916917185494419	0.000213	0.0047
40.2890974569391	Digital	0.06976557185494418	0.000213	0.0047
40.89329884265615	Digital	0.07038327185494418	0.000213	0.0047
41.58248803184534	Digital	0.07087317185494418	0.000213	0.0047
42.2446501940075	Digital	0.07140567185494417	0.000213	0.0047
42.85006233873568	Digital	0.07200207185494419	0.000213	0.0047
43.4712744599478	Digital	0.07253457185494418	0.000213	0.0047
44.10763809631143	Digital	0.07304577185494418	0.000213	0.0047
44.706624825517295	Digital	0.07357827185494419	0.000213	0.0047
45.296788759943524	Digital	0.07411077185494418	0.000213	0.0047
45.9132957993611	Digital	0.07462197185494418	0.000213	0.0047
46.53094285818463	Digital	0.07517577185494417	0.000213	0.0047
47.19270756406698	Digital	0.07566567185494417	0.000213	0.0047
47.80543061350991	Digital	0.07617687185494418	0.000213	0.0047
48.43007347065276	Digital	0.07662459785494419	0.000213	0.0047
48.969751786821156	Digital	0.07717882385494419	0.000213	0.0047
49.64225178682117	Digital	0.07762527185494418	0.000213	0.0047
50.26787678682118	Digital	0.07813561985494416	0.000213	0.0047
50.92467868240854	Digital	0.07860507185494418	0.000213	0.0047
51.570832528562384	Digital	0.07909497185494418	0.000213	0.0047
52.24775560548546	Digital	0.07954227185494418	0.000213	0.0047
52.89081693252879	Digital	0.08001087185494418	0.000213	0.0047
53.44637248808435	Digital	0.08052207185494419	0.000213	0.0047
54.020446562158426	Digital	0.08101197185494417	0.000213	0.0047
54.69145024752681	Digital	0.08141667185494418	0.000213	0.0047
55.29489852338888	Digital	0.08190657185494418	0.000213	0.0047
55.901735239275915	Digital	0.08239647185494418	0.000213	0.0047
