-87.67848361423842	Digital	-0.10401166162249412	0.000213	0.0047
-87.07502375050399	Digital	-0.10360142362249411	0.000213	0.0047
-86.43047494681181	Digital	-0.10322739562249413	0.000213	0.0047
-85.79847624230592	Digital	-0.10284016162249411	0.000213	0.0047
-85.17160601325133	Digital	-0.10243546162249412	0.000213	0.0047
-84.51313606789614	Digital	-0.10205206162249411	0.000213	0.0047
-83.85466612254095	Digital	-0.10166866162249412	0.000213	0.0047
-83.18573675668978	Digital	-0.10132786162249412	0.000213	0.0047
-82.60886164534114	Digital	-0.10092316162249412	0.000213	0.0047
-82.00916299135618	Digital	-0.10053976162249412	0.000213	0.0047
-81.36617084552897	Digital	-0.10017766162249411	0.000213	0.0047
-80.74417916171191	Digital	-0.09979426162249412	0.000213	0.0047
-80.11821055104426	Digital	-0.09941086162249411	0.000213	0.0047
-79.48391554901255	Digital	-0.09902746162249412	0.000213	0.0047
-78.82930360264929	Digital	-0.09866536162249412	0.000213	0.0047
-78.09032259521504	Digital	-0.09838846162249412	0.000213	0.0047
-77.4438877101237	Digital	-0.09800506162249412	0.000213	0.0047
-76.8367378378	Digital	-0.09757906162249412	0.000213	0.0047
-76.27001301336162	Digital	-0.09715306162249412	0.000213	0.0047
-75.73203482079094	Digital	-0.09672706162249411	0.000213	0.0047
-75.13531338947988	Digital	-0.09634366162249412	0.000213	0.0047
-74.51586307235515	Digital	-0.09596026162249412	0.000213	0.0047
-73.93869605332766	Digital	-0.09553426162249412	0.000213	0.0047
-73.34532155336022	Digital	-0.09510826162249411	0.000213	0.0047
-72.74919877468494	Digital	-0.09468226162249412	0.000213	0.0047
-72.12519883132508	Digital	-0.09427926562249411	0.000213	0.0047
-71.5504684769337	Digital	-0.09380896162249412	0.000213	0.0047
-70.93567648926037	Digital	-0.09338296162249411	0.000213	0.0047
-70.30610483429238	Digital	-0.09297826162249412	0.000213	0.0047
-69.65794220724	Digital	-0.09259486162249411	0.000213	0.0047
-69.04912226566597	Digital	-0.09216886162249412	0.000213	0.0047
-68.4813423049587	Digital	-0.09170026162249412	0.000213	0.0047
-67.85462324798425	Digital	-0.09129556162249412	0.000213	0.0047
-67.21845220739249	Digital	-0.09086956162249411	0.000213	0.0047
-66.54785581349512	Digital	-0.09046486162249412	0.000213	0.0047
-65.92927051529816	Digital	-0.08999626162249412	0.000213	0.0047
-65.2198020982969	Digital	-0.08965205362249412	0.000213	0.0047
-64.63537706190681	Digital	-0.08916556162249412	0.000213	0.0047
-64.05104005728272	Digital	-0.08867566162249411	0.000213	0.0047
-63.395867643489616	Digital	-0.08824966162249412	0.000213	0.0047
-62.7751779883172	Digital	-0.08778106162249412	0.000213	0.0047
-62.123497574918346	Digital	-0.08735506162249412	0.000213	0.0047
-61.49432795107164	Digital	-0.08690989162249413	0.000213	0.0047
-60.88645002346342	Digital	-0.08643916162249411	0.000213	0.0047
-60.206754687175405	Digital	-0.08601316162249412	0.000213	0.0047
-59.51079846948006	Digital	-0.08558716162249412	0.000213	0.0047
-58.83004444089995	Digital	-0.08513986162249412	0.000213	0.0047
-58.18289931241377	Digital	-0.08467126162249412	0.000213	0.0047
-57.52096557340092	Digital	-0.08424526162249411	0.000213	0.0047
-56.892838460486786	Digital	-0.08377666162249411	0.000213	0.0047
-56.26716361966643	Digital	-0.08328676162249411	0.000213	0.0047
-55.57184610844128	Digital	-0.08288206162249412	0.000213	0.0047
-54.97274411998714	Digital	-0.08234956162249411	0.000213	0.0047
-54.4226143186504	Digital	-0.08179576162249412	0.000213	0.0047
-53.8226143186504	Digital	-0.08130586162249412	0.000213	0.0047
-53.209772588043236	Digital	-0.08081596162249412	0.000213	0.0047
-52.570310116722354	Digital	-0.08034736162249412	0.000213	0.0047
-51.94723571488689	Digital	-0.07985746162249412	0.000213	0.0047
-51.289315919351694	Digital	-0.07943146162249412	0.000213	0.0047
-50.73759178142066	Digital	-0.07887766162249411	0.000213	0.0047
-50.13814494535508	Digital	-0.07838776162249411	0.000213	0.0047
-49.47550289990053	Digital	-0.07798306162249412	0.000213	0.0047
-48.86612789990053	Digital	-0.07751446162249412	0.000213	0.0047
-48.187995222124286	Digital	-0.07708846162249412	0.000213	0.0047
-47.519920388086874	Digital	-0.07661986162249412	0.000213	0.0047
-46.89710807668072	Digital	-0.07608736162249412	0.000213	0.0047
-46.2305638414702	Digital	-0.07561876162249412	0.000213	0.0047
-45.59508389007287	Digital	-0.07510756162249412	0.000213	0.0047
-44.95960393867554	Digital	-0.07459636162249413	0.000213	0.0047
-44.35364126246058	Digital	-0.07404256162249412	0.000213	0.0047
-43.747580656399975	Digital	-0.07348876162249413	0.000213	0.0047
-43.07228374827285	Digital	-0.07302016162249413	0.000213	0.0047
-42.397134858180806	Digital	-0.07250896162249412	0.000213	0.0047
-41.694915042263105	Digital	-0.07204036162249412	0.000213	0.0047
-41.02175690289627	Digital	-0.07152916162249412	0.000213	0.0047
-40.37932543686529	Digital	-0.07101796162249412	0.000213	0.0047
-39.7368939708343	Digital	-0.07050676162249411	0.000213	0.0047
-39.12000468583185	Digital	-0.06995423962249413	0.000213	0.0047
-38.46870033800577	Digital	-0.06944176162249412	0.000213	0.0047
-37.845511932208666	Digital	-0.06888796162249412	0.000213	0.0047
-37.23889361582454	Digital	-0.06831286162249411	0.000213	0.0047
-36.6336304579298	Digital	-0.06773776162249412	0.000213	0.0047
-36.06667102999188	Digital	-0.06709876162249412	0.000213	0.0047
-35.431043499627506	Digital	-0.06652366162249412	0.000213	0.0047
-34.875038101516836	Digital	-0.06582289162249412	0.000213	0.0047
-34.20843150733705	Digital	-0.06530956162249411	0.000213	0.0047
-33.58736409160671	Digital	-0.06473488762249413	0.000213	0.0047
-32.96433038374154	Digital	-0.06416319562249413	0.000213	0.0047
-32.34421324187295	Digital	-0.06352036162249412	0.000213	0.0047
-31.70535894548441	Digital	-0.06290266162249412	0.000213	0.0047
-31.058764193371218	Digital	-0.06230626162249412	0.000213	0.0047
-30.451398907695612	Digital	-0.06168856162249412	0.000213	0.0047
-29.85757275010016	Digital	-0.06104956162249412	0.000213	0.0047
-29.30821086261504	Digital	-0.06043186162249412	0.000213	0.0047
-28.791866633128716	Digital	-0.059814161622494116	0.000213	0.0047
-28.171773884200995	Digital	-0.05917558762249413	0.000213	0.0047
-27.48606520732625	Digital	-0.05849356162249412	0.000213	0.0047
-26.78111821085982	Digital	-0.05785328362249411	0.000213	0.0047
-26.11365625232726	Digital	-0.05717296162249412	0.000213	0.0047
-25.467346419740608	Digital	-0.05653396162249412	0.000213	0.0047
-24.809246914906836	Digital	-0.05591626162249412	0.000213	0.0047
-24.204835909037854	Digital	-0.05517076162249412	0.000213	0.0047
-23.596651320444035	Digital	-0.05440396162249412	0.000213	0.0047
-22.91228040185457	Digital	-0.05378626162249412	0.000213	0.0047
-22.258448946346093	Digital	-0.05308336162249412	0.000213	0.0047
-21.631505941164747	Digital	-0.052316561622494116	0.000213	0.0047
-21.00494079131955	Digital	-0.05154976162249412	0.000213	0.0047
-20.38644887031416	Digital	-0.05082556162249412	0.000213	0.0047
-19.80161942686712	Digital	-0.05003746162249412	0.000213	0.0047
-19.204194419554142	Digital	-0.04927066162249412	0.000213	0.0047
-18.616588534578668	Digital	-0.04848256162249412	0.000213	0.0047
-17.995545288925527	Digital	-0.04775836162249412	0.000213	0.0047
-17.35160629495151	Digital	-0.04694640562249412	0.000213	0.0047
-16.69892173119312	Digital	-0.046152767622494116	0.000213	0.0047
-16.067048207752315	Digital	-0.04530886162249412	0.000213	0.0047
-15.396778927664387	Digital	-0.04454206162249412	0.000213	0.0047
-14.735668834240686	Digital	-0.04375396162249412	0.000213	0.0047
-14.098048161221111	Digital	-0.042880661622494126	0.000213	0.0047
-13.437250228738472	Digital	-0.041986061622494124	0.000213	0.0047
-12.760299816850246	Digital	-0.041134061622494125	0.000213	0.0047
-12.126072443403533	Digital	-0.040175561622494124	0.000213	0.0047
-11.51267547171163	Digital	-0.03917488762249413	0.000213	0.0047
-10.909811745576018	Digital	-0.03814694962249413	0.000213	0.0047
-10.276737987198235	Digital	-0.03715948162249412	0.000213	0.0047
-9.694186392451515	Digital	-0.03602206162249413	0.000213	0.0047
-9.120744550808986	Digital	-0.03485056162249413	0.000213	0.0047
-8.538931898740861	Digital	-0.03367906162249412	0.000213	0.0047
-8.002078468634046	Digital	-0.032379761622494126	0.000213	0.0047
-7.4025168627272615	Digital	-0.030901115622494122	0.000213	0.0047
-6.700048011781252	Digital	-0.029802461622494125	0.000213	0.0047
-6.017251368941547	Digital	-0.028632239622494133	0.000213	0.0047
-5.398969275536246	Digital	-0.027246461622494125	0.000213	0.0047
-4.801222267791589	Digital	-0.025786133622494118	0.000213	0.0047
-4.192540325859255	Digital	-0.024136661622494126	0.000213	0.0047
-3.5095488124221976	Digital	-0.02260902562249412	0.000213	0.0047
-2.8820735648974436	Digital	-0.02081386162249412	0.000213	0.0047
-2.2295830709377062	Digital	-0.018661283622494116	0.000213	0.0047
-1.5594799781541993	Digital	-0.01638473962249413	0.000213	0.0047
-0.9177119677831904	Digital	-0.013912661622494124	0.000213	0.0047
-0.17023734207082553	Digital	-0.010660151622494127	0.000213	0.0047
1.510764305731654	Digital	-0.005629517622494121	0.000213	0.0047
2.5385238012022615	Digital	0.007474668377505884	0.000213	0.0047
3.2251891700946107	Digital	0.010903116377505885	0.000213	0.0047
3.931370279961949	Digital	0.013828032377505878	0.000213	0.0047
4.5691350903133365	Digital	0.016260918377505883	0.000213	0.0047
5.232334379923891	Digital	0.01852297837750588	0.000213	0.0047
5.847118447087427	Digital	0.020721138377505877	0.000213	0.0047
6.387049002642984	Digital	0.022640268377505872	0.000213	0.0047
6.9949507923898775	Digital	0.024278238377505874	0.000213	0.0047
7.633074874621888	Digital	0.025957956377505875	0.000213	0.0047
8.302035961259186	Digital	0.027494538377505873	0.000213	0.0047
8.932698231655287	Digital	0.029144010377505875	0.000213	0.0047
9.53260556398472	Digital	0.030615414377505874	0.000213	0.0047
10.153363122191601	Digital	0.032010138377505874	0.000213	0.0047
10.786486884692621	Digital	0.033202938377505875	0.000213	0.0047
11.400547350481716	Digital	0.03433950637750587	0.000213	0.0047
12.042236920856372	Digital	0.03539470837750588	0.000213	0.0047
12.584971907596321	Digital	0.03653340637750588	0.000213	0.0047
13.195918395307668	Digital	0.03748423837750587	0.000213	0.0047
13.817173511131314	Digital	0.03835753837750587	0.000213	0.0047
14.382820105405752	Digital	0.03929473837750587	0.000213	0.0047
14.913264377745273	Digital	0.040358034377505875	0.000213	0.0047
15.583460578305841	Digital	0.04126030237750588	0.000213	0.0047
16.226250986278437	Digital	0.04223754637750587	0.000213	0.0047
16.91331313793436	Digital	0.04305674437750587	0.000213	0.0047
17.525633314990795	Digital	0.04395219637750587	0.000213	0.0047
18.12596529580968	Digital	0.044875338377505875	0.000213	0.0047
18.742382354840387	Digital	0.04576440037750587	0.000213	0.0047
19.37229061172112	Digital	0.046623642377505874	0.000213	0.0047
20.024400703464238	Digital	0.04743133837750588	0.000213	0.0047
20.54505139206156	Digital	0.04836981637750588	0.000213	0.0047
21.150106337116505	Digital	0.049135338377505874	0.000213	0.0047
21.757855916012755	Digital	0.049944738377505876	0.000213	0.0047
22.389769962968586	Digital	0.050732838377505876	0.000213	0.0047
22.990512105917215	Digital	0.051584838377505875	0.000213	0.0047
23.61045196249829	Digital	0.05228475637750588	0.000213	0.0047
24.192455200990075	Digital	0.05305453837750588	0.000213	0.0047
24.7886551437034	Digital	0.053821764377505875	0.000213	0.0047
25.412210214586718	Digital	0.054557040377505875	0.000213	0.0047
26.01788087979937	Digital	0.055327248377505876	0.000213	0.0047
26.63695849957737	Digital	0.05613792637750588	0.000213	0.0047
27.235842072145154	Digital	0.05699503837750588	0.000213	0.0047
27.864996150923833	Digital	0.057740538377505875	0.000213	0.0047
28.448329484257165	Digital	0.05848603837750588	0.000213	0.0047
29.055472341400023	Digital	0.05918893837750588	0.000213	0.0047
29.722712197284142	Digital	0.059806638377505876	0.000213	0.0047
30.331279069008918	Digital	0.06053850637750587	0.000213	0.0047
30.975064531009757	Digital	0.06120051037750588	0.000213	0.0047
31.566936882044402	Digital	0.06189787237750588	0.000213	0.0047
32.20769978406385	Digital	0.06251169577750587	0.000213	0.0047
32.82674904776107	Digital	0.06315073837750587	0.000213	0.0047
33.489034762046785	Digital	0.06370462357750588	0.000213	0.0047
34.112541255553275	Digital	0.06432211057750586	0.000213	0.0047
34.696353383247796	Digital	0.06494002357750588	0.000213	0.0047
35.30838323399406	Digital	0.06549369577750588	0.000213	0.0047
35.99480114444182	Digital	0.06594120877750587	0.000213	0.0047
36.60766681608361	Digital	0.06649368817750588	0.000213	0.0047
37.284771293695556	Digital	0.06695449237750588	0.000213	0.0047
37.84186355209184	Digital	0.06756635617750588	0.000213	0.0047
38.40422420782954	Digital	0.06813498097750588	0.000213	0.0047
38.99402296818633	Digital	0.06866948317750587	0.000213	0.0047
39.61106406407674	Digital	0.06926494597750588	0.000213	0.0047
40.29561200928222	Digital	0.06975544237750587	0.000213	0.0047
41.00900926955619	Digital	0.07020108097750588	0.000213	0.0047
41.6609956307784	Digital	0.07074942817750587	0.000213	0.0047
42.31972536050813	Digital	0.07128733837750588	0.000213	0.0047
42.94187388905458	Digital	0.07187300317750588	0.000213	0.0047
43.523358737539425	Digital	0.07246135177750587	0.000213	0.0047
44.1160557072364	Digital	0.07303393837750588	0.000213	0.0047
44.74865043733773	Digital	0.07352366797750588	0.000213	0.0047
45.341306175042654	Digital	0.07405293037750588	0.000213	0.0047
45.936201127611795	Digital	0.07458879577750588	0.000213	0.0047
46.571730539376496	Digital	0.07511669497750588	0.000213	0.0047
47.18381877467062	Digital	0.07567854637750587	0.000213	0.0047
47.76377994067147	Digital	0.07622655277750587	0.000213	0.0047
48.31713708352861	Digital	0.07675930837750587	0.000213	0.0047
48.901026198087536	Digital	0.07727251057750587	0.000213	0.0047
49.52133869808753	Digital	0.07779010057750588	0.000213	0.0047
50.12330744808753	Digital	0.07833269677750587	0.000213	0.0047
50.71796425657849	Digital	0.07889126797750588	0.000213	0.0047
51.36479502580926	Digital	0.07938023077750589	0.000213	0.0047
52.010271948886185	Digital	0.07987106797750589	0.000213	0.0047
52.574105123659294	Digital	0.08037515377750587	0.000213	0.0047
53.14184586440004	Digital	0.08087233837750588	0.000213	0.0047
53.72775304616555	Digital	0.08137182337750587	0.000213	0.0047
54.338959942717274	Digital	0.08185213837750588	0.000213	0.0047
54.960994611293366	Digital	0.08232073837750588	0.000213	0.0047
55.5943279446267	Digital	0.08278933837750588	0.000213	0.0047
56.2110279446267	Digital	0.08327919577750588	0.000213	0.0047
56.894051064966696	Digital	0.08371137277750587	0.000213	0.0047
57.564689953855584	Digital	0.08421648097750588	0.000213	0.0047
58.20360662052225	Digital	0.08477023837750587	0.000213	0.0047
58.8387741809763	Digital	0.08528510197750587	0.000213	0.0047
59.43490977419664	Digital	0.08579263837750588	0.000213	0.0047
60.028231808094944	Digital	0.08630371057750588	0.000213	0.0047
60.643187310133364	Digital	0.08677239577750588	0.000213	0.0047
61.239643450484245	Digital	0.08726233837750588	0.000213	0.0047
61.8781301131797	Digital	0.08770644337750587	0.000213	0.0047
62.507621638603425	Digital	0.08817206137750588	0.000213	0.0047
63.12416401148478	Digital	0.08865395257750587	0.000213	0.0047
63.7130279446267	Digital	0.08917673977750587	0.000213	0.0047
64.32766127796003	Digital	0.08966923837750587	0.000213	0.0047
64.92467279781432	Digital	0.09017783977750587	0.000213	0.0047
65.50267279781431	Digital	0.09068120137750588	0.000213	0.0047
66.14060136924289	Digital	0.09111308017750588	0.000213	0.0047
66.72950333353967	Digital	0.09158615317750587	0.000213	0.0047
67.31961654108682	Digital	0.09204887437750588	0.000213	0.0047
67.95319353355204	Digital	0.09245953837750588	0.000213	0.0047
68.53671353355205	Digital	0.09290308957750587	0.000213	0.0047
69.15319353355204	Digital	0.09331153837750587	0.000213	0.0047
69.73982659745005	Digital	0.09374069077750588	0.000213	0.0047
70.36790993078338	Digital	0.09412093837750587	0.000213	0.0047
70.97908356085459	Digital	0.09451669237750587	0.000213	0.0047
71.5831744699455	Digital	0.09488773837750587	0.000213	0.0047
72.15785628812732	Digital	0.09528634657750587	0.000213	0.0047
72.7686594817245	Digital	0.09565602937750586	0.000213	0.0047
73.35670392616893	Digital	0.09605088877750588	0.000213	0.0047
73.96834837061338	Digital	0.09642312757750587	0.000213	0.0047
74.57021503728004	Digital	0.09680473837750588	0.000213	0.0047
75.09968170394671	Digital	0.09725574457750588	0.000213	0.0047
75.71761521067552	Digital	0.09767897557750588	0.000213	0.0047
76.39463430024966	Digital	0.09805377037750589	0.000213	0.0047
77.02135970406758	Digital	0.09848692717750587	0.000213	0.0047
77.67240786275866	Digital	0.09889213837750588	0.000213	0.0047
78.30557000509174	Digital	0.09931813837750587	0.000213	0.0047
78.9345034642667	Digital	0.09974413837750587	0.000213	0.0047
79.58156228779612	Digital	0.10012753837750588	0.000213	0.0047
80.25915052309023	Digital	0.10047777427750589	0.000213	0.0047
80.87498837061338	Digital	0.10087911313750589	0.000213	0.0047
81.44859281505782	Digital	0.10128781327750587	0.000213	0.0047
82.05910392616893	Digital	0.10166113837750587	0.000213	0.0047
82.67293909745004	Digital	0.10205217655750587	0.000213	0.0047
83.27944743078339	Digital	0.10245448243750586	0.000213	0.0047
83.90155056760855	Digital	0.10283874721750587	0.000213	0.0047
84.47338461016173	Digital	0.10326738415750587	0.000213	0.0047
