-87.67853985992738	Digital	-0.1040116464624294	0.000213	0.0047
-87.07507882806055	Digital	-0.1036014084624294	0.000213	0.0047
-86.43053002436838	Digital	-0.10322738046242941	0.000213	0.0047
-85.79853131986249	Digital	-0.10284014646242941	0.000213	0.0047
-85.1716576401003	Digital	-0.1024354464624294	0.000213	0.0047
-84.51318769474513	Digital	-0.10205204646242941	0.000213	0.0047
-83.85471774938995	Digital	-0.1016686464624294	0.000213	0.0047
-83.18579735132388	Digital	-0.1013278464624294	0.000213	0.0047
-82.60892223997523	Digital	-0.1009231464624294	0.000213	0.0047
-82.00922013238372	Digital	-0.1005397464624294	0.000213	0.0047
-81.36622798655651	Digital	-0.10017764646242941	0.000213	0.0047
-80.74423630273947	Digital	-0.0997942464624294	0.000213	0.0047
-80.1182658322602	Digital	-0.09941084646242941	0.000213	0.0047
-79.48397083022851	Digital	-0.0990274464624294	0.000213	0.0047
-78.82935888386524	Digital	-0.0986653464624294	0.000213	0.0047
-78.09037604132483	Digital	-0.0983884464624294	0.000213	0.0047
-77.44394115623349	Digital	-0.0980050464624294	0.000213	0.0047
-76.83679128390979	Digital	-0.0975790464624294	0.000213	0.0047
-76.27007587007594	Digital	-0.09715304646242941	0.000213	0.0047
-75.73209767750527	Digital	-0.09672704646242941	0.000213	0.0047
-75.13537091466908	Digital	-0.0963436464624294	0.000213	0.0047
-74.51592059754435	Digital	-0.0959602464624294	0.000213	0.0047
-73.93875357851687	Digital	-0.0955342464624294	0.000213	0.0047
-73.34537649967382	Digital	-0.09510824646242941	0.000213	0.0047
-72.74925372099852	Digital	-0.09468224646242941	0.000213	0.0047
-72.12525123774745	Digital	-0.09427925046242941	0.000213	0.0047
-71.55052088335609	Digital	-0.0938089464624294	0.000213	0.0047
-70.93572889568274	Digital	-0.09338294646242941	0.000213	0.0047
-70.30615801923079	Digital	-0.0929782464624294	0.000213	0.0047
-69.6579953921784	Digital	-0.09259484646242941	0.000213	0.0047
-69.04917572227598	Digital	-0.0921688464624294	0.000213	0.0047
-68.4813957615687	Digital	-0.0917002464624294	0.000213	0.0047
-67.85467670459425	Digital	-0.0912955464624294	0.000213	0.0047
-67.21849938044119	Digital	-0.09086954646242941	0.000213	0.0047
-66.54790298654382	Digital	-0.0904648464624294	0.000213	0.0047
-65.92931768834687	Digital	-0.0899962464624294	0.000213	0.0047
-65.2198516059652	Digital	-0.0896520384624294	0.000213	0.0047
-64.63542656957509	Digital	-0.0891655464624294	0.000213	0.0047
-64.05108697006634	Digital	-0.08867564646242941	0.000213	0.0047
-63.395914556273226	Digital	-0.0882496464624294	0.000213	0.0047
-62.77522490110081	Digital	-0.0877810464624294	0.000213	0.0047
-62.123545852800696	Digital	-0.0873550464624294	0.000213	0.0047
-61.494376228953996	Digital	-0.08690987646242941	0.000213	0.0047
-60.886498301345775	Digital	-0.08643914646242941	0.000213	0.0047
-60.2067960514419	Digital	-0.0860131464624294	0.000213	0.0047
-59.51083983374655	Digital	-0.0855871464624294	0.000213	0.0047
-58.83008580516643	Digital	-0.0851398464624294	0.000213	0.0047
-58.18294530533888	Digital	-0.0846712464624294	0.000213	0.0047
-57.52101156632603	Digital	-0.08424524646242941	0.000213	0.0047
-56.8928844534119	Digital	-0.08377664646242941	0.000213	0.0047
-56.267207252467095	Digital	-0.08328674646242941	0.000213	0.0047
-55.57188974124195	Digital	-0.0828820464624294	0.000213	0.0047
-54.97278775278781	Digital	-0.08234954646242941	0.000213	0.0047
-54.42266163937126	Digital	-0.0817957464624294	0.000213	0.0047
-53.82266163937127	Digital	-0.0813058464624294	0.000213	0.0047
-53.209817179020774	Digital	-0.0808159464624294	0.000213	0.0047
-52.5703547076999	Digital	-0.0803473464624294	0.000213	0.0047
-51.94728030586444	Digital	-0.0798574464624294	0.000213	0.0047
-51.28936283213531	Digital	-0.0794314464624294	0.000213	0.0047
-50.73763869420427	Digital	-0.07887764646242941	0.000213	0.0047
-50.13819325752571	Digital	-0.07838774646242941	0.000213	0.0047
-49.47555121207116	Digital	-0.0779830464624294	0.000213	0.0047
-48.86617621207116	Digital	-0.0775144464624294	0.000213	0.0047
-48.18803627434894	Digital	-0.0770884464624294	0.000213	0.0047
-47.51996144031152	Digital	-0.0766198464624294	0.000213	0.0047
-46.89714912890537	Digital	-0.0760873464624294	0.000213	0.0047
-46.230605168041436	Digital	-0.0756187464624294	0.000213	0.0047
-45.59512521664411	Digital	-0.07510754646242941	0.000213	0.0047
-44.95964526524678	Digital	-0.07459634646242941	0.000213	0.0047
-44.353682488846175	Digital	-0.0740425464624294	0.000213	0.0047
-43.74762188278557	Digital	-0.07348874646242941	0.000213	0.0047
-43.072320577474926	Digital	-0.07302014646242941	0.000213	0.0047
-42.39717168738289	Digital	-0.0725089464624294	0.000213	0.0047
-41.69495187146518	Digital	-0.0720403464624294	0.000213	0.0047
-41.02179744135649	Digital	-0.0715291464624294	0.000213	0.0047
-40.3793659753255	Digital	-0.07101794646242941	0.000213	0.0047
-39.736934509294514	Digital	-0.07050674646242941	0.000213	0.0047
-39.12004411976591	Digital	-0.06995422446242941	0.000213	0.0047
-38.46873977193982	Digital	-0.06944174646242941	0.000213	0.0047
-37.84555136614272	Digital	-0.0688879464624294	0.000213	0.0047
-37.23893339567029	Digital	-0.06831284646242941	0.000213	0.0047
-36.63367023777555	Digital	-0.0677377464624294	0.000213	0.0047
-36.0667077498495	Digital	-0.0670987464624294	0.000213	0.0047
-35.431080219485125	Digital	-0.0665236464624294	0.000213	0.0047
-34.875074821374454	Digital	-0.06582287646242942	0.000213	0.0047
-34.20846972280685	Digital	-0.06530954646242941	0.000213	0.0047
-33.58740230707651	Digital	-0.06473487246242941	0.000213	0.0047
-32.96436859921134	Digital	-0.06416318046242941	0.000213	0.0047
-32.34424712657345	Digital	-0.0635203464624294	0.000213	0.0047
-31.705392830184906	Digital	-0.0629026464624294	0.000213	0.0047
-31.058801032546004	Digital	-0.0623062464624294	0.000213	0.0047
-30.4514357468704	Digital	-0.061688546462429404	0.000213	0.0047
-29.857609589274947	Digital	-0.061049546462429403	0.000213	0.0047
-29.308256241892057	Digital	-0.060431846462429405	0.000213	0.0047
-28.79191201240573	Digital	-0.059814146462429406	0.000213	0.0047
-28.171800591517936	Digital	-0.05917557246242942	0.000213	0.0047
-27.486091914643186	Digital	-0.05849354646242941	0.000213	0.0047
-26.78114491817676	Digital	-0.0578532684624294	0.000213	0.0047
-26.113688331335155	Digital	-0.05717294646242941	0.000213	0.0047
-25.467378498748502	Digital	-0.05653394646242941	0.000213	0.0047
-24.809278993914734	Digital	-0.0559162464624294	0.000213	0.0047
-24.20486552311545	Digital	-0.05517074646242941	0.000213	0.0047
-23.596680934521636	Digital	-0.05440394646242941	0.000213	0.0047
-22.91231001593217	Digital	-0.0537862464624294	0.000213	0.0047
-22.258477142630547	Digital	-0.053083346462429404	0.000213	0.0047
-21.6315341374492	Digital	-0.052316546462429406	0.000213	0.0047
-21.004971322529713	Digital	-0.05154974646242941	0.000213	0.0047
-20.386479401524326	Digital	-0.050825546462429406	0.000213	0.0047
-19.801649958077284	Digital	-0.05003744646242941	0.000213	0.0047
-19.20422474658769	Digital	-0.04927064646242941	0.000213	0.0047
-18.616618861612213	Digital	-0.04848254646242941	0.000213	0.0047
-17.995575615959073	Digital	-0.04775834646242941	0.000213	0.0047
-17.351631657940416	Digital	-0.04694639046242941	0.000213	0.0047
-16.698947094182024	Digital	-0.046152752462429406	0.000213	0.0047
-16.067073129362953	Digital	-0.04530884646242941	0.000213	0.0047
-15.396803849275027	Digital	-0.04454204646242941	0.000213	0.0047
-14.735693755851324	Digital	-0.04375394646242941	0.000213	0.0047
-14.098070136196478	Digital	-0.0428806464624294	0.000213	0.0047
-13.43727220371384	Digital	-0.0419860464624294	0.000213	0.0047
-12.760321791825614	Digital	-0.0411340464624294	0.000213	0.0047
-12.126094834297625	Digital	-0.0401755464624294	0.000213	0.0047
-11.51269786260572	Digital	-0.039174872462429414	0.000213	0.0047
-10.909834136470108	Digital	-0.03814693446242941	0.000213	0.0047
-10.27675925784747	Digital	-0.037159466462429395	0.000213	0.0047
-9.694207663100748	Digital	-0.0360220464624294	0.000213	0.0047
-9.12076523923242	Digital	-0.0348505464624294	0.000213	0.0047
-8.538952587164294	Digital	-0.033679046462429404	0.000213	0.0047
-8.002094163958516	Digital	-0.0323797464624294	0.000213	0.0047
-7.402532558051731	Digital	-0.0309011004624294	0.000213	0.0047
-6.700063707105721	Digital	-0.029802446462429404	0.000213	0.0047
-6.0172673331603335	Digital	-0.028632224462429412	0.000213	0.0047
-5.398985239755033	Digital	-0.0272464464624294	0.000213	0.0047
-4.801238232010375	Digital	-0.025786118462429394	0.000213	0.0047
-4.192552352651379	Digital	-0.0241366464624294	0.000213	0.0047
-3.509560839214321	Digital	-0.022609010462429396	0.000213	0.0047
-2.8820855916895662	Digital	-0.020813846462429404	0.000213	0.0047
-2.229591469423569	Digital	-0.018661268462429395	0.000213	0.0047
-1.5594883766400618	Digital	-0.016384724462429414	0.000213	0.0047
-0.917720366269053	Digital	-0.013912646462429405	0.000213	0.0047
-0.17024101713153728	Digital	-0.01066013646242941	0.000213	0.0047
1.510760630670942	Digital	-0.005629502462429404	0.000213	0.0047
2.538518504450364	Digital	0.007474683537570602	0.000213	0.0047
3.225183873342713	Digital	0.010903131537570603	0.000213	0.0047
3.9313616508186984	Digital	0.013828047537570597	0.000213	0.0047
4.569126461170086	Digital	0.0162609335375706	0.000213	0.0047
5.232325750780641	Digital	0.018522993537570597	0.000213	0.0047
5.847104553391299	Digital	0.020721153537570595	0.000213	0.0047
6.387035108946854	Digital	0.022640283537570593	0.000213	0.0047
6.994938306425073	Digital	0.024278253537570595	0.000213	0.0047
7.633062388657084	Digital	0.0259579715375706	0.000213	0.0047
8.302023475294384	Digital	0.027494553537570597	0.000213	0.0047
8.932682472698668	Digital	0.029144025537570596	0.000213	0.0047
9.532589805028103	Digital	0.030615429537570595	0.000213	0.0047
10.153347363234982	Digital	0.0320101535375706	0.000213	0.0047
10.786467204803646	Digital	0.03320295353757059	0.000213	0.0047
11.400527670592737	Digital	0.0343395215375706	0.000213	0.0047
12.042217240967396	Digital	0.035394723537570595	0.000213	0.0047
12.584948193621683	Digital	0.036533421537570596	0.000213	0.0047
13.19589468133303	Digital	0.037484253537570594	0.000213	0.0047
13.817146650899822	Digital	0.038357553537570595	0.000213	0.0047
14.38279324517426	Digital	0.039294753537570594	0.000213	0.0047
14.913243193212027	Digital	0.0403580495375706	0.000213	0.0047
15.583439393772597	Digital	0.0412603175375706	0.000213	0.0047
16.22622980174519	Digital	0.04223756153757059	0.000213	0.0047
16.913288046257392	Digital	0.04305675953757059	0.000213	0.0047
17.525608223313835	Digital	0.04395221153757059	0.000213	0.0047
18.125940204132718	Digital	0.04487535353757059	0.000213	0.0047
18.742357392074794	Digital	0.04576441553757059	0.000213	0.0047
19.372265648955526	Digital	0.04662365753757059	0.000213	0.0047
20.024375740698645	Digital	0.04743135353757059	0.000213	0.0047
20.545021491606068	Digital	0.04836983153757059	0.000213	0.0047
21.150076436661013	Digital	0.04913535353757059	0.000213	0.0047
21.757828847355277	Digital	0.049944753537570594	0.000213	0.0047
22.389742894311105	Digital	0.050732853537570594	0.000213	0.0047
22.990480635393855	Digital	0.05158485353757059	0.000213	0.0047
23.610420491974928	Digital	0.05228477153757059	0.000213	0.0047
24.192423730466714	Digital	0.05305455353757059	0.000213	0.0047
24.78862547149566	Digital	0.05382177953757059	0.000213	0.0047
25.412180542378977	Digital	0.05455705553757059	0.000213	0.0047
26.017851207591633	Digital	0.05532726353757059	0.000213	0.0047
26.636931376955268	Digital	0.056137941537570596	0.000213	0.0047
27.23581494952305	Digital	0.05699505353757059	0.000213	0.0047
27.864963758763718	Digital	0.05774055353757059	0.000213	0.0047
28.44829709209705	Digital	0.05848605353757059	0.000213	0.0047
29.055439949239908	Digital	0.05918895353757059	0.000213	0.0047
29.722681200001738	Digital	0.059806653537570593	0.000213	0.0047
30.33124807172651	Digital	0.06053852153757058	0.000213	0.0047
30.975030612517486	Digital	0.06120052553757059	0.000213	0.0047
31.566902963552135	Digital	0.0618978875375706	0.000213	0.0047
32.207665865571585	Digital	0.06251171093757059	0.000213	0.0047
32.826713710859124	Digital	0.06315075353757059	0.000213	0.0047
33.48899942514484	Digital	0.06370463873757058	0.000213	0.0047
34.11250591865133	Digital	0.06432212573757058	0.000213	0.0047
34.69631277218138	Digital	0.0649400387375706	0.000213	0.0047
35.30834262292764	Digital	0.06549371093757059	0.000213	0.0047
35.99476053337541	Digital	0.06594122393757058	0.000213	0.0047
36.6076262050172	Digital	0.06649370333757058	0.000213	0.0047
37.28473068262914	Digital	0.06695450753757058	0.000213	0.0047
37.8418189464943	Digital	0.0675663713375706	0.000213	0.0047
38.404179602232006	Digital	0.06813499613757058	0.000213	0.0047
38.99398569501578	Digital	0.06866949833757059	0.000213	0.0047
39.611026790906195	Digital	0.06926496113757058	0.000213	0.0047
40.295574736111675	Digital	0.06975545753757059	0.000213	0.0047
41.00897199638565	Digital	0.07020109613757058	0.000213	0.0047
41.66095886129935	Digital	0.07074944333757059	0.000213	0.0047
42.319688591029085	Digital	0.07128735353757058	0.000213	0.0047
42.94183266266897	Digital	0.0718730183375706	0.000213	0.0047
43.52331751115382	Digital	0.07246136693757059	0.000213	0.0047
44.116014480850794	Digital	0.07303395353757058	0.000213	0.0047
44.74860583174019	Digital	0.0735236831375706	0.000213	0.0047
45.341261569445116	Digital	0.0740529455375706	0.000213	0.0047
45.93616111376694	Digital	0.0745888109375706	0.000213	0.0047
46.57169052553165	Digital	0.0751167101375706	0.000213	0.0047
47.183778760825774	Digital	0.07567856153757059	0.000213	0.0047
47.76373135243129	Digital	0.07622656793757059	0.000213	0.0047
48.31708849528843	Digital	0.07675932353757059	0.000213	0.0047
48.90098368337738	Digital	0.07727252573757058	0.000213	0.0047
49.52129618337738	Digital	0.07779011573757058	0.000213	0.0047
50.12326493337738	Digital	0.07833271193757059	0.000213	0.0047
50.7179223959408	Digital	0.0788912831375706	0.000213	0.0047
51.364753165171564	Digital	0.07938024593757059	0.000213	0.0047
52.01023008824849	Digital	0.07987108313757059	0.000213	0.0047
52.57405473585467	Digital	0.08037516893757059	0.000213	0.0047
53.14179547659541	Digital	0.0808723535375706	0.000213	0.0047
53.727706133381936	Digital	0.08137183853757059	0.000213	0.0047
54.33891302993366	Digital	0.0818521535375706	0.000213	0.0047
54.9609492622692	Digital	0.0823207535375706	0.000213	0.0047
55.594282595602536	Digital	0.0827893535375706	0.000213	0.0047
56.21098259560254	Digital	0.0832792109375706	0.000213	0.0047
56.89401327411323	Digital	0.08371138793757059	0.000213	0.0047
57.564652163002116	Digital	0.08421649613757058	0.000213	0.0047
58.20356882966878	Digital	0.08477025353757059	0.000213	0.0047
58.838728063324616	Digital	0.08528511713757059	0.000213	0.0047
59.434863656544955	Digital	0.0857926535375706	0.000213	0.0047
60.02818569044326	Digital	0.08630372573757059	0.000213	0.0047
60.64313957431846	Digital	0.08677241093757058	0.000213	0.0047
61.23959571466934	Digital	0.08726235353757059	0.000213	0.0047
61.87808399552801	Digital	0.0877064585375706	0.000213	0.0047
62.50757552095174	Digital	0.08817207653757059	0.000213	0.0047
63.1241178938331	Digital	0.08865396773757059	0.000213	0.0047
63.71298259560255	Digital	0.08917675493757059	0.000213	0.0047
64.32761592893587	Digital	0.08966925353757059	0.000213	0.0047
64.92462420957416	Digital	0.09017785493757058	0.000213	0.0047
65.50262420957415	Digital	0.0906812165375706	0.000213	0.0047
66.14055278100273	Digital	0.09111309533757059	0.000213	0.0047
66.72945199502175	Digital	0.09158616833757059	0.000213	0.0047
67.31956520256891	Digital	0.0920488895375706	0.000213	0.0047
67.95313911472306	Digital	0.09245955353757059	0.000213	0.0047
68.53665911472305	Digital	0.09290310473757057	0.000213	0.0047
69.15313911472305	Digital	0.09331155353757059	0.000213	0.0047
69.73976991116984	Digital	0.0937407059375706	0.000213	0.0047
70.36785324450318	Digital	0.09412095353757059	0.000213	0.0047
70.9790217212762	Digital	0.09451670753757059	0.000213	0.0047
71.58311263036711	Digital	0.09488775353757059	0.000213	0.0047
72.15779444854893	Digital	0.09528636173757059	0.000213	0.0047
72.76859901635896	Digital	0.09565604453757058	0.000213	0.0047
73.35664346080338	Digital	0.0960509039375706	0.000213	0.0047
73.96828790524785	Digital	0.09642314273757059	0.000213	0.0047
74.5701545719145	Digital	0.09680475353757059	0.000213	0.0047
75.09962123858116	Digital	0.09725575973757059	0.000213	0.0047
75.71756526681631	Digital	0.09767899073757058	0.000213	0.0047
76.39458435639045	Digital	0.09805378553757059	0.000213	0.0047
77.02130976020838	Digital	0.09848694233757058	0.000213	0.0047
77.67235795554205	Digital	0.0988921535375706	0.000213	0.0047
78.30552009787513	Digital	0.09931815353757059	0.000213	0.0047
78.93445011247358	Digital	0.09974415353757059	0.000213	0.0047
79.58150893600299	Digital	0.1001275535375706	0.000213	0.0047
80.2590971712971	Digital	0.10047778943757059	0.000213	0.0047
80.87492790524783	Digital	0.10087912829757059	0.000213	0.0047
81.44853234969229	Digital	0.10128782843757059	0.000213	0.0047
82.0590434608034	Digital	0.10166115353757059	0.000213	0.0047
82.67288241116987	Digital	0.10205219171757057	0.000213	0.0047
83.27939074450319	Digital	0.10245449759757058	0.000213	0.0047
83.9014926752373	Digital	0.10283876237757059	0.000213	0.0047
84.47332671779048	Digital	0.10326739931757059	0.000213	0.0047
