170.00003655922572	Digital	0.147864599996858	0.000213	0.0047
95.74633735947675	Digital	0.148375799996858	0.000213	0.0047
21.49263815972779	Digital	0.14897219999685798	0.000213	0.0047
22.49263815972779	Digital	0.149483399996858	0.000213	0.0047
23.49263815972779	Digital	0.149951999996858	0.000213	0.0047
24.49263815972779	Digital	0.150590999996858	0.000213	0.0047
25.49263815972779	Digital	0.151102199996858	0.000213	0.0047
26.49263815972779	Digital	0.151698599996858	0.000213	0.0047
27.49263815972779	Digital	0.152209799996858	0.000213	0.0047
28.49263815972779	Digital	0.15276359999685798	0.000213	0.0047
29.49263815972779	Digital	0.15340259999685799	0.000213	0.0047
30.49263815972779	Digital	0.153956399996858	0.000213	0.0047
31.49263815972779	Digital	0.154510199996858	0.000213	0.0047
32.49263815972779	Digital	0.155063999996858	0.000213	0.0047
33.49263815972779	Digital	0.15557519999685798	0.000213	0.0047
34.49263815972779	Digital	0.156256799996858	0.000213	0.0047
35.49263815972779	Digital	0.15685319999685798	0.000213	0.0047
36.49263815972779	Digital	0.15749219999685798	0.000213	0.0047
37.49263815972779	Digital	0.15808859999685798	0.000213	0.0047
38.49263815972779	Digital	0.158684999996858	0.000213	0.0047
39.49263815972779	Digital	0.15936659999685798	0.000213	0.0047
40.49263815972779	Digital	0.16000559999685798	0.000213	0.0047
41.49263815972779	Digital	0.160687199996858	0.000213	0.0047
42.49263815972779	Digital	0.161326199996858	0.000213	0.0047
43.49263815972779	Digital	0.161965199996858	0.000213	0.0047
44.49263815972779	Digital	0.162646799996858	0.000213	0.0047
45.49263815972779	Digital	0.163370999996858	0.000213	0.0047
46.49263815972779	Digital	0.16413779999685799	0.000213	0.0047
47.49263815972779	Digital	0.164819399996858	0.000213	0.0047
48.49263815972779	Digital	0.165500999996858	0.000213	0.0047
49.49263815972779	Digital	0.166438199996858	0.000213	0.0047
50.49263815972779	Digital	0.167077199996858	0.000213	0.0047
51.49263815972779	Digital	0.167673599996858	0.000213	0.0047
52.49263815972779	Digital	0.168355199996858	0.000213	0.0047
53.49263815972779	Digital	0.16916459999685798	0.000213	0.0047
54.49263815972779	Digital	0.169888799996858	0.000213	0.0047
55.49263815972779	Digital	0.170655599996858	0.000213	0.0047
56.49263815972779	Digital	0.17133719999685798	0.000213	0.0047
57.49263815972779	Digital	0.17231699999685798	0.000213	0.0047
58.49263815972779	Digital	0.172998599996858	0.000213	0.0047
59.49263815972779	Digital	0.173978399996858	0.000213	0.0047
60.49263815972779	Digital	0.17470259999685797	0.000213	0.0047
61.49263815972779	Digital	0.17581019999685799	0.000213	0.0047
62.49263815972779	Digital	0.17678999999685796	0.000213	0.0047
63.49263815972779	Digital	0.17747159999685796	0.000213	0.0047
64.49263815972779	Digital	0.17806799999685796	0.000213	0.0047
65.49263815972779	Digital	0.17921819999685798	0.000213	0.0047
66.49263815972779	Digital	0.18032579999685797	0.000213	0.0047
67.49263815972779	Digital	0.18143339999685798	0.000213	0.0047
68.49263815972779	Digital	0.18224279999685797	0.000213	0.0047
69.49263815972779	Digital	0.18330779999685798	0.000213	0.0047
70.49263815972779	Digital	0.18424499999685798	0.000213	0.0047
71.49263815972779	Digital	0.18530999999685796	0.000213	0.0047
72.49263815972779	Digital	0.18663059999685797	0.000213	0.0047
73.49263815972779	Digital	0.18782339999685796	0.000213	0.0047
74.49263815972779	Digital	0.18901619999685798	0.000213	0.0047
75.49263815972779	Digital	0.19029419999685798	0.000213	0.0047
76.49263815972779	Digital	0.19144439999685797	0.000213	0.0047
77.49263815972779	Digital	0.19310579999685798	0.000213	0.0047
78.49263815972779	Digital	0.19451159999685796	0.000213	0.0047
79.49263815972779	Digital	0.19625819999685798	0.000213	0.0047
80.49263815972779	Digital	0.19796219999685796	0.000213	0.0047
81.49263815972779	Digital	0.20013479999685796	0.000213	0.0047
82.49263815972779	Digital	0.20234999999685796	0.000213	0.0047
83.49263815972779	Digital	0.20490599999685796	0.000213	0.0047
84.49263815972779	Digital	0.20767499999685798	0.000213	0.0047
85.49263815972779	Digital	0.21146639999685798	0.000213	0.0047
86.49263815972779	Digital	0.21798419999685797	0.000213	0.0047
87.49263815972779	Digital	0.22147739999685798	0.000213	0.0047
88.49263815972779	Digital	0.22386299999685796	0.000213	0.0047
89.49263815972779	Digital	0.22829339999685797	0.000213	0.0047
90.49263815972779	Digital	0.23216999999685797	0.000213	0.0047
91.49263815972779	Digital	0.23515199999685796	0.000213	0.0047
92.49263815972779	Digital	0.23749499999685797	0.000213	0.0047
93.49263815972779	Digital	0.23936939999685797	0.000213	0.0047
94.49263815972779	Digital	0.23966759999685797	0.000213	0.0047
95.49263815972779	Digital	0.24141419999685798	0.000213	0.0047
96.49263815972779	Digital	0.24299039999685798	0.000213	0.0047
97.49263815972779	Digital	0.24477959999685797	0.000213	0.0047
98.49263815972779	Digital	0.24665399999685797	0.000213	0.0047
99.49263815972779	Digital	0.24827279999685797	0.000213	0.0047
100.49263815972779	Digital	0.24976379999685797	0.000213	0.0047
101.49263815972779	Digital	0.25112699999685795	0.000213	0.0047
102.49263815972779	Digital	0.252319799996858	0.000213	0.0047
103.49263815972779	Digital	0.253427399996858	0.000213	0.0047
104.49263815972779	Digital	0.25427939999685795	0.000213	0.0047
105.49263815972779	Digital	0.25513139999685797	0.000213	0.0047
106.49263815972779	Digital	0.25615379999685794	0.000213	0.0047
107.49263815972779	Digital	0.257261399996858	0.000213	0.0047
108.49263815972779	Digital	0.25832639999685797	0.000213	0.0047
109.49263815972779	Digital	0.259050599996858	0.000213	0.0047
110.49263815972779	Digital	0.260328599996858	0.000213	0.0047
111.49263815972779	Digital	0.26139359999685796	0.000213	0.0047
112.49263815972779	Digital	0.262330799996858	0.000213	0.0047
113.49263815972779	Digital	0.262969799996858	0.000213	0.0047
114.49263815972779	Digital	0.26382179999685795	0.000213	0.0047
115.49263815972779	Digital	0.264673799996858	0.000213	0.0047
116.49263815972779	Digital	0.26573879999685796	0.000213	0.0047
117.49263815972779	Digital	0.266633399996858	0.000213	0.0047
118.49263815972779	Digital	0.267485399996858	0.000213	0.0047
119.49263815972779	Digital	0.267911399996858	0.000213	0.0047
120.49263815972779	Digital	0.26876339999685794	0.000213	0.0047
121.49263815972779	Digital	0.26953019999685796	0.000213	0.0047
122.49263815972779	Digital	0.27021179999685796	0.000213	0.0047
123.49263815972779	Digital	0.271021199996858	0.000213	0.0047
124.49263815972779	Digital	0.271787999996858	0.000213	0.0047
125.49263815972779	Digital	0.27259739999685795	0.000213	0.0047
126.49263815972779	Digital	0.27319379999685794	0.000213	0.0047
127.49263815972779	Digital	0.27413099999685797	0.000213	0.0047
128.4926381597278	Digital	0.275025599996858	0.000213	0.0047
129.4926381597278	Digital	0.27579239999685795	0.000213	0.0047
130.4926381597278	Digital	0.27651659999685796	0.000213	0.0047
131.4926381597278	Digital	0.27724079999685797	0.000213	0.0047
132.4926381597278	Digital	0.27775199999685796	0.000213	0.0047
133.4926381597278	Digital	0.27843359999685796	0.000213	0.0047
134.4926381597278	Digital	0.279328199996858	0.000213	0.0047
135.4926381597278	Digital	0.279924599996858	0.000213	0.0047
136.4926381597278	Digital	0.28039319999685797	0.000213	0.0047
137.4926381597278	Digital	0.281330399996858	0.000213	0.0047
138.4926381597278	Digital	0.281884199996858	0.000213	0.0047
139.4926381597278	Digital	0.282480599996858	0.000213	0.0047
140.4926381597278	Digital	0.283162199996858	0.000213	0.0047
141.4926381597278	Digital	0.28328999999685794	0.000213	0.0047
142.4926381597278	Digital	0.28418459999685797	0.000213	0.0047
143.4926381597278	Digital	0.28461059999685795	0.000213	0.0047
144.4926381597278	Digital	0.285121799996858	0.000213	0.0047
145.4926381597278	Digital	0.28584599999685795	0.000213	0.0047
146.4926381597278	Digital	0.286144199996858	0.000213	0.0047
147.4926381597278	Digital	0.28674059999685797	0.000213	0.0047
148.4926381597278	Digital	0.287635199996858	0.000213	0.0047
149.4926381597278	Digital	0.28797599999685797	0.000213	0.0047
150.4926381597278	Digital	0.28852979999685796	0.000213	0.0047
151.4926381597278	Digital	0.28925399999685797	0.000213	0.0047
152.4926381597278	Digital	0.289509599996858	0.000213	0.0047
153.4926381597278	Digital	0.290105999996858	0.000213	0.0047
154.4926381597278	Digital	0.29091539999685795	0.000213	0.0047
155.4926381597278	Digital	0.29151179999685795	0.000213	0.0047
156.4926381597278	Digital	0.29180999999685797	0.000213	0.0047
157.4926381597278	Digital	0.29240639999685797	0.000213	0.0047
158.4926381597278	Digital	0.29283239999685795	0.000213	0.0047
159.4926381597278	Digital	0.29359919999685796	0.000213	0.0047
160.4926381597278	Digital	0.293939999996858	0.000213	0.0047
161.4926381597278	Digital	0.294493799996858	0.000213	0.0047
162.4926381597278	Digital	0.29491979999685797	0.000213	0.0047
163.4926381597278	Digital	0.29555879999685797	0.000213	0.0047
164.4926381597278	Digital	0.29589959999685794	0.000213	0.0047
165.4926381597278	Digital	0.296410799996858	0.000213	0.0047
166.4926381597278	Digital	0.29675159999685796	0.000213	0.0047
167.4926381597278	Digital	0.29675159999685796	0.000213	0.0047
