10.259403574749701	Digital	0.1670345999999998	0.000213	0.0047
12.38803357932821	Digital	0.16784399999999983	0.000213	0.0047
14.51666358390672	Digital	0.1685681999999998	0.000213	0.0047
15.51666358390672	Digital	0.16933499999999982	0.000213	0.0047
16.51666358390672	Digital	0.17005919999999983	0.000213	0.0047
17.51666358390672	Digital	0.17074079999999983	0.000213	0.0047
18.51666358390672	Digital	0.17167799999999983	0.000213	0.0047
19.51666358390672	Digital	0.17248739999999982	0.000213	0.0047
20.51666358390672	Digital	0.1733393999999998	0.000213	0.0047
21.51666358390672	Digital	0.17406359999999982	0.000213	0.0047
22.51666358390672	Digital	0.17478779999999983	0.000213	0.0047
23.51666358390672	Digital	0.17546939999999983	0.000213	0.0047
24.51666358390672	Digital	0.17640659999999983	0.000213	0.0047
25.51666358390672	Digital	0.17721599999999985	0.000213	0.0047
26.51666358390672	Digital	0.17806799999999984	0.000213	0.0047
27.51666358390672	Digital	0.17891999999999983	0.000213	0.0047
28.51666358390672	Digital	0.17960159999999983	0.000213	0.0047
29.51666358390672	Digital	0.18032579999999984	0.000213	0.0047
30.51666358390672	Digital	0.18130559999999984	0.000213	0.0047
31.51666358390672	Digital	0.18207239999999983	0.000213	0.0047
32.51666358390672	Digital	0.18292439999999985	0.000213	0.0047
33.51666358390672	Digital	0.18386159999999985	0.000213	0.0047
34.51666358390672	Digital	0.18471359999999984	0.000213	0.0047
35.51666358390672	Digital	0.18573599999999985	0.000213	0.0047
36.51666358390672	Digital	0.18667319999999984	0.000213	0.0047
37.51666358390672	Digital	0.18765299999999985	0.000213	0.0047
38.51666358390672	Digital	0.18846239999999984	0.000213	0.0047
39.51666358390672	Digital	0.18935699999999983	0.000213	0.0047
40.51666358390672	Digital	0.19020899999999985	0.000213	0.0047
41.51666358390672	Digital	0.19127399999999983	0.000213	0.0047
42.51666358390672	Digital	0.19229639999999984	0.000213	0.0047
43.51666358390672	Digital	0.19319099999999984	0.000213	0.0047
44.51666358390672	Digital	0.19412819999999983	0.000213	0.0047
45.51666358390672	Digital	0.19498019999999983	0.000213	0.0047
46.51666358390672	Digital	0.19587479999999985	0.000213	0.0047
47.51666358390672	Digital	0.19676939999999984	0.000213	0.0047
48.51666358390672	Digital	0.19787699999999983	0.000213	0.0047
49.51666358390672	Digital	0.19881419999999983	0.000213	0.0047
50.51666358390672	Digital	0.19983659999999984	0.000213	0.0047
51.51666358390672	Digital	0.20085899999999984	0.000213	0.0047
52.51666358390672	Digital	0.20188139999999985	0.000213	0.0047
53.51666358390672	Digital	0.20298899999999984	0.000213	0.0047
54.51666358390672	Digital	0.20388359999999983	0.000213	0.0047
55.51666358390672	Digital	0.20494859999999984	0.000213	0.0047
56.51666358390672	Digital	0.20609879999999983	0.000213	0.0047
57.51666358390672	Digital	0.20707859999999984	0.000213	0.0047
58.51666358390672	Digital	0.20814359999999985	0.000213	0.0047
59.51666358390672	Digital	0.20912339999999985	0.000213	0.0047
60.51666358390672	Digital	0.21010319999999985	0.000213	0.0047
61.51666358390672	Digital	0.21129599999999985	0.000213	0.0047
62.51666358390672	Digital	0.21240359999999983	0.000213	0.0047
63.51666358390672	Digital	0.21380939999999984	0.000213	0.0047
64.51666358390672	Digital	0.21483179999999985	0.000213	0.0047
65.51666358390672	Digital	0.21619499999999983	0.000213	0.0047
66.51666358390672	Digital	0.21738779999999983	0.000213	0.0047
67.51666358390672	Digital	0.21862319999999985	0.000213	0.0047
68.51666358390672	Digital	0.21973079999999984	0.000213	0.0047
69.51666358390672	Digital	0.22092359999999983	0.000213	0.0047
70.51666358390672	Digital	0.22232939999999984	0.000213	0.0047
71.51666358390672	Digital	0.22364999999999985	0.000213	0.0047
72.51666358390672	Digital	0.22480019999999984	0.000213	0.0047
73.51666358390672	Digital	0.22607819999999984	0.000213	0.0047
74.51666358390672	Digital	0.22739879999999985	0.000213	0.0047
75.51666358390672	Digital	0.22884719999999983	0.000213	0.0047
76.51666358390672	Digital	0.23029559999999985	0.000213	0.0047
77.51666358390672	Digital	0.23174399999999984	0.000213	0.0047
78.51666358390672	Digital	0.23323499999999983	0.000213	0.0047
79.51666358390672	Digital	0.23472599999999985	0.000213	0.0047
80.51666358390672	Digital	0.23621699999999984	0.000213	0.0047
81.51666358390672	Digital	0.23783579999999985	0.000213	0.0047
82.51666358390672	Digital	0.23941199999999985	0.000213	0.0047
83.51666358390672	Digital	0.24094559999999984	0.000213	0.0047
84.51666358390672	Digital	0.24260699999999985	0.000213	0.0047
85.51666358390672	Digital	0.24448139999999985	0.000213	0.0047
86.51666358390672	Digital	0.24610019999999982	0.000213	0.0047
87.51666358390672	Digital	0.24805979999999983	0.000213	0.0047
88.51666358390672	Digital	0.25001939999999984	0.000213	0.0047
89.51666358390672	Digital	0.25210679999999985	0.000213	0.0047
90.51666358390672	Digital	0.25410899999999986	0.000213	0.0047
91.51666358390672	Digital	0.25628159999999983	0.000213	0.0047
92.51666358390672	Digital	0.2586245999999998	0.000213	0.0047
93.51666358390672	Digital	0.2610953999999998	0.000213	0.0047
94.51666358390672	Digital	0.26382179999999983	0.000213	0.0047
95.51666358390672	Digital	0.26637779999999983	0.000213	0.0047
97.51666358390672	Digital	0.27242699999999986	0.000213	0.0047
98.51666358390672	Digital	0.2757071999999998	0.000213	0.0047
101.51666358390672	Digital	0.2863571999999998	0.000213	0.0047
102.51666358390672	Digital	0.29193779999999986	0.000213	0.0047
104.51666358390672	Digital	0.30612359999999983	0.000213	0.0047
105.51666358390672	Digital	0.3153677999999998	0.000213	0.0047
107.51666358390672	Digital	0.32648639999999984	0.000213	0.0047
108.51666358390672	Digital	0.32759399999999983	0.000213	0.0047
109.51666358390672	Digital	0.33168359999999986	0.000213	0.0047
110.51666358390672	Digital	0.3356879999999998	0.000213	0.0047
