-69.1139	-2365.84	2.68047
-68.4724	-2355.8	2.59408
-67.8103	-2346.34	2.40404
-67.1698	-2337.89	2.3713
-66.6864	-2328.34	2.44869
-66.1591	-2318.34	2.51157
-65.5567	-2307.84	2.50483
-64.8975	-2298.84	2.57406
-64.3696	-2287.84	2.59269
-63.7929	-2278.34	2.53266
-63.2497	-2267.84	2.72612
-62.7617	-2255.84	2.78406
-62.2011	-2245.34	2.82049
-61.6715	-2233.84	2.77841
-61.0834	-2223.84	2.72232
-60.5491	-2212.84	2.76411
-60.0147	-2201.84	2.70119
-59.4328	-2191.94	2.76152
-58.9232	-2180.33	2.87694
-58.3856	-2168.84	2.84488
-57.8241	-2157.84	2.90298
-57.2882	-2145.84	2.86464
-56.6869	-2135.34	2.86247
-56.1188	-2123.83	2.91809
-55.5366	-2112.34	2.82474
-54.9365	-2101.34	2.74072
-54.3403	-2090.76	2.69184
-53.742	-2080.33	2.71015
-53.1783	-2068.84	2.81099
-52.625	-2056.84	2.8872
-52.063	-2044.84	2.89219
-51.4555	-2032.84	2.87878
-50.8316	-2021.34	2.82498
-50.1872	-2010.34	2.88143
-49.5871	-1997.84	2.87421
-48.955	-1986.34	2.88162
-48.4182	-1973.84	2.92523
-47.8518	-1962.34	2.99753
-47.2927	-1948.84	2.91038
-46.5832	-1939.34	2.93208
-45.9962	-1925.84	3.0214
-45.367	-1914.84	2.93277
-44.7888	-1902.34	2.97778
-44.245	-1889.34	3.01486
-43.7357	-1875.84	3.08334
-42.1069	-1838.84	2.8367
-41.4452	-1828.34	2.91781
-40.8318	-1816.34	3.03131
-40.1797	-1805.34	3.06117
-39.5685	-1792.84	3.24431
-39.0207	-1778.34	3.25679
-38.4692	-1764.84	3.0755
-37.9011	-1751.84	2.9792
-37.2842	-1739.34	2.99897
-36.6871	-1725.84	3.1428
-36.0758	-1712.84	3.19891
-35.4527	-1700.34	3.4308
-34.905	-1685.34	3.58647
-34.2867	-1671.34	3.33348
-30.8629	-1586.84	3.61109
-30.2611	-1572.84	3.64222
-29.6658	-1557.84	4.04944
-29.112	-1541.34	4.15637
-28.5207	-1526.34	4.03689
-27.9431	-1510.84	4.00046
-27.3887	-1494.84	4.00683
-26.8358	-1478.84	3.95691
-26.2514	-1463.34	4.15343
-25.7085	-1445.84	4.23159
-25.1245	-1429.84	4.24884
-24.575	-1412.34	4.26062
-23.9869	-1396.34	4.26315
-23.4331	-1378.84	4.46674
-22.8919	-1360.84	4.39658
-22.315	-1343.84	4.36027
-21.7346	-1326.84	4.44729
-21.1693	-1308.84	4.55879
-20.5898	-1290.84	4.76975
-20.0515	-1270.84	4.83008
-19.4418	-1252.34	4.70209
-18.8322	-1233.84	4.79892
-18.2824	-1213.84	4.81212
-17.7161	-1195.34	4.78447
-17.1555	-1175.84	4.83658
-16.5552	-1156.84	4.94364
-15.976	-1136.84	5.1397
-15.4131	-1115.84	5.25315
-14.8708	-1093.84	5.20367
-14.2895	-1073.84	5.10171
-13.731	-1052.81	5.25542
-13.1283	-1032.84	5.45866
-12.5405	-1009.84	5.71713
-11.9347	-987.842	5.94089
-11.3806	-962.842	5.88071
-10.7637	-941.342	6.29612
-10.2756	-912.342	6.79369
-9.74569	-885.502	6.97224
-9.18974	-858.792	7.33589
-8.62171	-831.042	7.70258
-8.07873	-801.552	7.98569
-7.56742	-769.342	7.72547
-6.99695	-741.032	7.95697
-6.4676	-707.982	8.48463
-5.90803	-677.042	8.30676
-5.31167	-643.752	9.19205
-4.75208	-605.842	9.90223
-4.16572	-568.512	10.3987
-3.62395	-524.302	12.3949
-3.11641	-472.052	13.6909
-2.5172	-417.072	15.5699
-1.89502	-365.242	19.9758
-1.47535	-303.422	35.9211
-1.34779	-216.392	72.6426
-0.411348	-61.9123	59.885
0.652457	141.598	55.9458
1.14914	251.008	29.4621
1.71984	334.028	21.8726
2.33542	403.458	18.6384
3.0072	462.738	13.2563
3.5872	512.328	12.0729
4.18979	558.818	11.0716
4.77801	606.108	11.114
5.38773	650.218	9.92478
6.01965	691.818	9.77625
6.59568	729.478	8.13343
7.25706	759.158	7.59886
7.82752	794.158	7.32122
8.4056	824.658	6.62722
9.07209	848.768	6.00196
9.6944	872.798	5.76003
10.3164	896.078	5.84574
10.8916	922.018	5.8214
11.4758	946.808	6.00937
12.053	972.008	6.29174
12.6652	996.658	6.17185
13.2925	1020.58	5.85194
13.8989	1043.61	5.39471
14.4067	1064.34	5.34714
14.9177	1086.89	5.499
15.6017	1107.71	5.53856
16.2685	1129.66	5.63885
16.9202	1151.03	5.57583
17.4296	1173.66	5.07136
18.0205	1192.52	4.77823
18.5659	1214.06	5.05144
19.1261	1234.92	4.88961
19.7609	1252.52	4.98783
20.2995	1274.96	4.69492
20.9498	1291.73	4.5356
21.4833	1312.25	4.94717
21.9645	1335.34	4.78636
22.613	1353.54	4.37058
23.2823	1370.66	4.35425
23.9079	1389.18	4.48445
24.4978	1406.6	4.51833
25.0559	1425.37	4.1993
25.6977	1441.18	3.9646
26.3158	1458.16	3.91954
26.9224	1474.69	3.82563
27.3955	1491.66	3.63574
27.9808	1505.16	3.51776
28.5795	1521.04	3.58086
29.2401	1534.47	3.53816
29.8836	1548.16	3.62784
30.4704	1563.03	3.57368
31.0872	1576.83	3.40862
31.6889	1590.86	3.45298
32.2375	1606.66	3.4755
32.7858	1622.14	3.2869
33.3759	1635.88	3.26055
33.9555	1650.18	3.37384
34.5686	1665.08	3.3106
35.2463	1677.49	3.32631
35.8704	1691.7	3.53034
36.4582	1706.74	3.33484
37.1421	1718.28	3.18422
38.375	1745.66	3.2679
39.5379	1773.65	3.38666
40.0869	1787.99	3.37654
40.6385	1802.03	3.34693
41.1871	1816.13	3.24457
41.8043	1828.23	3.24032
42.3996	1841.18	3.23691
42.9975	1854.04	3.30909
43.4776	1868.33	3.25794
44.0472	1880.17	3.16125
44.6188	1893.29	3.21962
45.2193	1905.67	3.19134
45.8048	1918.35	3.19169
46.3846	1931.03	3.12815
46.9772	1943.25	3.00041
47.5438	1955.1	3.03349
48.0597	1968.34	3.07615
48.6308	1981.04	3.13722
49.1975	1994.04	3.17152
49.8015	2007.06	3.25459
50.4179	2020.75	3.17657
51.0808	2032.79	3.03352
51.6936	2044.35	2.95644
52.2813	2056.01	3.0212
54.0736	2092.69	2.76703
