-69.1139	-1.47124	2.68047
-68.4724	-2.40616	2.59408
-67.8103	-4.33031	2.40404
-67.1698	-6.94673	2.3713
-66.6864	-5.78449	2.44869
-66.1591	-4.96774	2.51157
-65.5567	-5.00509	2.50483
-64.8975	-7.59243	2.57406
-64.3696	-5.91633	2.59269
-63.7929	-6.64529	2.53266
-63.2497	-5.82275	2.72612
-62.7617	-2.55222	2.78406
-62.2011	-2.12394	2.82049
-61.6715	-0.179562	2.77841
-61.0834	-0.840843	2.72232
-60.5491	0.426768	2.76411
-60.0147	1.65021	2.70119
-59.4328	0.855627	2.76152
-58.9232	3.05502	2.87694
-58.3856	4.57228	2.84488
-57.8241	5.10742	2.90298
-57.2882	7.0705	2.86464
-56.6869	6.25395	2.86247
-56.1188	7.01399	2.91809
-55.5366	7.43077	2.82474
-54.9365	6.95703	2.74072
-54.3403	6.07215	2.69184
-53.742	4.93429	2.71015
-53.1783	5.46625	2.81099
-52.625	6.65152	2.8872
-52.063	7.60798	2.89219
-51.4555	7.60313	2.87878
-50.8316	6.70022	2.82498
-50.1872	4.80712	2.88143
-49.5871	5.22428	2.87421
-48.955	3.91712	2.88162
-48.4182	5.4761	2.92523
-47.8518	5.36383	2.99753
-47.2927	7.33357	2.91038
-46.5832	2.10347	2.93208
-45.9962	3.3278	3.0214
-45.367	1.0831	2.93277
-44.7888	1.33013	2.97778
-44.245	2.73268	3.01486
-43.7357	5.30394	3.08334
-42.1069	6.91827	2.8367
-41.4452	2.84507	2.91781
-40.8318	1.2308	3.03131
-40.1797	-2.35618	3.06117
-39.5685	-3.63954	3.24431
-39.0207	-1.58234	3.25679
-38.4692	-0.700449	3.0755
-37.9011	-0.794584	2.9792
-37.2842	-2.62548	2.99897
-36.6871	-3.11134	3.1428
-36.0758	-4.54821	3.19891
-35.4527	-6.89235	3.4308
-34.905	-5.0499	3.58647
-34.2867	-6.02983	3.33348
-30.8629	-7.0698	3.61109
-30.2611	-8.59368	3.64222
-29.6658	-9.10443	4.04944
-29.112	-7.17384	4.15637
-28.5207	-7.886	4.03689
-27.9431	-7.89602	4.00046
-27.3887	-6.93354	4.00683
-26.8358	-6.08575	3.95691
-26.2514	-6.77504	4.15343
-25.7085	-4.47857	4.23159
-25.1245	-5.01264	4.24884
-24.575	-3.25088	4.26062
-23.9869	-4.29358	4.26315
-23.4331	-3.03614	4.46674
-22.8919	-1.09748	4.39658
-22.315	-1.4329	4.36027
-21.7346	-2.10126	4.44729
-21.1693	-1.54194	4.55879
-20.5898	-1.66915	4.76975
-20.0515	1.25972	4.83008
-19.4418	0.144861	4.70209
-18.8322	-1.2842	4.79892
-18.2824	0.460745	4.81212
-17.7161	-0.137546	4.78447
-17.1555	0.148763	4.83658
-16.5552	-1.77881	4.94364
-15.976	-2.34109	5.1397
-15.4131	-1.68886	5.25315
-14.8708	0.345553	5.20367
-14.2895	-1.46934	5.10171
-13.731	-1.82688	5.25542
-13.1283	-5.44192	5.45866
-12.5405	-5.9799	5.71713
-11.9347	-8.8309	5.94089
-11.3806	-7.13488	5.88071
-10.7637	-12.2685	6.29612
-10.2756	-4.89709	6.79369
-9.74569	-2.14467	6.97224
-9.18974	-1.43543	7.33589
-8.62171	-1.09672	7.70258
-8.07873	1.31079	7.98569
-7.56742	7.15049	7.72547
-6.99695	4.93248	7.95697
-6.4676	8.48575	8.48463
-5.90803	6.85463	8.30676
-5.31167	3.62007	9.19205
-4.75208	5.26198	9.90223
-4.16572	2.10529	10.3987
-3.62395	6.14853	12.3949
-3.11641	17.7683	13.6909
-2.5172	19.9049	15.5699
-1.89502	8.98111	19.9758
-1.47535	21.6323	35.9211
-1.34779	92.1513	72.6426
-0.411348	72.4629	59.885
0.652457	-46.9569	55.9458
1.14914	-23.4405	29.4621
1.71984	-14.0748	21.8726
2.33542	-9.73016	18.6384
3.0072	-11.4536	13.2563
3.5872	-8.85211	12.0729
4.18979	-7.08311	11.0716
4.77801	-0.290209	11.114
5.38773	4.50774	9.92478
6.01965	7.73499	9.77625
6.59568	12.197	8.13343
7.25706	5.55567	7.59886
7.82752	10.5751	7.32122
8.4056	11.8182	6.62722
9.07209	3.45063	6.00196
9.6944	-1.75845	5.76003
10.3164	-6.75665	5.84574
10.8916	-6.20773	5.8214
11.4758	-6.508	6.00937
12.053	-5.47097	6.29174
12.6652	-5.80907	6.17185
13.2925	-6.8657	5.85194
13.8989	-7.41682	5.39471
14.4067	-6.03515	5.34714
14.9177	-2.60824	5.499
15.6017	-6.86977	5.53856
16.2685	-8.84034	5.63885
16.9202	-10.3723	5.57583
17.4296	-5.33105	5.07136
18.0205	-6.54867	4.77823
18.5659	-3.25697	5.05144
19.1261	-0.852878	4.88961
19.7609	-3.83263	4.98783
20.2995	1.39701	4.69492
20.9498	-2.30403	4.5356
21.4833	1.66435	4.94717
21.9645	10.0106	4.78636
22.613	8.58344	4.37058
23.2823	5.74141	4.35425
23.9079	5.87516	4.48445
24.4978	6.17415	4.51833
25.0559	8.93326	4.1993
25.6977	6.55516	3.9646
26.3158	6.23098	3.91954
26.9224	5.98461	3.82563
27.3955	10.0012	3.63574
27.9808	7.62974	3.51776
28.5795	7.44726	3.58086
29.2401	3.35336	3.53816
29.8836	0.162195	3.62784
30.4704	-0.196426	3.57368
31.0872	-2.25136	3.40862
31.6889	-3.53915	3.45298
32.2375	-1.57204	3.4755
32.7858	0.206452	3.2869
33.3759	-0.685041	3.26055
33.9555	-0.6174	3.37384
34.5686	-0.644521	3.3106
35.2463	-4.58295	3.32631
35.8704	-5.28337	3.53034
36.4582	-4.16024	3.33484
37.1421	-8.68477	3.18422
38.375	-9.88556	3.2679
39.5379	-8.42224	3.38666
40.0869	-6.47631	3.37654
40.6385	-4.79303	3.34693
41.1871	-2.91023	3.24457
41.8043	-4.44704	3.24032
42.3996	-4.55321	3.23691
42.9975	-4.71869	3.30909
43.4776	-0.814959	3.25794
44.0472	-1.23062	3.16125
44.6188	-0.333713	3.21962
45.2193	-0.698935	3.19134
45.8048	-0.362566	3.19169
46.3846	0.162355	3.12815
46.9772	0.0466758	3.00041
47.5438	0.171593	3.03349
48.0597	2.7963	3.07615
48.6308	3.82019	3.13722
49.1975	5.29537	3.17152
49.8015	6.09794	3.25459
50.4179	7.41502	3.17657
51.0808	6.2219	3.03352
51.6936	5.62371	2.95644
52.2813	5.69967	3.0212
54.0736	7.43815	2.76703
