gamma
3.5e-05
3.596e-05
57.2485
49.661
45.4221
92.5851
1257.37
1474.63
1176.66
1076.03
2044.16
13997.7
17902.8
12810.8
12053.2
21024.7
89519.1
115252
79116.5
76900.3
185265
382196
486306
347872
346136
951631
1.21559e+06
1.03611e+06
1.07847e+06
1.07025e+06
2.42161e+06
2.64471e+06
2.17108e+06
2.17963e+06
2.20119e+06
4.10568e+06
4.11385e+06
3.47596e+06
3.12351e+06
3.7768e+06
5.3189e+06
4.88234e+06
4.1889e+06
3.4978e+06
4.63941e+06
5.32182e+06
4.57819e+06
3.86613e+06
3.14805e+06
4.00091e+06
3.87738e+06
3.15752e+06
2.59064e+06
2.02696e+06
2.44078e+06
2.06565e+06
1.55005e+06
1.15353e+06
871253
976086
713325
470428
300654
215344
216000
137809
75291.3
41153.9
29692.4
26208.2
13873.2
6704.34
3044.38
2042.09
1703.33
746.475
311.476
136.684
105.028
60.558
24.9065
9.33555
3.98837
3.08253
1.47096
0.522597
0.175565
0.0744565
0.0554857
0.0219608
0.00587452
0.00191311
0.000585004
0.000441602
0.000158688
2.62347e-05
3.48847e-06
3.38126e-07
1.63547e-08
1.47162e-10
1.83717e-11
2.56546e-12
