#gamma	N_0	probability

3.50048e-05	-0.00825	1.07511e-308
3.50144e-05	-0.00825	6.23412e-310
3.5024e-05	-0.00825	8.54219e-310
3.50336e-05	-0.00825	9.83037e-308
3.50432e-05	-0.00825	1.00901e-307
3.50528e-05	-0.00825	8.90875e-308
3.50624e-05	-0.00825	1.26461e-308
3.5072e-05	-0.00825	1.73714e-308
3.50816e-05	-0.00825	3.4662e-307
3.50912e-05	-0.00825	3.55373e-307
3.51008e-05	-0.00825	2.97333e-307
3.51104e-05	-0.00825	9.6071e-308
3.512e-05	-0.00825	4.72955e-307
3.51296e-05	-0.00825	6.43339e-307
3.51392e-05	-0.00825	6.55578e-307
3.51488e-05	-0.00825	4.82703e-307
3.51584e-05	-0.00825	2.84513e-307
3.5168e-05	-0.00825	7.41258e-307
3.51776e-05	-0.00825	7.80976e-307
3.51872e-05	-0.00825	7.78717e-307
3.51968e-05	-0.00825	4.37936e-307
3.52064e-05	-0.00825	3.6268e-307
3.5216e-05	-0.00825	6.5683e-307
3.52256e-05	-0.00825	6.48641e-307
3.52352e-05	-0.00825	5.95991e-307
3.52448e-05	-0.00825	2.88201e-307
3.52544e-05	-0.00825	2.6234e-307
3.5264e-05	-0.00825	3.62949e-307
3.52736e-05	-0.00825	3.63042e-307
3.52832e-05	-0.00825	2.50886e-307
3.52928e-05	-0.00825	1.52037e-307
3.53024e-05	-0.00825	1.46708e-307
3.5312e-05	-0.00825	1.45197e-307
3.53216e-05	-0.00825	1.30899e-307
3.53312e-05	-0.00825	7.92561e-308
3.53408e-05	-0.00825	4.57454e-308
3.53504e-05	-0.00825	3.57569e-308
3.536e-05	-0.00825	3.65797e-308
3.53696e-05	-0.00825	3.18183e-308
3.53792e-05	-0.00825	1.54472e-308
3.53888e-05	-0.00825	5.81983e-309
3.53984e-05	-0.00825	4.00652e-309
3.5408e-05	-0.00825	4.07165e-309
3.54176e-05	-0.00825	3.13578e-309
3.54272e-05	-0.00825	1.71982e-309
3.54368e-05	-0.00825	2.94712e-310
3.54464e-05	-0.00825	1.84502e-310
3.5456e-05	-0.00825	1.87588e-310
3.54656e-05	-0.00825	1.46358e-310
3.54752e-05	-0.00825	7.72461e-311
3.54848e-05	-0.00825	5.35635e-312
3.54944e-05	-0.00825	3.22164e-312
3.5504e-05	-0.00825	3.28744e-312
3.55136e-05	-0.00825	1.29504e-312
3.55232e-05	-0.00825	0
3.55328e-05	-0.00825	0
3.55424e-05	-0.00825	0
3.5552e-05	-0.00825	0
3.55616e-05	-0.00825	0
3.55712e-05	-0.00825	0
3.55808e-05	-0.00825	0
3.55904e-05	-0.00825	0
3.56e-05	-0.00825	0
3.56096e-05	-0.00825	0
3.56192e-05	-0.00825	0
3.56288e-05	-0.00825	0
3.56384e-05	-0.00825	0
3.5648e-05	-0.00825	0
3.56576e-05	-0.00825	0
3.56672e-05	-0.00825	0
3.56768e-05	-0.00825	0
3.56864e-05	-0.00825	0
3.5696e-05	-0.00825	0
3.57056e-05	-0.00825	0
3.57152e-05	-0.00825	0
3.57248e-05	-0.00825	0
3.57344e-05	-0.00825	0
3.5744e-05	-0.00825	0
3.57536e-05	-0.00825	0
3.57632e-05	-0.00825	0
3.57728e-05	-0.00825	0
3.57824e-05	-0.00825	0
3.5792e-05	-0.00825	0
3.58016e-05	-0.00825	0
3.58112e-05	-0.00825	0
3.58208e-05	-0.00825	0
3.58304e-05	-0.00825	0
3.584e-05	-0.00825	0
3.58496e-05	-0.00825	0
3.58592e-05	-0.00825	0
3.58688e-05	-0.00825	0
3.58784e-05	-0.00825	0
3.5888e-05	-0.00825	0
3.58976e-05	-0.00825	0
3.59072e-05	-0.00825	0
3.59168e-05	-0.00825	0
3.59264e-05	-0.00825	0
3.5936e-05	-0.00825	0
3.59456e-05	-0.00825	0
3.59552e-05	-0.00825	0
3.50048e-05	-0.00475	3.15303e-307
3.50144e-05	-0.00475	2.8254e-307
3.5024e-05	-0.00475	2.075e-307
3.50336e-05	-0.00475	4.88394e-307
3.50432e-05	-0.00475	6.3157e-307
3.50528e-05	-0.00475	9.92796e-307
3.50624e-05	-0.00475	7.63908e-307
3.5072e-05	-0.00475	7.08385e-307
3.50816e-05	-0.00475	1.45111e-306
3.50912e-05	-0.00475	1.45876e-306
3.51008e-05	-0.00475	1.87694e-306
3.51104e-05	-0.00475	1.27613e-306
3.512e-05	-0.00475	1.3351e-306
3.51296e-05	-0.00475	2.38284e-306
3.51392e-05	-0.00475	2.22555e-306
3.51488e-05	-0.00475	2.223e-306
3.51584e-05	-0.00475	1.72302e-306
3.5168e-05	-0.00475	181.798
3.51776e-05	-0.00475	2.77099e-306
3.51872e-05	-0.00475	2.80105e-306
3.51968e-05	-0.00475	2.03221e-306
3.52064e-05	-0.00475	1.94349e-306
3.5216e-05	-0.00475	9939.25
3.52256e-05	-0.00475	9.90991
3.52352e-05	-0.00475	5.76278
3.52448e-05	-0.00475	4.61057
3.52544e-05	-0.00475	4.68952
3.5264e-05	-0.00475	200882
3.52736e-05	-0.00475	386.473
3.52832e-05	-0.00475	315.827
3.52928e-05	-0.00475	251.729
3.53024e-05	-0.00475	256.543
3.5312e-05	-0.00475	1.49202e+06
3.53216e-05	-0.00475	7792.33
3.53312e-05	-0.00475	6379.74
3.53408e-05	-0.00475	5056.1
3.53504e-05	-0.00475	5152.81
3.536e-05	-0.00475	4.1181e+06
3.53696e-05	-0.00475	74190.6
3.53792e-05	-0.00475	47140.3
3.53888e-05	-0.00475	37359.8
3.53984e-05	-0.00475	330116
3.5408e-05	-0.00475	4.30229e+06
3.54176e-05	-0.00475	157759
3.54272e-05	-0.00475	77031.6
3.54368e-05	-0.00475	101748
3.54464e-05	-0.00475	396366
3.5456e-05	-0.00475	1.77999e+06
3.54656e-05	-0.00475	122701
3.54752e-05	-0.00475	77031.6
3.54848e-05	-0.00475	101942
3.54944e-05	-0.00475	212291
3.5504e-05	-0.00475	331305
3.55136e-05	-0.00475	45223.8
3.55232e-05	-0.00475	36505.2
3.55328e-05	-0.00475	22501.4
3.55424e-05	-0.00475	62977
3.5552e-05	-0.00475	32994
3.55616e-05	-0.00475	6144.13
3.55712e-05	-0.00475	4940.45
3.55808e-05	-0.00475	3045.24
3.55904e-05	-0.00475	6116.56
3.56e-05	-0.00475	2373.55
3.56096e-05	-0.00475	307.073
3.56192e-05	-0.00475	247.901
3.56288e-05	-0.00475	151.907
3.56384e-05	-0.00475	256.441
3.5648e-05	-0.00475	92.3228
3.56576e-05	-0.00475	5.70625
3.56672e-05	-0.00475	4.55769
3.56768e-05	-0.00475	2.79281
3.56864e-05	-0.00475	4.46498
3.5696e-05	-0.00475	1.51649
3.57056e-05	-0.00475	2.73298e-313
3.57152e-05	-0.00475	1.0242e-314
3.57248e-05	-0.00475	7.05306e-315
3.57344e-05	-0.00475	5.1265e-315
3.5744e-05	-0.00475	4.59674e-315
3.57536e-05	-0.00475	4.71308e-315
3.57632e-05	-0.00475	0
3.57728e-05	-0.00475	0
3.57824e-05	-0.00475	0
3.5792e-05	-0.00475	0
3.58016e-05	-0.00475	0
3.58112e-05	-0.00475	0
3.58208e-05	-0.00475	0
3.58304e-05	-0.00475	0
3.584e-05	-0.00475	0
3.58496e-05	-0.00475	0
3.58592e-05	-0.00475	0
3.58688e-05	-0.00475	0
3.58784e-05	-0.00475	0
3.5888e-05	-0.00475	0
3.58976e-05	-0.00475	0
3.59072e-05	-0.00475	0
3.59168e-05	-0.00475	0
3.59264e-05	-0.00475	0
3.5936e-05	-0.00475	0
3.59456e-05	-0.00475	0
3.59552e-05	-0.00475	0
3.50048e-05	-0.00125	2.84463e-307
3.50144e-05	-0.00125	3.00677e-307
3.5024e-05	-0.00125	2.1409e-307
3.50336e-05	-0.00125	5.03243e-307
3.50432e-05	-0.00125	7.40398e-307
3.50528e-05	-0.00125	8.18374e-307
3.50624e-05	-0.00125	8.90929e-307
3.5072e-05	-0.00125	8.03656e-307
3.50816e-05	-0.00125	1559.81
3.50912e-05	-0.00125	1348.47
3.51008e-05	-0.00125	2.65264e-306
3.51104e-05	-0.00125	2.27712e-306
3.512e-05	-0.00125	2.86054e-306
3.51296e-05	-0.00125	85743.5
3.51392e-05	-0.00125	74053.3
3.51488e-05	-0.00125	441.258
3.51584e-05	-0.00125	355.046
3.5168e-05	-0.00125	727.505
3.51776e-05	-0.00125	1.74055e+06
3.51872e-05	-0.00125	23674.9
3.51968e-05	-0.00125	24412.1
3.52064e-05	-0.00125	19639.7
3.5216e-05	-0.00125	40048.6
3.52256e-05	-0.00125	1.32014e+07
3.52352e-05	-0.00125	484020
3.52448e-05	-0.00125	498410
3.52544e-05	-0.00125	400834
3.5264e-05	-0.00125	9.07604e+06
3.52736e-05	-0.00125	3.86572e+07
3.52832e-05	-0.00125	3.75631e+06
3.52928e-05	-0.00125	3.81749e+06
3.53024e-05	-0.00125	3.09043e+06
3.5312e-05	-0.00125	2.87319e+07
3.53216e-05	-0.00125	4.14201e+07
3.53312e-05	-0.00125	1.15885e+07
3.53408e-05	-0.00125	1.13846e+07
3.53504e-05	-0.00125	9.40707e+06
3.536e-05	-0.00125	4.00478e+07
3.53696e-05	-0.00125	2.88347e+07
3.53792e-05	-0.00125	1.57593e+07
3.53888e-05	-0.00125	1.44041e+07
3.53984e-05	-0.00125	1.22419e+07
3.5408e-05	-0.00125	3.09115e+07
3.54176e-05	-0.00125	1.69214e+07
3.54272e-05	-0.00125	1.11672e+07
3.54368e-05	-0.00125	9.17127e+06
3.54464e-05	-0.00125	7.86265e+06
3.5456e-05	-0.00125	1.31434e+07
3.54656e-05	-0.00125	8.1031e+06
3.54752e-05	-0.00125	4.31548e+06
3.54848e-05	-0.00125	3.43062e+06
3.54944e-05	-0.00125	4.45385e+06
3.5504e-05	-0.00125	3.95952e+06
3.55136e-05	-0.00125	2.39419e+06
3.55232e-05	-0.00125	1.05535e+06
3.55328e-05	-0.00125	856138
3.55424e-05	-0.00125	794538
3.5552e-05	-0.00125	624387
3.55616e-05	-0.00125	379631
3.55712e-05	-0.00125	173605
3.55808e-05	-0.00125	127459
3.55904e-05	-0.00125	84403.4
3.56e-05	-0.00125	62248.9
3.56096e-05	-0.00125	38347.5
3.56192e-05	-0.00125	22700.1
3.56288e-05	-0.00125	15443.2
3.56384e-05	-0.00125	7747.62
3.5648e-05	-0.00125	4335.75
3.56576e-05	-0.00125	3102.68
3.56672e-05	-0.00125	2148.17
3.56768e-05	-0.00125	1139.83
3.56864e-05	-0.00125	543.682
3.5696e-05	-0.00125	167.247
3.57056e-05	-0.00125	125.945
3.57152e-05	-0.00125	96.1945
3.57248e-05	-0.00125	49.4025
3.57344e-05	-0.00125	14.6399
3.5744e-05	-0.00125	2.77765
3.57536e-05	-0.00125	2.21682
3.57632e-05	-0.00125	1.69168
3.57728e-05	-0.00125	0.853153
3.57824e-05	-0.00125	0.215417
3.5792e-05	-0.00125	1.59884e-315
3.58016e-05	-0.00125	7.13213e-316
3.58112e-05	-0.00125	1.7643e-316
3.58208e-05	-0.00125	4.98329e-317
3.58304e-05	-0.00125	2.57877e-317
3.584e-05	-0.00125	1.85709e-318
3.58496e-05	-0.00125	3.26073e-319
3.58592e-05	-0.00125	1.27301e-319
3.58688e-05	-0.00125	2.62843e-320
3.58784e-05	-0.00125	0
3.5888e-05	-0.00125	0
3.58976e-05	-0.00125	0
3.59072e-05	-0.00125	0
3.59168e-05	-0.00125	0
3.59264e-05	-0.00125	0
3.5936e-05	-0.00125	0
3.59456e-05	-0.00125	0
3.59552e-05	-0.00125	0
3.50048e-05	0.00225	1676.53
3.50144e-05	0.00225	1.38244e-307
3.5024e-05	0.00225	2.17999e-307
3.50336e-05	0.00225	5.69973e-307
3.50432e-05	0.00225	31807.3
3.50528e-05	0.00225	92934.6
3.50624e-05	0.00225	943.58
3.5072e-05	0.00225	960.343
3.50816e-05	0.00225	1641.56
3.50912e-05	0.00225	697490
3.51008e-05	0.00225	1.92134e+06
3.51104e-05	0.00225	53732.4
3.512e-05	0.00225	54086
3.51296e-05	0.00225	92915.5
3.51392e-05	0.00225	6.39982e+06
3.51488e-05	0.00225	1.51675e+07
3.51584e-05	0.00225	1.14942e+06
3.5168e-05	0.00225	1.14334e+06
3.51776e-05	0.00225	1.59754e+07
3.51872e-05	0.00225	2.74923e+07
3.51968e-05	0.00225	4.88664e+07
3.52064e-05	0.00225	9.94417e+06
3.5216e-05	0.00225	9.59118e+06
3.52256e-05	0.00225	5.21932e+07
3.52352e-05	0.00225	6.3681e+07
3.52448e-05	0.00225	3.92391e+07
3.52544e-05	0.00225	3.86908e+07
3.5264e-05	0.00225	3.57517e+07
3.52736e-05	0.00225	9.92582e+07
3.52832e-05	0.00225	9.30143e+07
3.52928e-05	0.00225	7.18405e+07
3.53024e-05	0.00225	6.82201e+07
3.5312e-05	0.00225	7.11269e+07
3.53216e-05	0.00225	1.27128e+08
3.53312e-05	0.00225	8.79939e+07
3.53408e-05	0.00225	1.0756e+08
3.53504e-05	0.00225	8.16019e+07
3.536e-05	0.00225	1.23947e+08
3.53696e-05	0.00225	1.09051e+08
3.53792e-05	0.00225	7.99896e+07
3.53888e-05	0.00225	7.97919e+07
3.53984e-05	0.00225	6.36129e+07
3.5408e-05	0.00225	8.36289e+07
3.54176e-05	0.00225	6.3343e+07
3.54272e-05	0.00225	4.47766e+07
3.54368e-05	0.00225	3.69138e+07
3.54464e-05	0.00225	3.42234e+07
3.5456e-05	0.00225	3.77724e+07
3.54656e-05	0.00225	2.40355e+07
3.54752e-05	0.00225	1.83081e+07
3.54848e-05	0.00225	1.35882e+07
3.54944e-05	0.00225	1.45335e+07
3.5504e-05	0.00225	1.31065e+07
3.55136e-05	0.00225	7.22647e+06
3.55232e-05	0.00225	5.8132e+06
3.55328e-05	0.00225	3.6457e+06
3.55424e-05	0.00225	4.38237e+06
3.5552e-05	0.00225	3.1683e+06
3.55616e-05	0.00225	1.76889e+06
3.55712e-05	0.00225	1.23222e+06
3.55808e-05	0.00225	673059
3.55904e-05	0.00225	757988
3.56e-05	0.00225	412928
3.56096e-05	0.00225	234422
3.56192e-05	0.00225	122060
3.56288e-05	0.00225	89062.8
3.56384e-05	0.00225	82139.5
3.5648e-05	0.00225	49183.4
3.56576e-05	0.00225	18752.5
3.56672e-05	0.00225	10933.6
3.56768e-05	0.00225	14766
3.56864e-05	0.00225	6859.1
3.5696e-05	0.00225	3742.9
3.57056e-05	0.00225	780.405
3.57152e-05	0.00225	500.957
3.57248e-05	0.00225	689.173
3.57344e-05	0.00225	309.44
3.5744e-05	0.00225	147.805
3.57536e-05	0.00225	18.9419
3.57632e-05	0.00225	11.3827
3.57728e-05	0.00225	12.711
3.57824e-05	0.00225	6.10526
3.5792e-05	0.00225	2.34713
3.58016e-05	0.00225	0.189433
3.58112e-05	0.00225	0.0857572
3.58208e-05	0.00225	0.0120061
3.58304e-05	0.00225	0.00428224
3.584e-05	0.00225	1.22264e-316
3.58496e-05	0.00225	3.30256e-317
3.58592e-05	0.00225	4.82761e-318
3.58688e-05	0.00225	1.22568e-318
3.58784e-05	0.00225	3.73326e-319
3.5888e-05	0.00225	5.93719e-320
3.58976e-05	0.00225	2.95649e-320
3.59072e-05	0.00225	9.5157e-321
3.59168e-05	0.00225	2.42092e-321
3.59264e-05	0.00225	1.05236e-321
3.5936e-05	0.00225	1.4822e-323
3.59456e-05	0.00225	0
3.59552e-05	0.00225	0
3.50048e-05	0.00575	14290.1
3.50144e-05	0.00575	13186.2
3.5024e-05	0.00575	11818.9
3.50336e-05	0.00575	10450.2
3.50432e-05	0.00575	298494
3.50528e-05	0.00575	304652
3.50624e-05	0.00575	278261
3.5072e-05	0.00575	249461
3.50816e-05	0.00575	221775
3.50912e-05	0.00575	2.61979e+06
3.51008e-05	0.00575	2.62636e+06
3.51104e-05	0.00575	2.39345e+06
3.512e-05	0.00575	2.13981e+06
3.51296e-05	0.00575	1.99056e+06
3.51392e-05	0.00575	1.17799e+07
3.51488e-05	0.00575	1.14634e+07
3.51584e-05	0.00575	1.06159e+07
3.5168e-05	0.00575	9.48658e+06
3.51776e-05	0.00575	1.05337e+07
3.51872e-05	0.00575	3.84788e+07
3.51968e-05	0.00575	3.58876e+07
3.52064e-05	0.00575	4.07962e+07
3.5216e-05	0.00575	3.70858e+07
3.52256e-05	0.00575	8.87217e+07
3.52352e-05	0.00575	1.04457e+08
3.52448e-05	0.00575	8.25618e+07
3.52544e-05	0.00575	1.01354e+08
3.5264e-05	0.00575	9.78443e+07
3.52736e-05	0.00575	1.59674e+08
3.52832e-05	0.00575	1.54707e+08
3.52928e-05	0.00575	1.21706e+08
3.53024e-05	0.00575	1.33709e+08
3.5312e-05	0.00575	1.62202e+08
3.53216e-05	0.00575	1.91369e+08
3.53312e-05	0.00575	1.72658e+08
3.53408e-05	0.00575	1.29825e+08
3.53504e-05	0.00575	1.17425e+08
3.536e-05	0.00575	2.09216e+08
3.53696e-05	0.00575	1.82082e+08
3.53792e-05	0.00575	1.54247e+08
3.53888e-05	0.00575	1.27654e+08
3.53984e-05	0.00575	8.77961e+07
3.5408e-05	0.00575	1.98767e+08
3.54176e-05	0.00575	1.35354e+08
3.54272e-05	0.00575	1.02409e+08
3.54368e-05	0.00575	9.67402e+07
3.54464e-05	0.00575	5.51521e+07
3.5456e-05	0.00575	9.54095e+07
3.54656e-05	0.00575	6.83377e+07
3.54752e-05	0.00575	5.33692e+07
3.54848e-05	0.00575	4.63942e+07
3.54944e-05	0.00575	4.2163e+07
3.5504e-05	0.00575	4.06234e+07
3.55136e-05	0.00575	2.48815e+07
3.55232e-05	0.00575	2.04014e+07
3.55328e-05	0.00575	1.4526e+07
3.55424e-05	0.00575	1.5969e+07
3.5552e-05	0.00575	1.2739e+07
3.55616e-05	0.00575	7.06171e+06
3.55712e-05	0.00575	5.16759e+06
3.55808e-05	0.00575	2.7962e+06
3.55904e-05	0.00575	3.21352e+06
3.56e-05	0.00575	2.3926e+06
3.56096e-05	0.00575	1.2523e+06
3.56192e-05	0.00575	698945
3.56288e-05	0.00575	345510
3.56384e-05	0.00575	361200
3.5648e-05	0.00575	267630
3.56576e-05	0.00575	126700
3.56672e-05	0.00575	52485.6
3.56768e-05	0.00575	25554.3
3.56864e-05	0.00575	24173.7
3.5696e-05	0.00575	16739.3
3.57056e-05	0.00575	8630.51
3.57152e-05	0.00575	2377.53
3.57248e-05	0.00575	1144.83
3.57344e-05	0.00575	877.899
3.5744e-05	0.00575	557.821
3.57536e-05	0.00575	260.351
3.57632e-05	0.00575	58.3995
3.57728e-05	0.00575	30.3781
3.57824e-05	0.00575	14.1612
3.5792e-05	0.00575	8.62701
3.58016e-05	0.00575	3.88137
3.58112e-05	0.00575	0.671353
3.58208e-05	0.00575	0.224696
3.58304e-05	0.00575	0.0296094
3.584e-05	0.00575	0.011954
3.58496e-05	0.00575	0.0027109
3.58592e-05	0.00575	0.000714891
3.58688e-05	0.00575	0.000435634
3.58784e-05	0.00575	6.79206e-318
3.5888e-05	0.00575	8.37402e-319
3.58976e-05	0.00575	2.3728e-319
3.59072e-05	0.00575	1.10315e-319
3.59168e-05	0.00575	5.75389e-320
3.59264e-05	0.00575	2.1067e-320
3.5936e-05	0.00575	6.86751e-322
3.59456e-05	0.00575	0
3.59552e-05	0.00575	0
3.50048e-05	0.00925	390.085
3.50144e-05	0.00925	404.755
3.5024e-05	0.00925	400.307
3.50336e-05	0.00925	15397.6
3.50432e-05	0.00925	27113
3.50528e-05	0.00925	22057.2
3.50624e-05	0.00925	22743.9
3.5072e-05	0.00925	22820.5
3.50816e-05	0.00925	324319
3.50912e-05	0.00925	575370
3.51008e-05	0.00925	470586
3.51104e-05	0.00925	466514
3.512e-05	0.00925	488295
3.51296e-05	0.00925	3.07147e+06
3.51392e-05	0.00925	5.04255e+06
3.51488e-05	0.00925	4.16648e+06
3.51584e-05	0.00925	4.05851e+06
3.5168e-05	0.00925	4.31173e+06
3.51776e-05	0.00925	1.73658e+07
3.51872e-05	0.00925	2.24005e+07
3.51968e-05	0.00925	1.98409e+07
3.52064e-05	0.00925	1.8319e+07
3.5216e-05	0.00925	1.79375e+07
3.52256e-05	0.00925	8.20225e+07
3.52352e-05	0.00925	8.30952e+07
3.52448e-05	0.00925	7.03365e+07
3.52544e-05	0.00925	5.90184e+07
3.5264e-05	0.00925	4.88646e+07
3.52736e-05	0.00925	2.32503e+08
3.52832e-05	0.00925	2.04029e+08
3.52928e-05	0.00925	1.6867e+08
3.53024e-05	0.00925	1.35898e+08
3.5312e-05	0.00925	9.18156e+07
3.53216e-05	0.00925	3.4561e+08
3.53312e-05	0.00925	2.75118e+08
3.53408e-05	0.00925	2.33362e+08
3.53504e-05	0.00925	1.88523e+08
3.536e-05	0.00925	2.32708e+08
3.53696e-05	0.00925	3.56927e+08
3.53792e-05	0.00925	2.8714e+08
3.53888e-05	0.00925	2.15446e+08
3.53984e-05	0.00925	1.72589e+08
3.5408e-05	0.00925	2.52955e+08
3.54176e-05	0.00925	2.66979e+08
3.54272e-05	0.00925	2.48241e+08
3.54368e-05	0.00925	1.59965e+08
3.54464e-05	0.00925	1.22773e+08
3.5456e-05	0.00925	1.56724e+08
3.54656e-05	0.00925	1.36072e+08
3.54752e-05	0.00925	1.30704e+08
3.54848e-05	0.00925	8.51116e+07
3.54944e-05	0.00925	6.36593e+07
3.5504e-05	0.00925	7.12154e+07
3.55136e-05	0.00925	5.26026e+07
3.55232e-05	0.00925	4.84006e+07
3.55328e-05	0.00925	3.31919e+07
3.55424e-05	0.00925	2.3018e+07
3.5552e-05	0.00925	2.30973e+07
3.55616e-05	0.00925	1.40976e+07
3.55712e-05	0.00925	1.18608e+07
3.55808e-05	0.00925	8.29073e+06
3.55904e-05	0.00925	6.20539e+06
3.56e-05	0.00925	4.94111e+06
3.56096e-05	0.00925	2.33999e+06
3.56192e-05	0.00925	1.81654e+06
3.56288e-05	0.00925	1.13976e+06
3.56384e-05	0.00925	772302
3.5648e-05	0.00925	569537
3.56576e-05	0.00925	232025
3.56672e-05	0.00925	155797
3.56768e-05	0.00925	80573.2
3.56864e-05	0.00925	47813.7
3.5696e-05	0.00925	33092.5
3.57056e-05	0.00925	12765.3
3.57152e-05	0.00925	6447.39
3.57248e-05	0.00925	3366.29
3.57344e-05	0.00925	1816.26
3.5744e-05	0.00925	988.486
3.57536e-05	0.00925	341.498
3.57632e-05	0.00925	164.619
3.57728e-05	0.00925	88.7098
3.57824e-05	0.00925	40.6271
3.5792e-05	0.00925	12.6502
3.58016e-05	0.00925	4.64887
3.58112e-05	0.00925	2.06135
3.58208e-05	0.00925	1.21585
3.58304e-05	0.00925	0.457817
3.584e-05	0.00925	0.0307401
3.58496e-05	0.00925	0.0150971
3.58592e-05	0.00925	0.0034437
3.58688e-05	0.00925	0.00102205
3.58784e-05	0.00925	0.00088479
3.5888e-05	0.00925	2.51709e-05
3.58976e-05	0.00925	7.65899e-06
3.59072e-05	0.00925	4.59127e-10
3.59168e-05	0.00925	1.43769e-11
3.59264e-05	0.00925	5.82108e-320
3.5936e-05	0.00925	1.71688e-320
3.59456e-05	0.00925	2.47033e-322
3.59552e-05	0.00925	0
3.50048e-05	0.01275	2.57486e-309
3.50144e-05	0.01275	597.89
3.5024e-05	0.01275	758.489
3.50336e-05	0.01275	605.156
3.50432e-05	0.01275	1120.32
3.50528e-05	0.01275	1109.97
3.50624e-05	0.01275	33660.8
3.5072e-05	0.01275	33175.5
3.50816e-05	0.01275	33999.8
3.50912e-05	0.01275	64259.5
3.51008e-05	0.01275	63370
3.51104e-05	0.01275	712640
3.512e-05	0.01275	703363
3.51296e-05	0.01275	721667
3.51392e-05	0.01275	1.37146e+06
3.51488e-05	0.01275	1.36833e+06
3.51584e-05	0.01275	6.01813e+06
3.5168e-05	0.01275	6.0925e+06
3.51776e-05	0.01275	6.27717e+06
3.51872e-05	0.01275	1.2124e+07
3.51968e-05	0.01275	2.67231e+07
3.52064e-05	0.01275	2.29909e+07
3.5216e-05	0.01275	2.5452e+07
3.52256e-05	0.01275	2.51924e+07
3.52352e-05	0.01275	5.18097e+07
3.52448e-05	0.01275	6.35689e+07
3.52544e-05	0.01275	7.2843e+07
3.5264e-05	0.01275	7.32361e+07
3.52736e-05	0.01275	9.37834e+07
3.52832e-05	0.01275	1.37258e+08
3.52928e-05	0.01275	1.26723e+08
3.53024e-05	0.01275	1.71522e+08
3.5312e-05	0.01275	1.56032e+08
3.53216e-05	0.01275	2.1847e+08
3.53312e-05	0.01275	2.48678e+08
3.53408e-05	0.01275	2.00648e+08
3.53504e-05	0.01275	2.4128e+08
3.536e-05	0.01275	2.22591e+08
3.53696e-05	0.01275	3.01812e+08
3.53792e-05	0.01275	2.56755e+08
3.53888e-05	0.01275	2.36481e+08
3.53984e-05	0.01275	2.35336e+08
3.5408e-05	0.01275	2.81353e+08
3.54176e-05	0.01275	2.98496e+08
3.54272e-05	0.01275	2.19235e+08
3.54368e-05	0.01275	1.95917e+08
3.54464e-05	0.01275	1.7167e+08
3.5456e-05	0.01275	2.58658e+08
3.54656e-05	0.01275	2.00777e+08
3.54752e-05	0.01275	1.38055e+08
3.54848e-05	0.01275	1.14265e+08
3.54944e-05	0.01275	9.41877e+07
3.5504e-05	0.01275	1.26455e+08
3.55136e-05	0.01275	9.21624e+07
3.55232e-05	0.01275	5.99377e+07
3.55328e-05	0.01275	4.49044e+07
3.55424e-05	0.01275	4.74221e+07
3.5552e-05	0.01275	3.93684e+07
3.55616e-05	0.01275	2.6584e+07
3.55712e-05	0.01275	1.637e+07
3.55808e-05	0.01275	1.17443e+07
3.55904e-05	0.01275	1.33008e+07
3.56e-05	0.01275	8.32089e+06
3.56096e-05	0.01275	4.84984e+06
3.56192e-05	0.01275	2.59597e+06
3.56288e-05	0.01275	1.60093e+06
3.56384e-05	0.01275	1.70677e+06
3.5648e-05	0.01275	974759
3.56576e-05	0.01275	513228
3.56672e-05	0.01275	225645
3.56768e-05	0.01275	120678
3.56864e-05	0.01275	112779
3.5696e-05	0.01275	62545.7
3.57056e-05	0.01275	27251.9
3.57152e-05	0.01275	10469.1
3.57248e-05	0.01275	5053.76
3.57344e-05	0.01275	4413.76
3.5744e-05	0.01275	1875.07
3.57536e-05	0.01275	586.938
3.57632e-05	0.01275	247.156
3.57728e-05	0.01275	123.52
3.57824e-05	0.01275	105.779
3.5792e-05	0.01275	39.3011
3.58016e-05	0.01275	5.63717
3.58112e-05	0.01275	3.10988
3.58208e-05	0.01275	2.96745
3.58304e-05	0.01275	1.43213
3.584e-05	0.01275	0.519771
3.58496e-05	0.01275	0.0390522
3.58592e-05	0.01275	0.0227091
3.58688e-05	0.01275	0.00246643
3.58784e-05	0.01275	0.00127362
3.5888e-05	0.01275	0.000366778
3.58976e-05	0.01275	5.33818e-05
3.59072e-05	0.01275	2.19344e-07
3.59168e-05	0.01275	1.14808e-10
3.59264e-05	0.01275	5.16163e-12
3.5936e-05	0.01275	9.80967e-320
3.59456e-05	0.01275	1.44761e-321
3.59552e-05	0.01275	9.38725e-323
3.50048e-05	0.01625	5.80139e-311
3.50144e-05	0.01625	1.16949e-309
3.5024e-05	0.01625	1.17532e-309
3.50336e-05	0.01625	3.25042e-309
3.50432e-05	0.01625	713.084
3.50528e-05	0.01625	568.347
3.50624e-05	0.01625	579.691
3.5072e-05	0.01625	1020.68
3.50816e-05	0.01625	749.571
3.50912e-05	0.01625	40356.4
3.51008e-05	0.01625	32315.3
3.51104e-05	0.01625	32922
3.512e-05	0.01625	56853.8
3.51296e-05	0.01625	43582.3
3.51392e-05	0.01625	866075
3.51488e-05	0.01625	700460
3.51584e-05	0.01625	707007
3.5168e-05	0.01625	861154
3.51776e-05	0.01625	974759
3.51872e-05	0.01625	7.71775e+06
3.51968e-05	0.01625	6.29656e+06
3.52064e-05	0.01625	6.12999e+06
3.5216e-05	0.01625	7.16512e+06
3.52256e-05	0.01625	9.02758e+06
3.52352e-05	0.01625	3.45616e+07
3.52448e-05	0.01625	2.82469e+07
3.52544e-05	0.01625	2.52092e+07
3.5264e-05	0.01625	2.65769e+07
3.52736e-05	0.01625	4.39382e+07
3.52832e-05	0.01625	1.07697e+08
3.52928e-05	0.01625	7.87741e+07
3.53024e-05	0.01625	6.40868e+07
3.5312e-05	0.01625	5.78435e+07
3.53216e-05	0.01625	1.40419e+08
3.53312e-05	0.01625	2.34836e+08
3.53408e-05	0.01625	1.67946e+08
3.53504e-05	0.01625	1.27864e+08
3.536e-05	0.01625	1.01323e+08
3.53696e-05	0.01625	2.38282e+08
3.53792e-05	0.01625	3.11423e+08
3.53888e-05	0.01625	2.38517e+08
3.53984e-05	0.01625	1.79896e+08
3.5408e-05	0.01625	2.36115e+08
3.54176e-05	0.01625	2.72885e+08
3.54272e-05	0.01625	2.62638e+08
3.54368e-05	0.01625	2.26906e+08
3.54464e-05	0.01625	1.77695e+08
3.5456e-05	0.01625	2.49657e+08
3.54656e-05	0.01625	2.07305e+08
3.54752e-05	0.01625	1.61726e+08
3.54848e-05	0.01625	1.52358e+08
3.54944e-05	0.01625	1.12054e+08
3.5504e-05	0.01625	1.3847e+08
3.55136e-05	0.01625	1.11731e+08
3.55232e-05	0.01625	7.95347e+07
3.55328e-05	0.01625	6.34698e+07
3.55424e-05	0.01625	4.76162e+07
3.5552e-05	0.01625	4.64073e+07
3.55616e-05	0.01625	3.85682e+07
3.55712e-05	0.01625	2.62165e+07
3.55808e-05	0.01625	1.54435e+07
3.55904e-05	0.01625	1.16578e+07
3.56e-05	0.01625	9.23767e+06
3.56096e-05	0.01625	8.04178e+06
3.56192e-05	0.01625	4.86454e+06
3.56288e-05	0.01625	2.03088e+06
3.56384e-05	0.01625	2.07383e+06
3.5648e-05	0.01625	1.04714e+06
3.56576e-05	0.01625	722934
3.56672e-05	0.01625	475601
3.56768e-05	0.01625	142355
3.56864e-05	0.01625	143147
3.5696e-05	0.01625	62888.9
3.57056e-05	0.01625	37412.4
3.57152e-05	0.01625	18292.2
3.57248e-05	0.01625	5465.8
3.57344e-05	0.01625	6070.93
3.5744e-05	0.01625	2246.31
3.57536e-05	0.01625	989.062
3.57632e-05	0.01625	411.936
3.57728e-05	0.01625	122.507
3.57824e-05	0.01625	157.71
3.5792e-05	0.01625	47.7518
3.58016e-05	0.01625	15.7108
3.58112e-05	0.01625	4.72123
3.58208e-05	0.01625	2.0462
3.58304e-05	0.01625	1.53713
3.584e-05	0.01625	0.673648
3.58496e-05	0.01625	0.173932
3.58592e-05	0.01625	0.0394921
3.58688e-05	0.01625	0.0141952
3.58784e-05	0.01625	0.00419572
3.5888e-05	0.01625	0.00182119
3.58976e-05	0.01625	0.000452642
3.59072e-05	0.01625	9.92291e-07
3.59168e-05	0.01625	1.44144e-08
3.59264e-05	0.01625	3.89137e-11
3.5936e-05	0.01625	1.06371e-11
3.59456e-05	0.01625	1.14623e-321
3.59552e-05	0.01625	9.88131e-324
3.50048e-05	0.01975	3.01136e-311
3.50144e-05	0.01975	3.10195e-311
3.5024e-05	0.01975	2.26117e-311
3.50336e-05	0.01975	7.54108e-311
3.50432e-05	0.01975	1.67813e-309
3.50528e-05	0.01975	1.71753e-309
3.50624e-05	0.01975	1.79246e-309
3.5072e-05	0.01975	1.33028e-309
3.50816e-05	0.01975	4.33323e-309
3.50912e-05	0.01975	738.645
3.51008e-05	0.01975	1099
3.51104e-05	0.01975	975.826
3.512e-05	0.01975	993.684
3.51296e-05	0.01975	782.259
3.51392e-05	0.01975	42095.1
3.51488e-05	0.01975	61504.4
3.51584e-05	0.01975	54191.2
3.5168e-05	0.01975	55808.8
3.51776e-05	0.01975	45160.3
3.51872e-05	0.01975	910466
3.51968e-05	0.01975	1.24569e+06
3.52064e-05	0.01975	1.12367e+06
3.5216e-05	0.01975	1.17773e+06
3.52256e-05	0.01975	1.06733e+06
3.52352e-05	0.01975	8.07953e+06
3.52448e-05	0.01975	1.02811e+07
3.52544e-05	0.01975	9.16116e+06
3.5264e-05	0.01975	1.00261e+07
3.52736e-05	0.01975	1.86657e+07
3.52832e-05	0.01975	4.44338e+07
3.52928e-05	0.01975	3.71308e+07
3.53024e-05	0.01975	3.37414e+07
3.5312e-05	0.01975	3.88127e+07
3.53216e-05	0.01975	7.79698e+07
3.53312e-05	0.01975	9.45018e+07
3.53408e-05	0.01975	9.28079e+07
3.53504e-05	0.01975	7.67988e+07
3.536e-05	0.01975	8.69355e+07
3.53696e-05	0.01975	1.74499e+08
3.53792e-05	0.01975	1.57591e+08
3.53888e-05	0.01975	1.62763e+08
3.53984e-05	0.01975	1.34022e+08
3.5408e-05	0.01975	1.26983e+08
3.54176e-05	0.01975	2.30998e+08
3.54272e-05	0.01975	1.9415e+08
3.54368e-05	0.01975	1.87574e+08
3.54464e-05	0.01975	1.58274e+08
3.5456e-05	0.01975	1.45075e+08
3.54656e-05	0.01975	1.87932e+08
3.54752e-05	0.01975	1.53389e+08
3.54848e-05	0.01975	1.35161e+08
3.54944e-05	0.01975	1.04658e+08
3.5504e-05	0.01975	1.25321e+08
3.55136e-05	0.01975	1.04594e+08
3.55232e-05	0.01975	7.83339e+07
3.55328e-05	0.01975	6.27894e+07
3.55424e-05	0.01975	4.24436e+07
3.5552e-05	0.01975	5.47868e+07
3.55616e-05	0.01975	3.87925e+07
3.55712e-05	0.01975	2.44188e+07
3.55808e-05	0.01975	1.67069e+07
3.55904e-05	0.01975	1.02316e+07
3.56e-05	0.01975	1.38947e+07
3.56096e-05	0.01975	8.03329e+06
3.56192e-05	0.01975	3.5017e+06
3.56288e-05	0.01975	2.32194e+06
3.56384e-05	0.01975	1.43572e+06
3.5648e-05	0.01975	1.80001e+06
3.56576e-05	0.01975	742227
3.56672e-05	0.01975	316599
3.56768e-05	0.01975	173807
3.56864e-05	0.01975	98950.8
3.5696e-05	0.01975	103897
3.57056e-05	0.01975	37834.4
3.57152e-05	0.01975	15758.1
3.57248e-05	0.01975	7905.63
3.57344e-05	0.01975	6079.14
3.5744e-05	0.01975	2926.35
3.57536e-05	0.01975	1073.59
3.57632e-05	0.01975	459.388
3.57728e-05	0.01975	209.533
3.57824e-05	0.01975	157.304
3.5792e-05	0.01975	61.543
3.58016e-05	0.01975	14.8485
3.58112e-05	0.01975	7.09376
3.58208e-05	0.01975	4.03287
3.58304e-05	0.01975	2.958
3.584e-05	0.01975	1.04139
3.58496e-05	0.01975	0.17736
3.58592e-05	0.01975	0.0553232
3.58688e-05	0.01975	0.0296296
3.58784e-05	0.01975	0.0237922
3.5888e-05	0.01975	0.0110287
3.58976e-05	0.01975	0.00107958
3.59072e-05	0.01975	0.000149548
3.59168e-05	0.01975	4.85368e-08
3.59264e-05	0.01975	3.85335e-09
3.5936e-05	0.01975	2.81353e-11
3.59456e-05	0.01975	1.09375e-11
3.59552e-05	0.01975	9.88131e-324
3.50048e-05	0.02325	0
3.50144e-05	0.02325	0
3.5024e-05	0.02325	0
3.50336e-05	0.02325	3.07848e-311
3.50432e-05	0.02325	3.1571e-311
3.50528e-05	0.02325	2.58327e-311
3.50624e-05	0.02325	5.13031e-311
3.5072e-05	0.02325	5.22589e-311
3.50816e-05	0.02325	1.77878e-309
3.50912e-05	0.02325	1.46097e-309
3.51008e-05	0.02325	2.90914e-309
3.51104e-05	0.02325	2.89845e-309
3.512e-05	0.02325	372.693
3.51296e-05	0.02325	340.139
3.51392e-05	0.02325	889.053
3.51488e-05	0.02325	705.568
3.51584e-05	0.02325	856.902
3.5168e-05	0.02325	19112.6
3.51776e-05	0.02325	19766.4
3.51872e-05	0.02325	50154.8
3.51968e-05	0.02325	40147.6
3.52064e-05	0.02325	48159.2
3.5216e-05	0.02325	416075
3.52256e-05	0.02325	441004
3.52352e-05	0.02325	1.06893e+06
3.52448e-05	0.02325	865281
3.52544e-05	0.02325	1.01542e+06
3.5264e-05	0.02325	3.76238e+06
3.52736e-05	0.02325	4.25529e+06
3.52832e-05	0.02325	9.2082e+06
3.52928e-05	0.02325	7.67175e+06
3.53024e-05	0.02325	8.4739e+06
3.5312e-05	0.02325	1.60988e+07
3.53216e-05	0.02325	2.08583e+07
3.53312e-05	0.02325	3.74646e+07
3.53408e-05	0.02325	3.22204e+07
3.53504e-05	0.02325	3.2026e+07
3.536e-05	0.02325	3.93961e+07
3.53696e-05	0.02325	8.41825e+07
3.53792e-05	0.02325	8.50428e+07
3.53888e-05	0.02325	7.83305e+07
3.53984e-05	0.02325	6.91946e+07
3.5408e-05	0.02325	6.69925e+07
3.54176e-05	0.02325	1.34116e+08
3.54272e-05	0.02325	1.33634e+08
3.54368e-05	0.02325	1.1931e+08
3.54464e-05	0.02325	1.00453e+08
3.5456e-05	0.02325	1.16852e+08
3.54656e-05	0.02325	1.43557e+08
3.54752e-05	0.02325	1.30031e+08
3.54848e-05	0.02325	1.09081e+08
3.54944e-05	0.02325	8.45497e+07
3.5504e-05	0.02325	1.07641e+08
3.55136e-05	0.02325	9.24737e+07
3.55232e-05	0.02325	7.17275e+07
3.55328e-05	0.02325	5.29712e+07
3.55424e-05	0.02325	4.03415e+07
3.5552e-05	0.02325	5.02916e+07
3.55616e-05	0.02325	3.41536e+07
3.55712e-05	0.02325	2.20869e+07
3.55808e-05	0.02325	1.3843e+07
3.55904e-05	0.02325	9.07152e+06
3.56e-05	0.02325	1.072e+07
3.56096e-05	0.02325	7.09373e+06
3.56192e-05	0.02325	3.75291e+06
3.56288e-05	0.02325	1.95923e+06
3.56384e-05	0.02325	1.09006e+06
3.5648e-05	0.02325	1.18588e+06
3.56576e-05	0.02325	807575
3.56672e-05	0.02325	342173
3.56768e-05	0.02325	133978
3.56864e-05	0.02325	74421.2
3.5696e-05	0.02325	82619.6
3.57056e-05	0.02325	39956.8
3.57152e-05	0.02325	15710
3.57248e-05	0.02325	5302.51
3.57344e-05	0.02325	5609.26
3.5744e-05	0.02325	2710.01
3.57536e-05	0.02325	1346.22
3.57632e-05	0.02325	470.157
3.57728e-05	0.02325	151.16
3.57824e-05	0.02325	157.046
3.5792e-05	0.02325	59.4278
3.58016e-05	0.02325	28.2857
3.58112e-05	0.02325	8.40983
3.58208e-05	0.02325	2.88372
3.58304e-05	0.02325	2.38515
3.584e-05	0.02325	0.83712
3.58496e-05	0.02325	0.344623
3.58592e-05	0.02325	0.0997793
3.58688e-05	0.02325	0.0374195
3.58784e-05	0.02325	0.0266559
3.5888e-05	0.02325	0.00887273
3.58976e-05	0.02325	0.00376268
3.59072e-05	0.02325	0.000474972
3.59168e-05	0.02325	8.92432e-05
3.59264e-05	0.02325	1.37538e-08
3.5936e-05	0.02325	1.18466e-09
3.59456e-05	0.02325	1.22781e-11
3.59552e-05	0.02325	4.94066e-324
3.50048e-05	0.02675	0
3.50144e-05	0.02675	0
3.5024e-05	0.02675	0
3.50336e-05	0.02675	0
3.50432e-05	0.02675	0
3.50528e-05	0.02675	0
3.50624e-05	0.02675	0
3.5072e-05	0.02675	0
3.50816e-05	0.02675	6.95965e-311
3.50912e-05	0.02675	7.12947e-311
3.51008e-05	0.02675	7.06407e-311
3.51104e-05	0.02675	7.1816e-311
3.512e-05	0.02675	8.04191e-311
3.51296e-05	0.02675	3.91847e-309
3.51392e-05	0.02675	3.99524e-309
3.51488e-05	0.02675	345.257
3.51584e-05	0.02675	353.246
3.5168e-05	0.02675	360.763
3.51776e-05	0.02675	469.278
3.51872e-05	0.02675	981.543
3.51968e-05	0.02675	19590.8
3.52064e-05	0.02675	19897.6
3.5216e-05	0.02675	20207
3.52256e-05	0.02675	26721
3.52352e-05	0.02675	54574.8
3.52448e-05	0.02675	420224
3.52544e-05	0.02675	419830
3.5264e-05	0.02675	425816
3.52736e-05	0.02675	1.1228e+06
3.52832e-05	0.02675	1.13002e+06
3.52928e-05	0.02675	3.66707e+06
3.53024e-05	0.02675	3.55346e+06
3.5312e-05	0.02675	4.37177e+06
3.53216e-05	0.02675	9.21893e+06
3.53312e-05	0.02675	9.07351e+06
3.53408e-05	0.02675	1.46435e+07
3.53504e-05	0.02675	1.38361e+07
3.536e-05	0.02675	1.55938e+07
3.53696e-05	0.02675	3.75948e+07
3.53792e-05	0.02675	3.33593e+07
3.53888e-05	0.02675	3.25812e+07
3.53984e-05	0.02675	3.21398e+07
3.5408e-05	0.02675	3.23596e+07
3.54176e-05	0.02675	7.28583e+07
3.54272e-05	0.02675	6.11523e+07
3.54368e-05	0.02675	4.92611e+07
3.54464e-05	0.02675	5.15141e+07
3.5456e-05	0.02675	4.92834e+07
3.54656e-05	0.02675	9.61771e+07
3.54752e-05	0.02675	6.97821e+07
3.54848e-05	0.02675	5.19739e+07
3.54944e-05	0.02675	4.34283e+07
3.5504e-05	0.02675	4.79567e+07
3.55136e-05	0.02675	7.67935e+07
3.55232e-05	0.02675	4.59528e+07
3.55328e-05	0.02675	3.38784e+07
3.55424e-05	0.02675	1.94462e+07
3.5552e-05	0.02675	3.88197e+07
3.55616e-05	0.02675	2.59489e+07
3.55712e-05	0.02675	1.53623e+07
3.55808e-05	0.02675	1.09519e+07
3.55904e-05	0.02675	4.56297e+06
3.56e-05	0.02675	8.79867e+06
3.56096e-05	0.02675	4.58052e+06
3.56192e-05	0.02675	2.24701e+06
3.56288e-05	0.02675	1.3867e+06
3.56384e-05	0.02675	615987
3.5648e-05	0.02675	1.08059e+06
3.56576e-05	0.02675	499334
3.56672e-05	0.02675	165138
3.56768e-05	0.02675	98305.5
3.56864e-05	0.02675	41696.8
3.5696e-05	0.02675	75225
3.57056e-05	0.02675	25605
3.57152e-05	0.02675	7794.68
3.57248e-05	0.02675	4882.52
3.57344e-05	0.02675	2424.77
3.5744e-05	0.02675	2927.56
3.57536e-05	0.02675	1137.05
3.57632e-05	0.02675	269.988
3.57728e-05	0.02675	167.173
3.57824e-05	0.02675	113.831
3.5792e-05	0.02675	79.9114
3.58016e-05	0.02675	27.1743
3.58112e-05	0.02675	6.68621
3.58208e-05	0.02675	3.38004
3.58304e-05	0.02675	2.80329
3.584e-05	0.02675	1.18161
3.58496e-05	0.02675	0.287274
3.58592e-05	0.02675	0.0880957
3.58688e-05	0.02675	0.0408721
3.58784e-05	0.02675	0.033512
3.5888e-05	0.02675	0.0157677
3.58976e-05	0.02675	0.00132144
3.59072e-05	0.02675	0.000352123
3.59168e-05	0.02675	6.97069e-06
3.59264e-05	0.02675	4.32792e-06
3.5936e-05	0.02675	3.25411e-09
3.59456e-05	0.02675	3.69152e-10
3.59552e-05	0.02675	9.88131e-324
3.50048e-05	0.03025	0
3.50144e-05	0.03025	0
3.5024e-05	0.03025	0
3.50336e-05	0.03025	0
3.50432e-05	0.03025	0
3.50528e-05	0.03025	0
3.50624e-05	0.03025	0
3.5072e-05	0.03025	0
3.50816e-05	0.03025	0
3.50912e-05	0.03025	0
3.51008e-05	0.03025	0
3.51104e-05	0.03025	2.56287e-311
3.512e-05	0.03025	2.4461e-311
3.51296e-05	0.03025	6.60244e-311
3.51392e-05	0.03025	8.11417e-311
3.51488e-05	0.03025	7.37144e-311
3.51584e-05	0.03025	1.4678e-309
3.5168e-05	0.03025	1.38534e-309
3.51776e-05	0.03025	3.75635e-309
3.51872e-05	0.03025	325.845
3.51968e-05	0.03025	251.833
3.52064e-05	0.03025	393.716
3.5216e-05	0.03025	373.301
3.52256e-05	0.03025	529.821
3.52352e-05	0.03025	18209
3.52448e-05	0.03025	14112
3.52544e-05	0.03025	21763.3
3.5264e-05	0.03025	20800.7
3.52736e-05	0.03025	29560.3
3.52832e-05	0.03025	380027
3.52928e-05	0.03025	297419
3.53024e-05	0.03025	446275
3.5312e-05	0.03025	374770
3.53216e-05	0.03025	567143
3.53312e-05	0.03025	3.12316e+06
3.53408e-05	0.03025	2.49945e+06
3.53504e-05	0.03025	3.47435e+06
3.536e-05	0.03025	3.05069e+06
3.53696e-05	0.03025	4.13683e+06
3.53792e-05	0.03025	1.13348e+07
3.53888e-05	0.03025	9.13801e+06
3.53984e-05	0.03025	1.07965e+07
3.5408e-05	0.03025	9.99112e+06
3.54176e-05	0.03025	2.10511e+07
3.54272e-05	0.03025	2.33858e+07
3.54368e-05	0.03025	1.75432e+07
3.54464e-05	0.03025	1.54457e+07
3.5456e-05	0.03025	1.53735e+07
3.54656e-05	0.03025	2.50452e+07
3.54752e-05	0.03025	3.23871e+07
3.54848e-05	0.03025	2.17058e+07
3.54944e-05	0.03025	1.11726e+07
3.5504e-05	0.03025	1.90643e+07
3.55136e-05	0.03025	1.74848e+07
3.55232e-05	0.03025	2.54343e+07
3.55328e-05	0.03025	1.54907e+07
3.55424e-05	0.03025	5.39074e+06
3.5552e-05	0.03025	8.03308e+06
3.55616e-05	0.03025	1.29454e+07
3.55712e-05	0.03025	9.22854e+06
3.55808e-05	0.03025	4.22547e+06
3.55904e-05	0.03025	1.79717e+06
3.56e-05	0.03025	2.45972e+06
3.56096e-05	0.03025	2.07451e+06
3.56192e-05	0.03025	1.44649e+06
3.56288e-05	0.03025	640359
3.56384e-05	0.03025	249113
3.5648e-05	0.03025	309667
3.56576e-05	0.03025	176804
3.56672e-05	0.03025	115742
3.56768e-05	0.03025	52569
3.56864e-05	0.03025	22793.5
3.5696e-05	0.03025	26943.4
3.57056e-05	0.03025	11309.3
3.57152e-05	0.03025	6665.87
3.57248e-05	0.03025	3019.42
3.57344e-05	0.03025	1573.39
3.5744e-05	0.03025	1479.2
3.57536e-05	0.03025	623.756
3.57632e-05	0.03025	273.167
3.57728e-05	0.03025	121.071
3.57824e-05	0.03025	79.5149
3.5792e-05	0.03025	58.6316
3.58016e-05	0.03025	23.6812
3.58112e-05	0.03025	6.76875
3.58208e-05	0.03025	2.42954
3.58304e-05	0.03025	2.96917
3.584e-05	0.03025	1.11986
3.58496e-05	0.03025	0.279623
3.58592e-05	0.03025	0.0695564
3.58688e-05	0.03025	0.0194986
3.58784e-05	0.03025	0.0215259
3.5888e-05	0.03025	0.00503796
3.58976e-05	0.03025	0.00062994
3.59072e-05	0.03025	1.81298e-05
3.59168e-05	0.03025	2.5137e-07
3.59264e-05	0.03025	2.29724e-07
3.5936e-05	0.03025	2.83406e-08
3.59456e-05	0.03025	2.24613e-09
3.59552e-05	0.03025	4.70258e-10
3.50048e-05	0.03375	0
3.50144e-05	0.03375	0
3.5024e-05	0.03375	0
3.50336e-05	0.03375	0
3.50432e-05	0.03375	0
3.50528e-05	0.03375	0
3.50624e-05	0.03375	0
3.5072e-05	0.03375	0
3.50816e-05	0.03375	0
3.50912e-05	0.03375	0
3.51008e-05	0.03375	0
3.51104e-05	0.03375	0
3.512e-05	0.03375	0
3.51296e-05	0.03375	0
3.51392e-05	0.03375	2.70501e-311
3.51488e-05	0.03375	2.77976e-311
3.51584e-05	0.03375	2.03635e-311
3.5168e-05	0.03375	3.17172e-311
3.51776e-05	0.03375	5.33559e-311
3.51872e-05	0.03375	1.52047e-309
3.51968e-05	0.03375	1.55864e-309
3.52064e-05	0.03375	1.15242e-309
3.5216e-05	0.03375	1.81446e-309
3.52256e-05	0.03375	2.92743e-309
3.52352e-05	0.03375	302.767
3.52448e-05	0.03375	202.279
3.52544e-05	0.03375	197.205
3.5264e-05	0.03375	107.13
3.52736e-05	0.03375	181.138
3.52832e-05	0.03375	16755.5
3.52928e-05	0.03375	11167.8
3.53024e-05	0.03375	9353.27
3.5312e-05	0.03375	5879.08
3.53216e-05	0.03375	9968.41
3.53312e-05	0.03375	342518
3.53408e-05	0.03375	228051
3.53504e-05	0.03375	188654
3.536e-05	0.03375	93163.4
3.53696e-05	0.03375	2.13545e+06
3.53792e-05	0.03375	2.23113e+06
3.53888e-05	0.03375	1.66508e+06
3.53984e-05	0.03375	1.41141e+06
3.5408e-05	0.03375	692888
3.54176e-05	0.03375	6.81451e+06
3.54272e-05	0.03375	6.9225e+06
3.54368e-05	0.03375	5.06946e+06
3.54464e-05	0.03375	3.94671e+06
3.5456e-05	0.03375	2.03549e+06
3.54656e-05	0.03375	8.84319e+06
3.54752e-05	0.03375	9.27652e+06
3.54848e-05	0.03375	6.62103e+06
3.54944e-05	0.03375	3.96162e+06
3.5504e-05	0.03375	2.20672e+06
3.55136e-05	0.03375	6.13906e+06
3.55232e-05	0.03375	5.20978e+06
3.55328e-05	0.03375	3.46358e+06
3.55424e-05	0.03375	1.92548e+06
3.5552e-05	0.03375	1.08812e+06
3.55616e-05	0.03375	2.73573e+06
3.55712e-05	0.03375	1.79574e+06
3.55808e-05	0.03375	888852
3.55904e-05	0.03375	509062
3.56e-05	0.03375	353030
3.56096e-05	0.03375	656182
3.56192e-05	0.03375	338743
3.56288e-05	0.03375	172839
3.56384e-05	0.03375	65941.4
3.5648e-05	0.03375	170440
3.56576e-05	0.03375	90408.2
3.56672e-05	0.03375	38925.3
3.56768e-05	0.03375	17158.1
3.56864e-05	0.03375	6598.05
3.5696e-05	0.03375	13619.2
3.57056e-05	0.03375	7854.82
3.57152e-05	0.03375	3233.58
3.57248e-05	0.03375	1503.68
3.57344e-05	0.03375	429.096
3.5744e-05	0.03375	862.941
3.57536e-05	0.03375	489.11
3.57632e-05	0.03375	214.673
3.57728e-05	0.03375	76.8198
3.57824e-05	0.03375	31.2443
3.5792e-05	0.03375	28.3778
3.58016e-05	0.03375	17.4884
3.58112e-05	0.03375	8.18507
3.58208e-05	0.03375	1.43544
3.58304e-05	0.03375	1.01762
3.584e-05	0.03375	0.462952
3.58496e-05	0.03375	0.249039
3.58592e-05	0.03375	0.136093
3.58688e-05	0.03375	0.0165433
3.58784e-05	0.03375	0.0139877
3.5888e-05	0.03375	0.00162359
3.58976e-05	0.03375	0.000185827
3.59072e-05	0.03375	5.58426e-07
3.59168e-05	0.03375	5.68317e-08
3.59264e-05	0.03375	7.6386e-08
3.5936e-05	0.03375	5.73769e-09
3.59456e-05	0.03375	2.25898e-09
3.59552e-05	0.03375	2.62732e-10
3.50048e-05	0.03725	0
3.50144e-05	0.03725	0
3.5024e-05	0.03725	0
3.50336e-05	0.03725	0
3.50432e-05	0.03725	0
3.50528e-05	0.03725	0
3.50624e-05	0.03725	0
3.5072e-05	0.03725	0
3.50816e-05	0.03725	0
3.50912e-05	0.03725	0
3.51008e-05	0.03725	0
3.51104e-05	0.03725	0
3.512e-05	0.03725	0
3.51296e-05	0.03725	0
3.51392e-05	0.03725	0
3.51488e-05	0.03725	0
3.51584e-05	0.03725	0
3.5168e-05	0.03725	0
3.51776e-05	0.03725	2.13234e-311
3.51872e-05	0.03725	2.16539e-311
3.51968e-05	0.03725	2.54869e-311
3.52064e-05	0.03725	2.22053e-311
3.5216e-05	0.03725	1.66848e-311
3.52256e-05	0.03725	1.19637e-309
3.52352e-05	0.03725	1.21181e-309
3.52448e-05	0.03725	1.42849e-309
3.52544e-05	0.03725	1.24673e-309
3.5264e-05	0.03725	60.2974
3.52736e-05	0.03725	67.7026
3.52832e-05	0.03725	46.2817
3.52928e-05	0.03725	14.9907
3.53024e-05	0.03725	3.50309
3.5312e-05	0.03725	3294.29
3.53216e-05	0.03725	3715.98
3.53312e-05	0.03725	1764.09
3.53408e-05	0.03725	828.073
3.53504e-05	0.03725	192.374
3.536e-05	0.03725	66241.5
3.53696e-05	0.03725	74957.3
3.53792e-05	0.03725	35575.7
3.53888e-05	0.03725	16770.2
3.53984e-05	0.03725	3901.42
3.5408e-05	0.03725	492650
3.54176e-05	0.03725	544191
3.54272e-05	0.03725	262994
3.54368e-05	0.03725	124929
3.54464e-05	0.03725	26472.6
3.5456e-05	0.03725	1.34777e+06
3.54656e-05	0.03725	1.49266e+06
3.54752e-05	0.03725	718545
3.54848e-05	0.03725	360852
3.54944e-05	0.03725	72097.5
3.5504e-05	0.03725	993456
3.55136e-05	0.03725	1.59091e+06
3.55232e-05	0.03725	786874
3.55328e-05	0.03725	330784
3.55424e-05	0.03725	86268.8
3.5552e-05	0.03725	399320
3.55616e-05	0.03725	692189
3.55712e-05	0.03725	377153
3.55808e-05	0.03725	182520
3.55904e-05	0.03725	113682
3.56e-05	0.03725	102116
3.56096e-05	0.03725	144602
3.56192e-05	0.03725	81469.9
3.56288e-05	0.03725	46374.8
3.56384e-05	0.03725	17977.9
3.5648e-05	0.03725	22697.4
3.56576e-05	0.03725	22806
3.56672e-05	0.03725	10833.2
3.56768e-05	0.03725	6899.61
3.56864e-05	0.03725	2763.93
3.5696e-05	0.03725	3896.24
3.57056e-05	0.03725	2709.95
3.57152e-05	0.03725	1308.95
3.57248e-05	0.03725	443.101
3.57344e-05	0.03725	277.695
3.5744e-05	0.03725	409.779
3.57536e-05	0.03725	168.704
3.57632e-05	0.03725	68.3912
3.57728e-05	0.03725	24.4258
3.57824e-05	0.03725	13.4293
3.5792e-05	0.03725	14.9772
3.58016e-05	0.03725	5.47909
3.58112e-05	0.03725	1.92146
3.58208e-05	0.03725	0.488246
3.58304e-05	0.03725	0.219591
3.584e-05	0.03725	0.281882
3.58496e-05	0.03725	0.0815257
3.58592e-05	0.03725	0.0264554
3.58688e-05	0.03725	0.00415843
3.58784e-05	0.03725	0.000338803
3.5888e-05	0.03725	0.000777265
3.58976e-05	0.03725	1.971e-06
3.59072e-05	0.03725	1.29683e-07
3.59168e-05	0.03725	1.76816e-08
3.59264e-05	0.03725	1.50509e-08
3.5936e-05	0.03725	2.24962e-09
3.59456e-05	0.03725	3.51586e-10
3.59552e-05	0.03725	1.13635e-322
3.50048e-05	0.04075	0
3.50144e-05	0.04075	0
3.5024e-05	0.04075	0
3.50336e-05	0.04075	0
3.50432e-05	0.04075	0
3.50528e-05	0.04075	0
3.50624e-05	0.04075	0
3.5072e-05	0.04075	0
3.50816e-05	0.04075	0
3.50912e-05	0.04075	0
3.51008e-05	0.04075	0
3.51104e-05	0.04075	0
3.512e-05	0.04075	0
3.51296e-05	0.04075	0
3.51392e-05	0.04075	0
3.51488e-05	0.04075	0
3.51584e-05	0.04075	0
3.5168e-05	0.04075	0
3.51776e-05	0.04075	0
3.51872e-05	0.04075	0
3.51968e-05	0.04075	0
3.52064e-05	0.04075	0
3.5216e-05	0.04075	0
3.52256e-05	0.04075	1.7098e-311
3.52352e-05	0.04075	1.51997e-311
3.52448e-05	0.04075	1.18801e-311
3.52544e-05	0.04075	1.31512e-311
3.5264e-05	0.04075	2.9618e-311
3.52736e-05	0.04075	9.57965e-310
3.52832e-05	0.04075	7.20918e-310
3.52928e-05	0.04075	1.40782
3.53024e-05	0.04075	1.194
3.5312e-05	0.04075	0.757759
3.53216e-05	0.04075	2.0258
3.53312e-05	0.04075	1.16879
3.53408e-05	0.04075	77.3388
3.53504e-05	0.04075	65.4527
3.536e-05	0.04075	41.8753
3.53696e-05	0.04075	111.096
3.53792e-05	0.04075	63.9258
3.53888e-05	0.04075	1355.17
3.53984e-05	0.04075	1131.45
3.5408e-05	0.04075	850.645
3.54176e-05	0.04075	2250.91
3.54272e-05	0.04075	1288.39
3.54368e-05	0.04075	10199.5
3.54464e-05	0.04075	8561.63
3.5456e-05	0.04075	6516.83
3.54656e-05	0.04075	16906.4
3.54752e-05	0.04075	9598.42
3.54848e-05	0.04075	29374.6
3.54944e-05	0.04075	24684.3
3.5504e-05	0.04075	19520.1
3.55136e-05	0.04075	48180.4
3.55232e-05	0.04075	241226
3.55328e-05	0.04075	34109.1
3.55424e-05	0.04075	28856.4
3.5552e-05	0.04075	24878.3
3.55616e-05	0.04075	54427.9
3.55712e-05	0.04075	107363
3.55808e-05	0.04075	19226.6
3.55904e-05	0.04075	12977.7
3.56e-05	0.04075	15749.2
3.56096e-05	0.04075	26648.5
3.56192e-05	0.04075	19380
3.56288e-05	0.04075	6751.2
3.56384e-05	0.04075	3794.81
3.5648e-05	0.04075	5888.26
3.56576e-05	0.04075	6398.97
3.56672e-05	0.04075	2664
3.56768e-05	0.04075	1516.24
3.56864e-05	0.04075	770.346
3.5696e-05	0.04075	1249.5
3.57056e-05	0.04075	871.571
3.57152e-05	0.04075	230.559
3.57248e-05	0.04075	175.759
3.57344e-05	0.04075	98.957
3.5744e-05	0.04075	149.965
3.57536e-05	0.04075	67.7113
3.57632e-05	0.04075	11.0733
3.57728e-05	0.04075	8.80347
3.57824e-05	0.04075	3.25059
3.5792e-05	0.04075	6.27174
3.58016e-05	0.04075	1.86443
3.58112e-05	0.04075	0.309361
3.58208e-05	0.04075	0.136505
3.58304e-05	0.04075	0.0329193
3.584e-05	0.04075	0.10547
3.58496e-05	0.04075	0.0213108
3.58592e-05	0.04075	0.00330869
3.58688e-05	0.04075	0.000887061
3.58784e-05	0.04075	5.21885e-06
3.5888e-05	0.04075	1.77401e-05
3.58976e-05	0.04075	4.32821e-07
3.59072e-05	0.04075	2.85943e-08
3.59168e-05	0.04075	2.51638e-09
3.59264e-05	0.04075	6.02954e-09
3.5936e-05	0.04075	1.24087e-09
3.59456e-05	0.04075	3.1719e-321
3.59552e-05	0.04075	4.5454e-322
3.50048e-05	0.04425	0
3.50144e-05	0.04425	0
3.5024e-05	0.04425	0
3.50336e-05	0.04425	0
3.50432e-05	0.04425	0
3.50528e-05	0.04425	0
3.50624e-05	0.04425	0
3.5072e-05	0.04425	0
3.50816e-05	0.04425	0
3.50912e-05	0.04425	0
3.51008e-05	0.04425	0
3.51104e-05	0.04425	0
3.512e-05	0.04425	0
3.51296e-05	0.04425	0
3.51392e-05	0.04425	0
3.51488e-05	0.04425	0
3.51584e-05	0.04425	0
3.5168e-05	0.04425	0
3.51776e-05	0.04425	0
3.51872e-05	0.04425	0
3.51968e-05	0.04425	0
3.52064e-05	0.04425	0
3.5216e-05	0.04425	0
3.52256e-05	0.04425	0
3.52352e-05	0.04425	0
3.52448e-05	0.04425	6.01539e-312
3.52544e-05	0.04425	4.10188e-312
3.5264e-05	0.04425	2.36969e-312
3.52736e-05	0.04425	8.83513e-312
3.52832e-05	0.04425	8.18653e-312
3.52928e-05	0.04425	2.40146e-310
3.53024e-05	0.04425	2.26414e-310
3.5312e-05	0.04425	1.38965e-310
3.53216e-05	0.04425	0.761488
3.53312e-05	0.04425	0.257341
3.53408e-05	0.04425	0.18091
3.53504e-05	0.04425	0.0831924
3.536e-05	0.04425	0.024154
3.53696e-05	0.04425	41.6129
3.53792e-05	0.04425	14.1427
3.53888e-05	0.04425	9.91391
3.53984e-05	0.04425	4.56387
3.5408e-05	0.04425	1.32694
3.54176e-05	0.04425	840.311
3.54272e-05	0.04425	286.294
3.54368e-05	0.04425	201.141
3.54464e-05	0.04425	74.5511
3.5456e-05	0.04425	26.9053
3.54656e-05	0.04425	6235.78
3.54752e-05	0.04425	1520.28
3.54848e-05	0.04425	1511.75
3.54944e-05	0.04425	556.179
3.5504e-05	0.04425	198.98
3.55136e-05	0.04425	17160
3.55232e-05	0.04425	4457.69
3.55328e-05	0.04425	4297.42
3.55424e-05	0.04425	1553.47
3.5552e-05	0.04425	553.245
3.55616e-05	0.04425	17820.2
3.55712e-05	0.04425	5347.53
3.55808e-05	0.04425	4817.38
3.55904e-05	0.04425	1664.85
3.56e-05	0.04425	500.606
3.56096e-05	0.04425	7143.36
3.56192e-05	0.04425	2854.98
3.56288e-05	0.04425	2290.48
3.56384e-05	0.04425	698.269
3.5648e-05	0.04425	217.175
3.56576e-05	0.04425	1289.56
3.56672e-05	0.04425	743.506
3.56768e-05	0.04425	499.586
3.56864e-05	0.04425	133.758
3.5696e-05	0.04425	36.2875
3.57056e-05	0.04425	138.594
3.57152e-05	0.04425	95.6765
3.57248e-05	0.04425	48.1728
3.57344e-05	0.04425	11.9464
3.5744e-05	0.04425	18.0998
3.57536e-05	0.04425	8.83463
3.57632e-05	0.04425	4.76291
3.57728e-05	0.04425	1.74281
3.57824e-05	0.04425	0.482155
3.5792e-05	0.04425	0.449196
3.58016e-05	0.04425	0.338732
3.58112e-05	0.04425	0.126945
3.58208e-05	0.04425	0.0183964
3.58304e-05	0.04425	0.00593618
3.584e-05	0.04425	0.0080018
3.58496e-05	0.04425	0.00555127
3.58592e-05	0.04425	0.00162417
3.58688e-05	0.04425	1.58741e-05
3.58784e-05	0.04425	1.86231e-07
3.5888e-05	0.04425	4.28914e-07
3.58976e-05	0.04425	7.97577e-08
3.59072e-05	0.04425	2.68529e-09
3.59168e-05	0.04425	2.0519e-09
3.59264e-05	0.04425	1.53633e-318
3.5936e-05	0.04425	4.00687e-321
3.59456e-05	0.04425	1.86263e-321
3.59552e-05	0.04425	9.88131e-323
3.50048e-05	0.04775	0
3.50144e-05	0.04775	0
3.5024e-05	0.04775	0
3.50336e-05	0.04775	0
3.50432e-05	0.04775	0
3.50528e-05	0.04775	0
3.50624e-05	0.04775	0
3.5072e-05	0.04775	0
3.50816e-05	0.04775	0
3.50912e-05	0.04775	0
3.51008e-05	0.04775	0
3.51104e-05	0.04775	0
3.512e-05	0.04775	0
3.51296e-05	0.04775	0
3.51392e-05	0.04775	0
3.51488e-05	0.04775	0
3.51584e-05	0.04775	0
3.5168e-05	0.04775	0
3.51776e-05	0.04775	0
3.51872e-05	0.04775	0
3.51968e-05	0.04775	0
3.52064e-05	0.04775	0
3.5216e-05	0.04775	0
3.52256e-05	0.04775	0
3.52352e-05	0.04775	0
3.52448e-05	0.04775	0
3.52544e-05	0.04775	0
3.5264e-05	0.04775	0
3.52736e-05	0.04775	3.13386e-312
3.52832e-05	0.04775	2.5908e-312
3.52928e-05	0.04775	1.6758e-312
3.53024e-05	0.04775	7.96437e-313
3.5312e-05	0.04775	2.55978e-312
3.53216e-05	0.04775	1.72149e-310
3.53312e-05	0.04775	1.41687e-310
3.53408e-05	0.04775	9.20517e-311
3.53504e-05	0.04775	4.38156e-311
3.536e-05	0.04775	1.34858e-310
3.53696e-05	0.04775	0.0160629
3.53792e-05	0.04775	0.0112656
3.53888e-05	0.04775	0.00547158
3.53984e-05	0.04775	0.00170471
3.5408e-05	0.04775	0.000119023
3.54176e-05	0.04775	0.881784
3.54272e-05	0.04775	0.61658
3.54368e-05	0.04775	0.298822
3.54464e-05	0.04775	0.0934051
3.5456e-05	0.04775	0.0064996
3.54656e-05	0.04775	17.8025
3.54752e-05	0.04775	12.3869
3.54848e-05	0.04775	3.95006
3.54944e-05	0.04775	1.50863
3.5504e-05	0.04775	0.130543
3.55136e-05	0.04775	133.317
3.55232e-05	0.04775	91.5791
3.55328e-05	0.04775	18.4652
3.55424e-05	0.04775	11.1707
3.5552e-05	0.04775	0.964916
3.55616e-05	0.04775	374.362
3.55712e-05	0.04775	249.784
3.55808e-05	0.04775	50.5402
3.55904e-05	0.04775	30.3656
3.56e-05	0.04775	2.4737
3.56096e-05	0.04775	406.223
3.56192e-05	0.04775	249.791
3.56288e-05	0.04775	50.7187
3.56384e-05	0.04775	11.7937
3.5648e-05	0.04775	2.4737
3.56576e-05	0.04775	183.528
3.56672e-05	0.04775	92.3895
3.56768e-05	0.04775	18.7276
3.56864e-05	0.04775	4.34106
3.5696e-05	0.04775	0.914149
3.57056e-05	0.04775	31.6247
3.57152e-05	0.04775	12.425
3.57248e-05	0.04775	2.54336
3.57344e-05	0.04775	0.588785
3.5744e-05	0.04775	0.122036
3.57536e-05	0.04775	2.13946
3.57632e-05	0.04775	0.516127
3.57728e-05	0.04775	0.126699
3.57824e-05	0.04775	0.0176992
3.5792e-05	0.04775	0.00617806
3.58016e-05	0.04775	0.0849025
3.58112e-05	0.04775	0.0103457
3.58208e-05	0.04775	0.00233263
3.58304e-05	0.04775	0.00030551
3.584e-05	0.04775	0.000119584
3.58496e-05	0.04775	0.00132705
3.58592e-05	0.04775	7.34685e-06
3.58688e-05	0.04775	8.50975e-08
3.58784e-05	0.04775	1.27318e-08
3.5888e-05	0.04775	1.14165e-07
3.58976e-05	0.04775	2.71811e-09
3.59072e-05	0.04775	7.83988e-10
3.59168e-05	0.04775	1.65166e-320
3.59264e-05	0.04775	3.55826e-320
3.5936e-05	0.04775	3.97229e-321
3.59456e-05	0.04775	2.02567e-322
3.59552e-05	0.04775	6.42285e-323
3.50048e-05	0.05125	0
3.50144e-05	0.05125	0
3.5024e-05	0.05125	0
3.50336e-05	0.05125	0
3.50432e-05	0.05125	0
3.50528e-05	0.05125	0
3.50624e-05	0.05125	0
3.5072e-05	0.05125	0
3.50816e-05	0.05125	0
3.50912e-05	0.05125	0
3.51008e-05	0.05125	0
3.51104e-05	0.05125	0
3.512e-05	0.05125	0
3.51296e-05	0.05125	0
3.51392e-05	0.05125	0
3.51488e-05	0.05125	0
3.51584e-05	0.05125	0
3.5168e-05	0.05125	0
3.51776e-05	0.05125	0
3.51872e-05	0.05125	0
3.51968e-05	0.05125	0
3.52064e-05	0.05125	0
3.5216e-05	0.05125	0
3.52256e-05	0.05125	0
3.52352e-05	0.05125	0
3.52448e-05	0.05125	0
3.52544e-05	0.05125	0
3.5264e-05	0.05125	0
3.52736e-05	0.05125	0
3.52832e-05	0.05125	0
3.52928e-05	0.05125	0
3.53024e-05	0.05125	0
3.5312e-05	0.05125	0
3.53216e-05	0.05125	1.75487e-313
3.53312e-05	0.05125	7.31273e-314
3.53408e-05	0.05125	6.18613e-314
3.53504e-05	0.05125	2.46666e-314
3.536e-05	0.05125	1.59851e-313
3.53696e-05	0.05125	9.59912e-312
3.53792e-05	0.05125	6.01516e-312
3.53888e-05	0.05125	2.15313e-312
3.53984e-05	0.05125	1.34961e-312
3.5408e-05	0.05125	4.07096e-05
3.54176e-05	0.05125	0.000181926
3.54272e-05	0.05125	1.06289e-06
3.54368e-05	0.05125	2.53807e-08
3.54464e-05	0.05125	1.74235e-09
3.5456e-05	0.05125	0.00222267
3.54656e-05	0.05125	0.00387166
3.54752e-05	0.05125	5.79316e-05
3.54848e-05	0.05125	1.37824e-06
3.54944e-05	0.05125	0.199555
3.5504e-05	0.05125	0.0446435
3.55136e-05	0.05125	0.0779087
3.55232e-05	0.05125	0.00116359
3.55328e-05	0.05125	2.76826e-05
3.55424e-05	0.05125	1.47731
3.5552e-05	0.05125	0.109958
3.55616e-05	0.05125	0.575672
3.55712e-05	0.05125	0.00516766
3.55808e-05	0.05125	0.000204549
3.55904e-05	0.05125	2.83576
3.56e-05	0.05125	0.299484
3.56096e-05	0.05125	1.56748
3.56192e-05	0.05125	0.0140525
3.56288e-05	0.05125	0.000556021
3.56384e-05	0.05125	2.2592
3.5648e-05	0.05125	0.300735
3.56576e-05	0.05125	0.526599
3.56672e-05	0.05125	0.0140533
3.56768e-05	0.05125	0.000556024
3.56864e-05	0.05125	0.834149
3.5696e-05	0.05125	0.111067
3.57056e-05	0.05125	0.191786
3.57152e-05	0.05125	0.00173347
3.57248e-05	0.05125	0.00020455
3.57344e-05	0.05125	0.113318
3.5744e-05	0.05125	0.00502118
3.57536e-05	0.05125	0.0260131
3.57632e-05	0.05125	4.74412e-05
3.57728e-05	0.05125	1.69322e-05
3.57824e-05	0.05125	0.00564178
3.5792e-05	0.05125	0.000250608
3.58016e-05	0.05125	0.000433923
3.58112e-05	0.05125	1.83864e-06
3.58208e-05	0.05125	3.63254e-07
3.58304e-05	0.05125	0.000103337
3.584e-05	0.05125	4.60879e-06
3.58496e-05	0.05125	7.95132e-06
3.58592e-05	0.05125	3.43915e-08
3.58688e-05	0.05125	6.64748e-09
3.58784e-05	0.05125	8.97401e-11
3.5888e-05	0.05125	1.31726e-09
3.58976e-05	0.05125	3.84905e-10
3.59072e-05	0.05125	3.24821e-11
3.59168e-05	0.05125	1.68872e-320
3.59264e-05	0.05125	5.22721e-321
3.5936e-05	0.05125	3.60668e-322
3.59456e-05	0.05125	1.43279e-322
3.59552e-05	0.05125	3.45846e-323
3.50048e-05	0.05475	0
3.50144e-05	0.05475	0
3.5024e-05	0.05475	0
3.50336e-05	0.05475	0
3.50432e-05	0.05475	0
3.50528e-05	0.05475	0
3.50624e-05	0.05475	0
3.5072e-05	0.05475	0
3.50816e-05	0.05475	0
3.50912e-05	0.05475	0
3.51008e-05	0.05475	0
3.51104e-05	0.05475	0
3.512e-05	0.05475	0
3.51296e-05	0.05475	0
3.51392e-05	0.05475	0
3.51488e-05	0.05475	0
3.51584e-05	0.05475	0
3.5168e-05	0.05475	0
3.51776e-05	0.05475	0
3.51872e-05	0.05475	0
3.51968e-05	0.05475	0
3.52064e-05	0.05475	0
3.5216e-05	0.05475	0
3.52256e-05	0.05475	0
3.52352e-05	0.05475	0
3.52448e-05	0.05475	0
3.52544e-05	0.05475	0
3.5264e-05	0.05475	0
3.52736e-05	0.05475	0
3.52832e-05	0.05475	0
3.52928e-05	0.05475	0
3.53024e-05	0.05475	0
3.5312e-05	0.05475	0
3.53216e-05	0.05475	0
3.53312e-05	0.05475	0
3.53408e-05	0.05475	0
3.53504e-05	0.05475	0
3.536e-05	0.05475	2.4109e-315
3.53696e-05	0.05475	4.04407e-315
3.53792e-05	0.05475	1.57427e-315
3.53888e-05	0.05475	7.54573e-316
3.53984e-05	0.05475	4.98326e-316
3.5408e-05	0.05475	1.32612e-313
3.54176e-05	0.05475	2.2198e-313
3.54272e-05	0.05475	9.46264e-09
3.54368e-05	0.05475	6.40297e-10
3.54464e-05	0.05475	4.46369e-11
3.5456e-05	0.05475	1.60939e-11
3.54656e-05	0.05475	2.1875e-11
3.54752e-05	0.05475	5.16643e-07
3.54848e-05	0.05475	3.4959e-08
3.54944e-05	0.05475	2.43709e-09
3.5504e-05	0.05475	8.8036e-10
3.55136e-05	0.05475	1.19434e-09
3.55232e-05	0.05475	1.0377e-05
3.55328e-05	0.05475	7.02171e-07
3.55424e-05	0.05475	4.89503e-08
3.5552e-05	0.05475	1.76825e-08
3.55616e-05	0.05475	2.39889e-08
3.55712e-05	0.05475	7.66766e-05
3.55808e-05	0.05475	5.18838e-06
3.55904e-05	0.05475	3.5846e-07
3.56e-05	0.05475	4.35524e-08
3.56096e-05	0.05475	1.77586e-07
3.56192e-05	0.05475	0.000208908
3.56288e-05	0.05475	2.82069e-06
3.56384e-05	0.05475	9.76279e-07
3.5648e-05	0.05475	1.18388e-07
3.56576e-05	0.05475	4.82728e-07
3.56672e-05	0.05475	0.000208908
3.56768e-05	0.05475	2.82069e-06
3.56864e-05	0.05475	9.76279e-07
3.5696e-05	0.05475	1.18617e-07
3.57056e-05	0.05475	4.82728e-07
3.57152e-05	0.05475	7.70044e-05
3.57248e-05	0.05475	3.46561e-07
3.57344e-05	0.05475	3.59153e-07
3.5744e-05	0.05475	4.38003e-08
3.57536e-05	0.05475	1.77586e-07
3.57632e-05	0.05475	1.04214e-05
3.57728e-05	0.05475	4.69019e-08
3.57824e-05	0.05475	4.86061e-08
3.5792e-05	0.05475	5.93936e-09
3.58016e-05	0.05475	2.40336e-08
3.58112e-05	0.05475	5.1984e-07
3.58208e-05	0.05475	2.33511e-09
3.58304e-05	0.05475	1.16387e-09
3.584e-05	0.05475	1.9252e-10
3.58496e-05	0.05475	1.19888e-09
3.58592e-05	0.05475	3.48797e-09
3.58688e-05	0.05475	4.2769e-11
3.58784e-05	0.05475	2.13971e-11
3.5888e-05	0.05475	2.11568e-12
3.58976e-05	0.05475	2.20019e-11
3.59072e-05	0.05475	9.0414e-321
3.59168e-05	0.05475	8.44852e-322
3.59264e-05	0.05475	1.85275e-321
3.5936e-05	0.05475	2.66795e-322
3.59456e-05	0.05475	2.47033e-323
3.59552e-05	0.05475	0
3.50048e-05	0.05825	0
3.50144e-05	0.05825	0
3.5024e-05	0.05825	0
3.50336e-05	0.05825	0
3.50432e-05	0.05825	0
3.50528e-05	0.05825	0
3.50624e-05	0.05825	0
3.5072e-05	0.05825	0
3.50816e-05	0.05825	0
3.50912e-05	0.05825	0
3.51008e-05	0.05825	0
3.51104e-05	0.05825	0
3.512e-05	0.05825	0
3.51296e-05	0.05825	0
3.51392e-05	0.05825	0
3.51488e-05	0.05825	0
3.51584e-05	0.05825	0
3.5168e-05	0.05825	0
3.51776e-05	0.05825	0
3.51872e-05	0.05825	0
3.51968e-05	0.05825	0
3.52064e-05	0.05825	0
3.5216e-05	0.05825	0
3.52256e-05	0.05825	0
3.52352e-05	0.05825	0
3.52448e-05	0.05825	0
3.52544e-05	0.05825	0
3.5264e-05	0.05825	0
3.52736e-05	0.05825	0
3.52832e-05	0.05825	0
3.52928e-05	0.05825	0
3.53024e-05	0.05825	0
3.5312e-05	0.05825	0
3.53216e-05	0.05825	0
3.53312e-05	0.05825	0
3.53408e-05	0.05825	0
3.53504e-05	0.05825	0
3.536e-05	0.05825	0
3.53696e-05	0.05825	0
3.53792e-05	0.05825	0
3.53888e-05	0.05825	1.51677e-316
3.53984e-05	0.05825	1.20596e-316
3.5408e-05	0.05825	3.00592e-316
3.54176e-05	0.05825	2.21301e-316
3.54272e-05	0.05825	6.16676e-317
3.54368e-05	0.05825	8.29661e-315
3.54464e-05	0.05825	6.58488e-315
3.5456e-05	0.05825	1.64394e-314
3.54656e-05	0.05825	1.20826e-314
3.54752e-05	0.05825	3.36694e-315
3.54848e-05	0.05825	1.67802e-313
3.54944e-05	0.05825	1.32281e-313
3.5504e-05	0.05825	3.09471e-313
3.55136e-05	0.05825	2.42715e-313
3.55232e-05	0.05825	6.76404e-314
3.55328e-05	0.05825	1.25052e-312
3.55424e-05	0.05825	7.91617e-313
3.5552e-05	0.05825	2.29111e-312
3.55616e-05	0.05825	1.81501e-312
3.55712e-05	0.05825	4.99801e-313
3.55808e-05	0.05825	2.73389e-312
3.55904e-05	0.05825	2.17115e-312
3.56e-05	0.05825	6.23772e-312
3.56096e-05	0.05825	4.74849e-312
3.56192e-05	0.05825	1.36092e-312
3.56288e-05	0.05825	2.95825e-312
3.56384e-05	0.05825	1.72196e-312
3.5648e-05	0.05825	6.24297e-312
3.56576e-05	0.05825	2.91029e-312
3.56672e-05	0.05825	8.44167e-313
3.56768e-05	0.05825	1.30295e-312
3.56864e-05	0.05825	6.3719e-313
3.5696e-05	0.05825	2.25495e-312
3.57056e-05	0.05825	8.34194e-313
3.57152e-05	0.05825	1.20917e-313
3.57248e-05	0.05825	2.54439e-313
3.57344e-05	0.05825	8.79309e-314
3.5744e-05	0.05825	3.07207e-313
3.57536e-05	0.05825	1.12952e-313
3.57632e-05	0.05825	1.50334e-314
3.57728e-05	0.05825	2.32911e-314
3.57824e-05	0.05825	4.36882e-315
3.5792e-05	0.05825	1.54992e-314
3.58016e-05	0.05825	3.51679e-315
3.58112e-05	0.05825	7.50529e-316
3.58208e-05	0.05825	9.54384e-316
3.58304e-05	0.05825	8.33196e-317
3.584e-05	0.05825	2.94595e-316
3.58496e-05	0.05825	6.47389e-317
3.58592e-05	0.05825	1.3805e-317
3.58688e-05	0.05825	1.53229e-317
3.58784e-05	0.05825	9.91985e-320
3.5888e-05	0.05825	6.34627e-320
3.58976e-05	0.05825	5.17781e-321
3.59072e-05	0.05825	3.50787e-322
3.59168e-05	0.05825	3.95253e-323
3.59264e-05	0.05825	1.38338e-322
3.5936e-05	0.05825	3.45846e-323
3.59456e-05	0.05825	0
3.59552e-05	0.05825	0
