#theta_0	N_0	probability

-0.000271	0.001375	0
-0.000253	0.001375	0
-0.000235	0.001375	0
-0.000217	0.001375	0
-0.000199	0.001375	0
-0.000181	0.001375	0
-0.000163	0.001375	0
-0.000145	0.001375	0
-0.000127	0.001375	2.56296e-309
-0.000109	0.001375	102095
-9.1e-05	0.001375	612926
-7.3e-05	0.001375	164082
-5.5e-05	0.001375	131055
-3.7e-05	0.001375	11352.9
-1.9e-05	0.001375	228.54
-1e-06	0.001375	6.71336e-309
1.7e-05	0.001375	1.28679e-309
3.5e-05	0.001375	6.2533e-310
5.3e-05	0.001375	5.09076e-311
7.1e-05	0.001375	0
-0.000271	0.004125	0
-0.000253	0.004125	0
-0.000235	0.004125	0
-0.000217	0.004125	0
-0.000199	0.004125	0
-0.000181	0.004125	0
-0.000163	0.004125	0
-0.000145	0.004125	233795
-0.000127	0.004125	280385
-0.000109	0.004125	612425
-9.1e-05	0.004125	635729
-7.3e-05	0.004125	145623
-5.5e-05	0.004125	59114.8
-3.7e-05	0.004125	4043.99
-1.9e-05	0.004125	74.8995
-1e-06	0.004125	6.0989e-309
1.7e-05	0.004125	1.61186e-309
3.5e-05	0.004125	4.31407e-310
5.3e-05	0.004125	3.1302e-311
7.1e-05	0.004125	9.63305e-312
-0.000271	0.006875	0
-0.000253	0.006875	0
-0.000235	0.006875	0
-0.000217	0.006875	0
-0.000199	0.006875	0
-0.000181	0.006875	0
-0.000163	0.006875	330402
-0.000145	0.006875	535930
-0.000127	0.006875	521884
-0.000109	0.006875	417732
-9.1e-05	0.006875	439474
-7.3e-05	0.006875	125859
-5.5e-05	0.006875	23283.8
-3.7e-05	0.006875	573.235
-1.9e-05	0.006875	35.4463
-1e-06	0.006875	4.80616e-309
1.7e-05	0.006875	3.09874e-309
3.5e-05	0.006875	2.72879e-310
5.3e-05	0.006875	1.70257e-311
7.1e-05	0.006875	0
-0.000271	0.009625	0
-0.000253	0.009625	0
-0.000235	0.009625	0
-0.000217	0.009625	0
-0.000199	0.009625	0
-0.000181	0.009625	188897
-0.000163	0.009625	477915
-0.000145	0.009625	526164
-0.000127	0.009625	358034
-0.000109	0.009625	370866
-9.1e-05	0.009625	160331
-7.3e-05	0.009625	87281.9
-5.5e-05	0.009625	55214.7
-3.7e-05	0.009625	287.995
-1.9e-05	0.009625	1.06865e-308
-1e-06	0.009625	4.74565e-309
1.7e-05	0.009625	2.88744e-309
3.5e-05	0.009625	4.37262e-310
5.3e-05	0.009625	8.58487e-312
7.1e-05	0.009625	0
-0.000271	0.012375	0
-0.000253	0.012375	0
-0.000235	0.012375	0
-0.000217	0.012375	0
-0.000199	0.012375	110373
-0.000181	0.012375	439214
-0.000163	0.012375	518758
-0.000145	0.012375	389599
-0.000127	0.012375	231387
-0.000109	0.012375	355221
-9.1e-05	0.012375	188045
-7.3e-05	0.012375	148223
-5.5e-05	0.012375	914.953
-3.7e-05	0.012375	11.2575
-1.9e-05	0.012375	1.54562e-308
-1e-06	0.012375	4.89511e-309
1.7e-05	0.012375	1.89385e-309
3.5e-05	0.012375	6.81959e-311
5.3e-05	0.012375	8.81652e-312
7.1e-05	0.012375	0
-0.000271	0.015125	0
-0.000253	0.015125	0
-0.000235	0.015125	0
-0.000217	0.015125	25781.8
-0.000199	0.015125	208161
-0.000181	0.015125	373605
-0.000163	0.015125	474426
-0.000145	0.015125	266270
-0.000127	0.015125	275724
-0.000109	0.015125	388102
-9.1e-05	0.015125	260523
-7.3e-05	0.015125	39169.5
-5.5e-05	0.015125	20.3177
-3.7e-05	0.015125	2.38637e-308
-1.9e-05	0.015125	1.33372e-308
-1e-06	0.015125	5.36385e-309
1.7e-05	0.015125	1.01221e-309
3.5e-05	0.015125	5.85703e-311
5.3e-05	0.015125	0
7.1e-05	0.015125	0
-0.000271	0.017875	0
-0.000253	0.017875	0
-0.000235	0.017875	0
-0.000217	0.017875	57998
-0.000199	0.017875	152737
-0.000181	0.017875	363752
-0.000163	0.017875	417808
-0.000145	0.017875	534166
-0.000127	0.017875	181052
-0.000109	0.017875	273243
-9.1e-05	0.017875	96878.1
-7.3e-05	0.017875	46.9427
-5.5e-05	0.017875	0.306539
-3.7e-05	0.017875	2.97616e-308
-1.9e-05	0.017875	7.6378e-309
-1e-06	0.017875	3.97682e-309
1.7e-05	0.017875	3.67929e-310
3.5e-05	0.017875	4.64026e-311
5.3e-05	0.017875	0
7.1e-05	0.017875	0
-0.000271	0.020625	0
-0.000253	0.020625	0
-0.000235	0.020625	243.283
-0.000217	0.020625	9593.17
-0.000199	0.020625	162234
-0.000181	0.020625	705627
-0.000163	0.020625	743084
-0.000145	0.020625	256674
-0.000127	0.020625	96140
-0.000109	0.020625	93529.4
-9.1e-05	0.020625	2400.8
-7.3e-05	0.020625	8.15089
-5.5e-05	0.020625	0.00246906
-3.7e-05	0.020625	1.76556e-308
-1.9e-05	0.020625	6.11675e-309
-1e-06	0.020625	2.23309e-309
1.7e-05	0.020625	9.06953e-311
3.5e-05	0.020625	0
5.3e-05	0.020625	0
7.1e-05	0.020625	0
-0.000271	0.023375	0
-0.000253	0.023375	0.37225
-0.000235	0.023375	26.126
-0.000217	0.023375	7704.41
-0.000199	0.023375	371014
-0.000181	0.023375	827327
-0.000163	0.023375	544170
-0.000145	0.023375	122467
-0.000127	0.023375	39928.6
-0.000109	0.023375	6198.53
-9.1e-05	0.023375	111.754
-7.3e-05	0.023375	0.0384474
-5.5e-05	0.023375	1.33265e-308
-3.7e-05	0.023375	1.19721e-308
-1.9e-05	0.023375	6.73952e-309
-1e-06	0.023375	1.00842e-309
1.7e-05	0.023375	4.31771e-311
3.5e-05	0.023375	0
5.3e-05	0.023375	0
7.1e-05	0.023375	0
-0.000271	0.026125	2.05996e-05
-0.000253	0.026125	0.00790481
-0.000235	0.026125	3.69757
-0.000217	0.026125	10043.1
-0.000199	0.026125	140165
-0.000181	0.026125	653151
-0.000163	0.026125	183965
-0.000145	0.026125	78269.3
-0.000127	0.026125	6303.49
-0.000109	0.026125	217.932
-9.1e-05	0.026125	0.209651
-7.3e-05	0.026125	0.00102354
-5.5e-05	0.026125	1.43448e-308
-3.7e-05	0.026125	1.39311e-308
-1.9e-05	0.026125	6.7259e-309
-1e-06	0.026125	3.13785e-310
1.7e-05	0.026125	2.12279e-311
3.5e-05	0.026125	0
5.3e-05	0.026125	0
7.1e-05	0.026125	0
-0.000271	0.028875	6.47884e-09
-0.000253	0.028875	0.00258891
-0.000235	0.028875	1.54985
-0.000217	0.028875	4912.93
-0.000199	0.028875	77760.3
-0.000181	0.028875	291109
-0.000163	0.028875	87930.9
-0.000145	0.028875	6231.46
-0.000127	0.028875	71.1921
-0.000109	0.028875	4.67483
-9.1e-05	0.028875	0.016539
-7.3e-05	0.028875	1.05441e-308
-5.5e-05	0.028875	1.77808e-308
-3.7e-05	0.028875	1.00261e-308
-1.9e-05	0.028875	4.05328e-309
-1e-06	0.028875	5.26733e-311
1.7e-05	0.028875	0
3.5e-05	0.028875	0
5.3e-05	0.028875	0
7.1e-05	0.028875	0
-0.000271	0.031625	1.7962e-10
-0.000253	0.031625	0.000158963
-0.000235	0.031625	1.59319
-0.000217	0.031625	719.035
-0.000199	0.031625	46399.3
-0.000181	0.031625	116507
-0.000163	0.031625	17401.2
-0.000145	0.031625	35.1029
-0.000127	0.031625	6.91017
-0.000109	0.031625	0.27273
-9.1e-05	0.031625	6.04987e-07
-7.3e-05	0.031625	8.49024e-309
-5.5e-05	0.031625	1.3196e-308
-3.7e-05	0.031625	8.51527e-309
-1.9e-05	0.031625	1.73396e-310
-1e-06	0.031625	1.67755e-311
1.7e-05	0.031625	0
3.5e-05	0.031625	0
5.3e-05	0.031625	0
7.1e-05	0.031625	0
-0.000271	0.034375	8.80797e-12
-0.000253	0.034375	4.96471e-06
-0.000235	0.034375	0.674327
-0.000217	0.034375	67.7822
-0.000199	0.034375	42706.8
-0.000181	0.034375	48870
-0.000163	0.034375	154.881
-0.000145	0.034375	3.82167
-0.000127	0.034375	0.595381
-0.000109	0.034375	0.00184628
-9.1e-05	0.034375	1.35831e-11
-7.3e-05	0.034375	4.57536e-309
-5.5e-05	0.034375	1.09485e-308
-3.7e-05	0.034375	3.204e-309
-1.9e-05	0.034375	8.14808e-311
-1e-06	0.034375	2.08802e-314
1.7e-05	0.034375	0
3.5e-05	0.034375	0
5.3e-05	0.034375	0
7.1e-05	0.034375	0
-0.000271	0.037125	0
-0.000253	0.037125	1.03662e-07
-0.000235	0.037125	0.0324776
-0.000217	0.037125	8.74864
-0.000199	0.037125	15558.3
-0.000181	0.037125	80.8965
-0.000163	0.037125	11.6556
-0.000145	0.037125	0.0852996
-0.000127	0.037125	0.00222466
-0.000109	0.037125	6.61743e-11
-9.1e-05	0.037125	4.922e-309
-7.3e-05	0.037125	3.06281e-309
-5.5e-05	0.037125	5.72971e-309
-3.7e-05	0.037125	1.40714e-309
-1.9e-05	0.037125	1.53496e-311
-1e-06	0.037125	0
1.7e-05	0.037125	0
3.5e-05	0.037125	0
5.3e-05	0.037125	0
7.1e-05	0.037125	0
-0.000271	0.039875	0
-0.000253	0.039875	3.91519e-10
-0.000235	0.039875	0.00087613
-0.000217	0.039875	5.74967
-0.000199	0.039875	523.129
-0.000181	0.039875	10.135
-0.000163	0.039875	0.0606245
-0.000145	0.039875	0.00348277
-0.000127	0.039875	2.11845e-09
-0.000109	0.039875	6.33472e-309
-9.1e-05	0.039875	2.85239e-309
-7.3e-05	0.039875	1.87669e-309
-5.5e-05	0.039875	2.24788e-309
-3.7e-05	0.039875	1.29729e-310
-1.9e-05	0.039875	2.51762e-314
-1e-06	0.039875	0
1.7e-05	0.039875	0
3.5e-05	0.039875	0
5.3e-05	0.039875	0
7.1e-05	0.039875	0
-0.000271	0.042625	0
-0.000253	0.042625	3.28162e-12
-0.000235	0.042625	0.00023641
-0.000217	0.042625	0.150414
-0.000199	0.042625	17.4006
-0.000181	0.042625	0.170325
-0.000163	0.042625	0.00166103
-0.000145	0.042625	3.93132e-09
-0.000127	0.042625	5.03825e-309
-0.000109	0.042625	3.3161e-309
-9.1e-05	0.042625	1.53394e-309
-7.3e-05	0.042625	8.97557e-310
-5.5e-05	0.042625	7.09209e-310
-3.7e-05	0.042625	3.56166e-313
-1.9e-05	0.042625	1.43924e-315
-1e-06	0.042625	0
1.7e-05	0.042625	0
3.5e-05	0.042625	0
5.3e-05	0.042625	0
7.1e-05	0.042625	0
-0.000271	0.045375	0
-0.000253	0.045375	0
-0.000235	0.045375	1.29923e-08
-0.000217	0.045375	0.0127239
-0.000199	0.045375	0.199798
-0.000181	0.045375	0.00320389
-0.000163	0.045375	1.54813e-09
-0.000145	0.045375	1.88012e-309
-0.000127	0.045375	3.852e-309
-0.000109	0.045375	1.72591e-309
-9.1e-05	0.045375	1.85685e-310
-7.3e-05	0.045375	2.89894e-310
-5.5e-05	0.045375	2.2674e-312
-3.7e-05	0.045375	1.92429e-314
-1.9e-05	0.045375	0
-1e-06	0.045375	0
1.7e-05	0.045375	0
3.5e-05	0.045375	0
5.3e-05	0.045375	0
7.1e-05	0.045375	0
-0.000271	0.048125	0
-0.000253	0.048125	0
-0.000235	0.048125	5.55739e-11
-0.000217	0.048125	0.00279161
-0.000199	0.048125	0.0114623
-0.000181	0.048125	4.91593e-06
-0.000163	0.048125	5.38377e-310
-0.000145	0.048125	1.3807e-309
-0.000127	0.048125	1.96292e-309
-0.000109	0.048125	4.662e-310
-9.1e-05	0.048125	8.01408e-311
-7.3e-05	0.048125	2.22076e-312
-5.5e-05	0.048125	5.51832e-313
-3.7e-05	0.048125	5.98664e-316
-1.9e-05	0.048125	0
-1e-06	0.048125	0
1.7e-05	0.048125	0
3.5e-05	0.048125	0
5.3e-05	0.048125	0
7.1e-05	0.048125	0
-0.000271	0.050875	0
-0.000253	0.050875	0
-0.000235	0.050875	3.42682e-12
-0.000217	0.050875	9.58915e-06
-0.000199	0.050875	4.85893e-05
-0.000181	0.050875	2.89995e-12
-0.000163	0.050875	3.02964e-310
-0.000145	0.050875	8.7471e-310
-0.000127	0.050875	6.70475e-310
-0.000109	0.050875	1.25729e-310
-9.1e-05	0.050875	1.28593e-311
-7.3e-05	0.050875	1.06484e-312
-5.5e-05	0.050875	7.44684e-315
-3.7e-05	0.050875	0
-1.9e-05	0.050875	0
-1e-06	0.050875	0
1.7e-05	0.050875	0
3.5e-05	0.050875	0
5.3e-05	0.050875	0
7.1e-05	0.050875	0
-0.000271	0.053625	0
-0.000253	0.053625	0
-0.000235	0.053625	0
-0.000217	0.053625	1.22054e-07
-0.000199	0.053625	1.0316e-11
-0.000181	0.053625	8.65419e-314
-0.000163	0.053625	7.8188e-311
-0.000145	0.053625	7.21104e-310
-0.000127	0.053625	2.2902e-310
-0.000109	0.053625	9.59027e-312
-9.1e-05	0.053625	1.17677e-312
-7.3e-05	0.053625	1.04304e-313
-5.5e-05	0.053625	1.07207e-317
-3.7e-05	0.053625	0
-1.9e-05	0.053625	0
-1e-06	0.053625	0
1.7e-05	0.053625	0
3.5e-05	0.053625	0
5.3e-05	0.053625	0
7.1e-05	0.053625	0
