-92.7009	-0.138732	0.00140647
-91.7009	-0.137965	0.00139848
-90.7009	-0.137198	0.0013905
-89.7009	-0.136602	0.0013843
-88.7009	-0.13575	0.00137544
-87.7009	-0.135068	0.00136836
-86.7009	-0.134386	0.00136129
-85.7009	-0.133534	0.00135246
-84.7009	-0.132512	0.00134187
-83.7009	-0.131915	0.0013357
-82.7009	-0.131149	0.00132778
-81.7009	-0.130296	0.00131898
-80.7009	-0.12953	0.00131106
-79.7009	-0.128678	0.00130228
-78.7009	-0.127911	0.00129439
-77.7009	-0.127101	0.00128606
-76.7009	-0.126292	0.00127774
-75.7009	-0.125482	0.00126943
-74.7009	-0.124843	0.00126288
-73.7009	-0.123864	0.00125283
-72.7009	-0.122926	0.00124324
-71.7009	-0.122117	0.00123496
-70.7009	-0.121307	0.0012267
-69.7009	-0.120455	0.001218
-68.7009	-0.119433	0.00120758
-67.7009	-0.118666	0.00119977
-66.7009	-0.117644	0.00118938
-65.7009	-0.116834	0.00118115
-64.7009	-0.115812	0.00117078
-63.7009	-0.11496	0.00116215
-62.7009	-0.114065	0.00115309
-61.7009	-0.113043	0.00114276
-60.7009	-0.11202	0.00113243
-59.7009	-0.111339	0.00112556
-58.7009	-0.110188	0.00111397
-57.7009	-0.109209	0.00110412
-56.7009	-0.108356	0.00109556
-55.7009	-0.107419	0.00108615
-54.7009	-0.106567	0.00107761
-53.7009	-0.105545	0.00106738
-52.7009	-0.104778	0.00105971
-51.7009	-0.103457	0.00104652
-50.7009	-0.102392	0.00103591
-49.7009	-0.10137	0.00102573
-48.7009	-0.100219	0.0010143
-47.7009	-0.0992823	0.001005
-46.7009	-0.0982598	0.000994866
-45.7009	-0.097493	0.000987276
-44.7009	-0.0963853	0.000976327
-43.7009	-0.0952351	0.000964975
-42.7009	-0.0944682	0.000957417
-41.7009	-0.0932754	0.000945678
-40.7009	-0.0920825	0.000933958
-39.7009	-0.0909323	0.000922676
-38.7009	-0.0896542	0.000910163
-37.7009	-0.0884613	0.000898505
-36.7009	-0.0873111	0.000887283
-35.7009	-0.0860756	0.000875251
-34.7009	-0.0848828	0.000863656
-33.7009	-0.0836047	0.000851255
-32.7009	-0.0823267	0.000838878
-31.7009	-0.0811338	0.000827348
-30.7009	-0.0798557	0.000815019
-29.7009	-0.0784925	0.000801894
-28.7009	-0.0772144	0.000789615
-27.7009	-0.0761068	0.000778993
-26.7009	-0.0745305	0.00076391
-25.7009	-0.073082	0.000750083
-24.7009	-0.0716335	0.000736288
-23.7009	-0.0700983	0.000721218
-22.7009	-0.0687332	0.000707681
-21.7009	-0.0673695	0.000693727
-20.7009	-0.0656229	0.000675693
-19.7009	-0.0642596	0.000661671
-18.7009	-0.0625556	0.000644212
-17.7009	-0.0609368	0.000627698
-16.7009	-0.059105	0.000609097
-15.7009	-0.0572306	0.000590161
-14.7009	-0.055484	0.000572608
-13.7009	-0.0532261	0.000550052
-12.7009	-0.0513517	0.000531445
-11.7009	-0.0493921	0.000512112
-10.7009	-0.0470065	0.000488745
-9.70095	-0.0450469	0.000469695
-8.70095	-0.0427464	0.000447504
-7.70095	-0.04002	0.000421455
-6.70095	-0.0373783	0.000396452
-5.70095	-0.0343097	0.000367313
-4.70095	-0.0311999	0.000337941
-3.70095	-0.0283031	0.000310874
-2.70095	-0.0246395	0.000277101
-1.70095	-0.0190579	0.000228754
-0.700947	-0.0118578	0.000172377
-0	0.00441629	0.000131823
0.700947	0.0118301	0.000172179
1.70095	0.0189875	0.000228162
2.70095	0.0235894	0.000267524
3.70095	0.0277641	0.000305872
4.70095	0.0320667	0.000346097
5.70095	0.0353043	0.000376771
6.70095	0.0374785	0.000397402
7.70095	0.0397367	0.000418763
8.70095	0.0425909	0.000446011
9.70095	0.0445931	0.000465303
10.7009	0.0471491	0.000490137
11.7009	0.0490236	0.000508489
12.7009	0.0509406	0.000527379
13.7009	0.0534966	0.000552746
14.7009	0.055371	0.000571476
15.7009	0.0571602	0.000589453
16.7009	0.0589495	0.000607522
17.7009	0.0607387	0.000625681
18.7009	0.0631243	0.00065003
19.7009	0.0644875	0.000664011
20.7009	0.0656803	0.000676285
21.7009	0.0668305	0.000688154
22.7009	0.0687054	0.000707406
23.7009	0.0699426	0.000719671
24.7009	0.0716484	0.00073643
25.7009	0.0730543	0.000749818
26.7009	0.0742897	0.000761609
27.7009	0.0757808	0.000775871
28.7009	0.0772719	0.000790167
29.7009	0.0787203	0.000804086
30.7009	0.0799984	0.000816394
31.7009	0.0812339	0.000828315
32.7009	0.0824693	0.000840259
33.7009	0.0836622	0.000851812
34.7009	0.0849402	0.000864214
35.7009	0.0863887	0.000878298
36.7009	0.0877094	0.000891167
37.7009	0.0888596	0.000902395
38.7009	0.0901377	0.000914894
39.7009	0.0911601	0.00092491
40.7009	0.092353	0.000936614
41.7009	0.0935032	0.000947919
42.7009	0.0945683	0.000958403
43.7009	0.0955055	0.000967643
44.7009	0.0964854	0.000977315
45.7009	0.0976356	0.000988688
46.7009	0.0988285	0.0010005
47.7009	0.0999787	0.00101191
48.7009	0.101086	0.00102291
49.7009	0.102024	0.00103224
50.7009	0.103131	0.00104327
51.7009	0.104111	0.00105305
52.7009	0.105048	0.00106241
53.7009	0.106028	0.00107221
54.7009	0.107008	0.00108203
55.7009	0.107903	0.001091
56.7009	0.10884	0.00110041
57.7009	0.109777	0.00110983
58.7009	0.110757	0.0011197
59.7009	0.111524	0.00112743
60.7009	0.112419	0.00113645
61.7009	0.113398	0.00114635
62.7009	0.114463	0.00115712
63.7009	0.115486	0.00116748
64.7009	0.116466	0.00117741
65.7009	0.11736	0.0011865
66.7009	0.118255	0.00119559
67.7009	0.11932	0.00120643
68.7009	0.1203	0.00121642
69.7009	0.121152	0.00122511
70.7009	0.121876	0.0012325
71.7009	0.122643	0.00124034
72.7009	0.123495	0.00124906
73.7009	0.124304	0.00125735
74.7009	0.125114	0.00126565
75.7009	0.125923	0.00127396
76.7009	0.126605	0.00128096
77.7009	0.127372	0.00128884
78.7009	0.128181	0.00129717
79.7009	0.129161	0.00130727
80.7009	0.130056	0.00131649
81.7009	0.130908	0.00132529
82.7009	0.131802	0.00133453
83.7009	0.132399	0.0013407
84.7009	0.133251	0.00134952
85.7009	0.134018	0.00135747
86.7009	0.13487	0.00136631
87.7009	0.135551	0.00137338
88.7009	0.136403	0.00138224
89.7009	0.137128	0.00138977
90.7009	0.137767	0.00139642
91.7009	0.138406	0.00140308
92.7009	0.13913	0.00141063
93.7009	0.139769	0.00141729
94.7009	0.140664	0.00142663
