unknownMP	3
gamma	3.5e-05	3.5768e-05	50
theta_0	-0.00028	8e-05	20
N_0	0	0.055	20

0	
0	0	0	0	0	0	0	0	0	0	0	0	0	0	0	0	0	0	0	0	
0	0	0	0	0	0	0	0	0	0	0	0	0	0	0	0	0	0	0	0	
0	0	0	0	0	0	0	0	0	0	0	0	0	0	0	0	0	0	0	0	
0	0	0	0	0	0	0	0	0	0	0	0	0	0	0	0	0	0	0	0	
0	0	0	0	0	0	0	0	0	0	0	0	0	0	0	0	0	0	0	0	
0	0	0	0	0	0	0	0	0	0	0	0	0	0	0	0	0	0	0	0	
0	0	0	0	0	0	0	0	0	0	0	0	0	0	0	0	0	0	0	0	
0	0	0	0	0	0	0	0	0	0	0	0	0	0	0	0	0	0	0	0	
0	0	0	0	0	0	0	0	0	0	0	0	0	0	0	0	0	0	0	0	
0	0	0	0	0	0	0	0	0	0	0	0	0	0	0	0	0	0	0	0	
0	0	0	0	0	0	0	0	0	0	0	0	0	0	0	0	0	0	0	0	
0	0	0	0	0	0	0	0	0	0	0	0	0	0	0	0	0	0	0	0	
0	0	0	0	0	0	0	0	0	0	0	0	0	0	0	0	0	0	0	0	
0	0	0	0	0	0	0	0	0	0	0	0	0	0	0	0	0	0	0	0	
0	0	0	0	0	0	0	0	0	0	0	0	0	0	0	0	0	0	0	0	
0	0	0	0	0	0	0	0	0	0	0	0	0	0	0	0	0	0	0	0	
0	0	0	0	0	0	0	0	0	0	0	0	0	0	0	0	0	0	0	0	
0	0	0	0	0	0	0	0	0	0	0	0	0	0	0	0	0	0	0	0	
0	0	0	0	0	0	0	0	0	0	0	0	0	0	0	0	0	0	0	0	
0	0	0	0	0	0	0	0	0	0	0	0	0	0	0	0	0	0	0	0	
0	1.47787e-302	1.53968e-302	1.94314e-302	1.98935e-302	2.12994e-302	2.24103e-302	1.80327e-302	1.87641e-302	8.37778e-303	8.47462e-303	0	0	0	0	0	0	0	0	0	
0	0	0	0	0	0	0	0	0	0	0	0	0	0	0	0	0	0	0	0	
0	0	0	0	0	0	0	0	0	1.42725e-302	1.45052e-302	1.48496e-302	1.5588e-302	1.62089e-302	1.71393e-302	1.7676e-302	1.70672e-302	1.80364e-302	1.88223e-302	1.93734e-302	
1.99899e-302	8.76811e-303	8.90167e-303	9.13133e-303	7.54772e-303	3.85933e+12	2.78748e+12	0	0	0	0	0	0	0	0	0	0	0	0	0	
0	0	0	0	0	0	0	0	0	0	0	0	0	0	0	0	0	0	0	1.41897e-302	
1.46955e-302	1.51582e-302	1.57035e-302	1.63352e-302	1.29522e-302	1.37351e-302	1.43974e-302	1.49772e-302	1.56394e-302	1.92146e-302	1.96645e-302	2.0388e-302	1.48443e-302	1.51847e-302	6.41294e-303	5.34687e-303	5.53533e-303	2.50964e-303	1.13868e+13	7.88153e+12	
8.06736e+12	4.94622e+12	3.72854e+12	3.89359e+12	0	0	0	0	0	0	0	0	0	0	0	0	0	0	0	0	
0	0	0	0	0	0	0	0	0	4.83533e-302	1.72069e-302	1.54014e-302	1.58995e-302	1.24483e-302	1.30503e-302	1.37957e-302	1.43427e-302	1.48629e-302	1.52769e-302	1.59452e-302	
1.63919e-302	1.6782e-302	8.47451e-303	8.77825e-303	7.22283e-303	3.44229e-303	1.83293e-302	1.50448e-302	1.57614e-302	1.1604e-302	1.19707e-302	1.23461e-302	2.10752e+12	1.29207e+12	1.35505e+12	1.39265e+12	1.09849e+12	1.16037e+12	1.17839e+12	5.4267e+11	
5.55206e+11	0	0	0	0	0	0	0	0	0	0	0	0	0	0	0	0	0	0	0	
0	4.10901e-302	4.22236e-302	4.39407e-302	3.9921e-302	4.10213e-302	8.53416e-303	8.80836e-303	9.05644e-303	9.38466e-303	1.09032e-302	7.58674e-303	7.82657e-303	4.62714e-302	3.52463e-302	2.92699e-302	2.16383e-302	2.26683e-302	1.14241e-302	1.17918e-302	
4.02242e-303	4.18202e-303	4.33147e-303	4.46646e-303	4.53095e-303	2.28106e+12	1.43245e+12	1.47718e+12	1.17863e+12	1.20142e+12	5.57684e+11	1.91634e+11	1.88714e+11	1.30509e+10	4.50291e+09	5.86698e+09	3.63196e+07	6.0458e+06	0	0	
0	0	0	0	0	0	0	0	0	0	0	0	0	0	2.51502e-302	3.16975e-302	3.25645e-302	2.89446e-302	3.0125e-302	2.09583e-302	
6.54719e-302	1.28866e-301	6.95517e-302	2.29178e-302	2.36314e-302	2.45973e-302	2.5458e-302	2.67732e-302	2.38467e-302	8.45411e-303	6.78493e-303	4.2686e-303	4.4018e-303	4.50501e-303	4.61094e-303	4.62171e-303	4.76898e-303	4.88224e-303	5.11932e-303	5.21251e+11	
1.38054e+11	6.46215e+10	2.44418e+09	5.25597e+09	5.44523e+09	1.56431e+09	4.79221e+08	7.35411e+06	3.07762e-309	7.54208e-310	1.57136e-310	1.33075e-311	4.54164e-313	4.03148e-313	9.75507e-315	0	0	0	0	0	
0	0	0	0	0	0	0	0	4.48008e-302	8.43756e-302	6.33305e-302	6.65782e-302	6.66577e-302	6.8206e-302	7.09207e-302	7.34341e-302	7.69696e-302	2.73091e-302	2.7971e-302	2.10155e-302	
7.42037e-303	9.18065e-303	7.42293e-303	4.52363e-303	1.53133e-303	1.57348e-303	1.57168e-303	5.39329e-304	5.62845e-304	5.92391e-304	1.52833e-304	2.40006e-305	3.25879e+09	3.40056e+09	3.30953e+09	3.38273e+09	1.5273e+09	2.06014e-307	1.16763e-308	1.62837e-309	
5.6837e-310	2.48114e-311	5.28596e-312	2.02898e-312	5.11462e-313	3.74927e-315	6.65016e-317	0	0	0	0	0	0	0	0	0	0	0	0	0	
0	6.47327e-302	5.90427e-302	6.90246e-302	7.06612e-302	7.43529e-302	2.58628e-302	8.83513e-303	9.39769e-303	9.8437e-303	1.04699e-302	7.77406e-303	7.89256e-303	6.39652e-303	7.76735e-303	2.63866e-303	1.60152e-303	4.33883e-304	1.3813e-304	8.6458e-305	
3.00715e-305	3.12816e-305	3.25206e-305	1.15749e-305	7.0852e-306	0	2.03545e-306	6.83771e-307	1.1762e-308	5.47547e-309	1.60363e-309	4.76654e-310	3.57576e-311	4.37871e-312	1.65524e-312	0	0	0	0	0	
0	0	0	0	0	0	0	0	0	0	0	0	0	0	0	7.53422e-303	7.71392e-303	8.04919e-303	9.2879e-303	9.97076e-303	
1.04439e-302	1.09382e-302	1.12978e-302	2.71015e-303	2.19695e-303	1.76983e-303	1.00651e-303	4.08625e-304	8.25221e-305	8.54315e-305	8.9854e-305	9.23485e-305	9.75106e-305	0	0	0	0	0	0	9.89905e-309	
2.23225e-309	1.84201e-309	0	0	0	0	0	0	0	0	0	0	0	0	0	0	0	0	0	0	
0	0	0	0	0	0	0	0	8.57587e-303	9.08482e-303	9.37942e-303	2.61245e-303	2.97958e-303	5.06505e-303	1.72892e-303	4.16467e-304	3.35411e-304	1.14862e-304	1.17077e-304	1.21229e-304	
8.8471e-305	9.19519e-305	0	0	0	0	0	0	0	0	0	0	0	0	0	0	0	0	0	0	
0	0	0	0	0	0	0	0	0	0	0	0	0	0	0	0	0	0	0	0	
0	0	1.47375e-303	5.06721e-304	5.16516e-304	5.28829e-304	1.42581e-304	1.45898e-304	0	0	0	0	0	0	0	0	0	0	0	0	
0	0	0	0	0	0	0	0	0	0	0	0	0	0	0	0	0	0	0	0	
0	0	0	0	0	0	0	0	0	0	0	0	0	0	0	0	0	0	0	0	
0	0	0	0	0	0	0	0	0	0	0	0	0	0	0	0	0	0	0	0	
0	0	0	0	0	0	0	0	0	0	0	0	0	0	0	0	0	0	0	0	
0	0	0	0	0	0	0	0	0	0	0	0	0	0	0	0	0	0	0	0	
0	0	0	0	0	0	0	0	0	0	0	0	0	0	0	0	0	0	0	0	
0	0	0	0	0	0	0	0	0	0	0	0	0	0	0	0	0	0	0	0	
0	0	0	0	0	0	0	0	0	0	0	0	0	0	0	0	0	0	0	0	
0	0	0	0	0	0	0	0	0	0	0	0	0	0	0	0	0	0	0	0	
0	0	0	0	0	0	0	0	0	0	0	0	0	0	0	0	0	0	0	0	
0	0	0	0	0	0	0	0	0	0	0	0	0	0	0	0	0	0	0	0	
0	0	0	0	0	0	0	0	0	0	0	0	0	0	0	0	0	0	0	0	
0	0	0	0	0	0	0	0	0	0	0	0	0	0	0	0	0	0	0	0	
0	0	0	0	0	0	0	0	0	0	0	0	0	0	0	0	0	0	0	0	
0	0	0	0	0	0	0	0	0	0	0	0	0	0	0	0	0	0	0	0	
0	0	0	0	0	0	0	0	0	0	0	0	0	0	0	0	0	0	0	0	
0	0	0	0	0	0	0	0	0	0	0	0	0	0	0	0	0	0	0	0	
0	0	0	0	0	0	0	0	0	0	0	0	0	0	0	0	0	0	0	0	
0	0	0	0	0	0	0	0	0	0	0	0	0	0	0	0	0	0	0	0	
0	0	0	0	0	0	0	0	0	0	0	0	0	0	0	0	0	0	0	0	
0	0	0	0	0	0	0	0	0	0	0	0	0	0	0	2.09229e-302	2.16801e-302	2.31878e-302	1.03918e-302	1.13438e-302	
5.75611e+12	4.67835e+12	4.7866e+12	0	0	0	0	0	0	0	0	0	0	0	0	0	0	0	0	0	
0	0	0	0	0	0	0	0	0	0	0	0	0	0	0	0	0	0	0	0	
0	0	1.51923e-302	1.61196e-302	1.65851e-302	2.90873e-302	3.08444e-302	3.26862e-302	2.61605e-302	1.93595e-302	8.45893e-303	8.59148e-303	8.90281e-303	7.29128e-303	3.66814e+12	3.85557e+12	4.00541e+12	2.47776e+12	2.51746e+12	1.72987e+12	
0	0	0	0	0	0	0	0	0	0	0	0	0	0	0	0	0	0	0	0	
0	0	0	0	0	0	0	0	0	0	2.01176e-302	2.07097e-302	2.15365e-302	2.24838e-302	1.69981e-302	1.76086e-302	1.41716e-302	1.4862e-302	1.87471e-302	1.90421e-302	
1.97567e-302	1.4559e-302	8.90189e-303	9.04065e-303	7.44744e-303	7.74099e-303	8.26339e-303	2.83147e+12	2.85333e+12	1.23148e+12	7.94917e+11	8.16108e+11	7.72856e+12	8.09706e+12	6.41667e+12	6.7726e+12	2.32926e+12	0	0	0	
0	0	0	0	0	0	0	0	0	0	0	0	0	0	0	0	0	0	0	4.84306e-302	
4.35069e-302	4.53008e-302	1.55741e-302	1.62075e-302	1.6723e-302	1.36238e-302	1.41745e-302	1.47931e-302	1.53923e-302	1.5944e-302	1.6395e-302	2.03023e-302	2.08626e-302	1.51274e-302	1.56656e-302	6.76723e-303	5.5123e-303	4.02485e-303	2.56893e-303	7.94757e-303	
2.45056e-302	1.24619e+13	8.60184e+12	8.98777e+12	3.11354e+12	1.75911e+12	1.8584e+12	1.90214e+12	1.17271e+12	5.44471e+11	3.17632e+11	3.27503e+11	3.41571e+11	0	0	0	0	0	0	0	
0	0	0	0	0	0	0	0	0	0	5.12137e-302	5.26264e-302	5.43112e-302	3.70535e-302	3.89883e-302	4.07055e-302	4.28511e-302	4.42202e-302	4.58307e-302	1.59452e-302	
1.63919e-302	1.67069e-302	1.72598e-302	1.22453e-302	1.52621e-302	1.1236e-302	5.03665e-303	2.2336e-302	2.6269e-302	2.68853e-302	2.76192e-302	1.23461e-302	4.21227e-303	4.33736e-303	2.21819e+12	1.37401e+12	1.4145e+12	1.15138e+12	1.17839e+12	5.40399e+11	
5.52999e+11	5.38356e+11	3.40232e+11	1.18288e+11	5.36317e+10	2.02942e+08	4.77179e+07	1.95563e+06	782649	217123	0	0	0	0	0	0	0	0	0	0	
0	0	0	3.95598e-302	4.53067e-302	4.08561e-302	4.24935e-302	4.40418e-302	4.49186e-302	4.69233e-302	4.89912e-302	3.39491e-302	3.50174e-302	3.65507e-302	1.75358e-301	3.41879e-302	2.5274e-302	3.15115e-302	2.40029e-302	1.95672e-302	
1.20673e-302	4.16605e-303	4.29658e-303	4.43176e-303	4.4959e-303	4.63918e-303	4.80854e-303	2.98755e-303	1.52123e+12	1.19459e+12	5.50901e+11	1.91634e+11	1.87937e+11	1.86641e+11	1.35087e+10	2.08703e+09	5.80479e+07	2.24177e+07	4.45183e+06	1.78154e+06	
7.39414e-310	8.34815e-312	1.45043e-312	3.46919e-314	3.39481e-315	6.00451e-317	6.45645e-319	0	0	0	0	0	0	0	0	0	0	4.49716e-302	2.70699e-302	2.09583e-302	
2.15328e-302	2.2762e-302	9.70615e-302	1.00481e-301	7.00617e-302	7.31598e-302	7.6087e-302	8.00066e-302	5.94122e-302	2.10663e-302	2.02764e-302	2.12476e-302	4.38429e-303	4.48669e-303	4.59195e-303	4.6034e-303	4.74903e-303	4.88224e-303	5.07671e-303	1.75995e-303	
8.42176e-304	1.92764e+11	2.17484e+10	7.00337e+09	2.00718e+10	1.66491e+10	4.93099e+09	1.0941e+08	3.71368e+06	6.76229e-309	1.88333e-310	1.32412e-311	2.41486e-312	4.59365e-313	2.67937e-314	1.05111e-315	1.93694e-317	0	0	0	
0	0	0	0	0	0	0	0	0	0	1.24137e-301	5.95065e-302	6.00307e-302	6.8206e-302	7.06559e-302	7.22917e-302	7.60417e-302	8.05992e-302	2.80512e-302	2.90588e-302	
2.21751e-302	2.29533e-302	2.2086e-302	2.27052e-302	1.36754e-302	1.41065e-302	1.40828e-302	1.44791e-302	4.99662e-303	1.74576e-303	6.11991e-304	1.16632e-304	5.54551e-305	1.14428e-305	1.19334e-305	3.36353e+09	1.51274e+09	6.39999e-307	1.35633e-308	4.84545e-309	
5.694e-310	8.31563e-311	5.26613e-312	2.02116e-312	1.04366e-312	6.54976e-314	1.8982e-316	4.51952e-318	0	0	0	0	0	0	0	0	0	0	0	0	
0	0	0	0	6.36269e-302	6.61199e-302	2.31988e-302	2.62753e-302	2.78626e-302	2.90627e-302	3.10321e-302	3.26426e-302	2.36777e-302	2.38587e-302	1.93067e-302	2.36136e-302	2.65401e-303	1.62013e-303	1.67546e-303	4.2895e-304	
1.48031e-304	9.27159e-305	9.64261e-305	3.44596e-305	3.60763e-305	0	0	0	1.50822e-307	5.45499e-309	1.59452e-309	1.40479e-309	1.06664e-310	4.36216e-312	1.65524e-312	5.66689e-313	0	0	0	0	
0	0	0	0	0	0	0	0	0	0	0	0	0	0	0	0	0	2.40573e-302	2.5191e-302	8.92948e-303	
9.28227e-303	1.07862e-302	1.1155e-302	8.13046e-303	2.74158e-303	2.20857e-303	1.00651e-303	5.70013e-304	4.18068e-304	8.50916e-305	8.81077e-305	9.12477e-305	9.67454e-305	1.0098e-304	0	0	0	0	0	0	
0	0	2.58715e-309	5.7446e-311	0	0	0	0	0	0	0	0	0	0	0	0	0	0	0	0	
0	0	0	0	0	0	0	0	0	0	9.29897e-303	9.78023e-303	3.36157e-303	2.73523e-303	1.54373e-303	3.75081e-304	4.24491e-304	1.14862e-304	1.17077e-304	1.21229e-304	
1.21976e-304	9.19519e-305	0	0	0	0	0	0	0	0	0	0	0	0	0	0	0	0	0	0	
0	0	0	0	0	0	0	0	0	0	0	0	0	0	0	0	0	0	0	0	
0	0	0	0	8.60861e-304	5.24486e-304	1.80364e-304	1.31377e-304	1.07472e-304	1.08764e-304	1.24564e-304	0	0	0	0	0	0	0	0	0	
0	0	0	0	0	0	0	0	0	0	0	0	0	0	0	0	0	0	0	0	
0	0	0	0	0	0	0	0	0	0	0	0	0	0	0	0	0	3.08679e-304	3.18473e-304	0	
0	0	0	0	0	0	0	0	0	0	0	0	0	0	0	0	0	0	0	0	
0	0	0	0	0	0	0	0	0	0	0	0	0	0	0	0	0	0	0	0	
0	0	0	0	0	0	0	0	0	0	0	0	0	0	0	0	0	0	0	0	
0	0	0	0	0	0	0	0	0	0	0	0	0	0	0	0	0	0	0	0	
0	0	0	0	0	0	0	0	0	0	0	0	0	0	0	0	0	0	0	0	
0	0	0	0	0	0	0	0	0	0	0	0	0	0	0	0	0	0	0	0	
0	0	0	0	0	0	0	0	0	0	0	0	0	0	0	0	0	0	0	0	
0	0	0	0	0	0	0	0	0	0	0	0	0	0	0	0	0	0	0	0	
0	0	0	0	0	0	0	0	0	0	0	0	0	0	0	0	0	0	0	0	
0	0	0	0	0	0	0	0	0	0	0	0	0	0	0	0	0	0	0	0	
0	0	0	0	0	0	0	0	0	0	0	0	0	0	0	0	0	0	0	0	
0	0	0	0	0	0	0	0	0	0	0	0	0	0	0	0	0	0	0	0	
0	0	0	0	0	0	0	0	0	0	0	0	0	0	0	0	0	0	0	0	
0	0	0	0	0	0	0	0	0	0	0	0	0	0	0	0	0	0	0	0	
0	0	0	0	0	0	0	0	0	0	0	0	0	0	0	0	0	0	0	0	
0	0	0	0	0	0	0	0	0	0	0	0	0	0	0	0	0	0	0	0	
0	0	0	0	0	0	0	0	0	5.18163e+12	4.21983e+12	4.28412e+12	3.45219e+12	2.14459e+12	2.22819e+12	0	0	0	0	0	
0	0	0	0	0	0	0	0	0	0	0	0	0	0	0	0	0	0	0	0	
0	0	0	0	0	0	0	0	0	0	0	0	0	0	0	0	2.16801e-302	2.30722e-302	1.69976e-302	1.0654e-302	
8.2421e-303	8.51271e-303	6.9453e-303	5.01259e+12	5.2102e+12	5.4361e+12	3.29912e+12	3.40266e+12	3.49157e+12	3.53331e+12	3.61744e+12	1.88829e+12	0	0	0	0	0	0	0	0	
0	0	0	0	0	0	0	0	0	0	0	0	0	0	0	0	0	0	0	0	
0	0	0	0	1.65025e-302	1.70226e-302	2.19435e-302	2.32582e-302	2.56012e-302	2.68443e-302	1.95847e-302	1.19785e-302	1.22565e-302	1.01115e-302	1.04272e-302	1.0919e-302	5.56384e+12	5.75903e+12	3.48234e+12	1.7316e+12	
1.6906e+12	1.30911e+12	1.35082e+12	6.74424e+11	7.11797e+11	2.27188e+12	6.95141e+12	1.85755e+12	6.22418e+11	0	0	0	0	0	0	0	0	0	0	0	
0	0	0	0	0	0	0	0	0	0	0	4.37942e-302	4.59197e-302	4.7434e-302	2.32919e-302	2.44272e-302	2.55851e-302	2.05467e-302	2.19672e-302	2.65531e-302	
2.75325e-302	2.84221e-302	2.07711e-302	9.03732e-303	9.43037e-303	7.67808e-303	8.16464e-303	5.72487e-303	5.79356e-303	5.64013e-303	2.1044e+12	8.03071e+11	8.52112e+11	2.67698e+12	6.42975e+12	6.66221e+12	2.31921e+12	2.38489e+12	1.0981e+12	6.67758e+11	
5.30942e+11	5.43398e+11	8.39829e+10	3.87607e+10	5.02212e+08	4.12531e+07	0	0	0	0	0	0	0	0	0	0	0	0	0	4.80084e-302	
6.99289e-302	6.30899e-302	6.43172e-302	6.78056e-302	7.02365e-302	5.6763e-302	4.20136e-302	4.38627e-302	4.56082e-302	4.76359e-302	4.89895e-302	1.69173e-302	2.08626e-302	2.11802e-302	1.54193e-302	1.6397e-302	5.4704e-303	5.74918e-303	4.08788e-303	2.63926e-303	
8.07254e-303	2.49816e-302	2.61292e-302	8.0547e+12	8.27887e+12	2.88624e+12	2.57316e+12	1.89493e+12	1.93974e+12	8.99881e+11	8.66664e+11	5.4148e+11	5.66776e+11	8.76131e+10	1.94677e+10	2.04163e+09	2.34779e+07	2.92757e+06	458618	113143	
7116.89	909.306	92.7349	0	0	0	0	0	0	0	0	0	4.89025e-302	5.57956e-302	3.83663e-302	4.0367e-302	4.24842e-302	4.3686e-302	4.52827e-302	4.70947e-302	
4.87682e-302	4.99272e-302	5.1132e-302	5.36009e-302	3.78725e-302	3.35807e-302	2.42327e-302	1.55844e-302	2.34749e-302	2.39444e-302	2.4915e-302	2.57086e-302	2.92765e-302	7.22894e-303	7.48757e-303	7.73166e-303	4.74956e-303	1.86195e+12	1.95283e+12	1.97528e+12	
9.21665e+11	5.34013e+11	5.40633e+11	3.53534e+11	5.33954e+10	6.08825e+08	4.77179e+07	5.76893e+06	1.67798e+06	389276	31042.9	6721.3	1.11467e-312	3.24708e-314	4.50016e-316	4.51952e-318	0	0	0	0	
0	0	0	0	0	0	4.37338e-302	3.98172e-302	4.45647e-302	4.61792e-302	4.85835e-302	4.9755e-302	3.50174e-302	3.62567e-302	3.80031e-302	1.69733e-302	1.5942e-301	1.31363e-301	1.66188e-301	1.35454e-301	
1.00948e-301	2.06605e-302	2.1394e-302	2.21588e-302	4.47537e-303	4.62166e-303	4.75097e-303	4.9598e-303	5.11532e-303	2.41145e-303	5.45601e+11	5.71637e+11	1.86083e+11	1.84882e+11	2.12965e+10	6.21364e+09	1.04026e+08	2.73503e+07	2.30213e+07	2.21445e+06	
293144	1.79829e-310	2.40364e-312	1.58542e-313	1.55607e-314	6.97298e-317	1.29129e-318	0	0	0	0	0	0	0	0	0	0	0	0	4.14204e-302	
2.88205e-302	3.0571e-302	3.51597e-302	1.66e-301	1.62955e-301	1.68835e-301	1.75604e-301	7.9041e-302	8.28611e-302	6.2926e-302	2.1478e-302	2.09897e-302	2.19054e-302	1.34069e-302	1.37758e-302	1.38102e-302	1.4192e-302	1.45292e-302	1.49902e-302	1.5646e-302	
5.48895e-303	3.92148e-304	3.99701e-304	1.52073e-305	7.14302e+09	2.04589e+10	9.55578e+09	1.07297e+08	5.49591e+07	1.57419e-308	9.06819e-310	7.92386e-311	1.91646e-311	6.8686e-312	8.00724e-314	8.02086e-315	7.03755e-317	6.45645e-319	0	0	
0	0	0	0	0	0	0	0	0	0	0	0	8.66424e-302	6.16635e-302	6.33551e-302	6.53574e-302	7.57274e-302	7.99718e-302	2.78183e-302	2.89302e-302	
3.09046e-302	2.27752e-302	1.82648e-302	1.89254e-302	2.28801e-302	1.40475e-302	1.42143e-302	1.43578e-302	4.97756e-303	5.17356e-303	5.4213e-303	2.08745e-304	7.43137e-305	2.08795e-304	1.0679e-304	1.04507e-304	1.03097e-304	2.3077e+09	6.44085e-308	1.73234e-308	
1.6985e-309	7.95319e-310	1.24625e-311	5.34673e-312	2.03668e-312	1.08748e-313	3.3522e-315	7.10211e-318	0	0	0	0	0	0	0	0	0	0	0	0	
0	0	0	0	0	0	6.93356e-302	2.39317e-302	2.49712e-302	2.62749e-302	2.77146e-302	3.2238e-302	2.36777e-302	2.37666e-302	1.93067e-302	1.96034e-302	6.68967e-303	8.02433e-303	4.93944e-303	5.68132e-304	
5.49735e-304	4.61754e-304	4.78157e-304	2.25492e-304	1.0739e-304	3.65269e-305	0	0	0	0	0	4.21436e-309	3.19991e-310	2.58917e-311	1.30616e-311	8.56221e-313	0	0	0	0	
0	0	0	0	0	0	0	0	0	0	0	0	0	0	0	0	0	0	0	4.44796e-302	
2.7515e-302	2.89218e-302	2.97049e-302	3.0544e-302	2.20946e-302	8.27146e-303	6.75396e-303	2.30468e-303	5.78759e-304	1.97055e-304	8.81077e-305	9.08911e-305	9.60058e-305	9.97775e-305	0	0	0	0	0	0	
0	0	0	0	4.20175e-311	0	0	0	0	0	0	0	0	0	0	0	0	0	0	0	
0	0	0	0	0	0	0	0	0	0	0	0	0	5.68883e-303	5.7534e-303	4.33988e-303	1.06604e-303	3.10201e-304	1.05846e-304	1.19798e-304	
1.21494e-304	1.28262e-304	1.31829e-304	0	0	0	0	0	0	0	0	0	0	0	0	0	0	0	0	0	
0	0	0	0	0	0	0	0	0	0	0	0	0	0	0	0	0	0	0	0	
0	0	0	0	0	0	2.98119e-304	2.17167e-304	2.24911e-304	1.81273e-304	1.86972e-304	0	0	0	0	0	0	0	0	0	
0	0	0	0	0	0	0	0	0	0	0	0	0	0	0	0	0	0	0	0	
0	0	0	0	0	0	0	0	0	0	0	0	0	0	0	0	0	0	0	0	
0	0	0	0	0	0	0	0	0	0	0	0	0	0	0	0	0	0	0	0	
0	0	0	0	0	0	0	0	0	0	0	0	0	0	0	0	0	0	0	0	
0	0	0	0	0	0	0	0	0	0	0	0	0	0	0	0	0	0	0	0	
0	0	0	0	0	0	0	0	0	0	0	0	0	0	0	0	0	0	0	0	
0	0	0	0	0	0	0	0	0	0	0	0	0	0	0	0	0	0	0	0	
0	0	0	0	0	0	0	0	0	0	0	0	0	0	0	0	0	0	0	0	
0	0	0	0	0	0	0	0	0	0	0	0	0	0	0	0	0	0	0	0	
0	0	0	0	0	0	0	0	0	0	0	0	0	0	0	0	0	0	0	0	
0	0	0	0	0	0	0	0	0	0	0	0	0	0	0	0	0	0	0	0	
0	0	0	0	0	0	0	0	0	0	0	0	0	0	0	0	0	0	0	0	
0	0	0	0	0	0	0	0	0	0	0	0	0	0	0	0	0	0	0	0	
0	0	0	0	0	0	0	0	0	0	0	0	0	0	0	0	0	0	0	0	
0	0	0	0	0	0	0	0	0	0	0	0	0	0	0	0	0	0	0	0	
0	0	0	0	0	0	0	0	0	0	0	0	0	0	0	0	0	0	0	0	
0	0	0	3.59448e+12	2.84675e+12	2.90597e+12	2.95079e+12	0	0	0	0	0	0	0	0	0	0	0	0	0	
0	0	0	0	0	0	0	0	0	0	0	0	0	0	0	0	0	0	0	0	
0	0	0	0	0	0	0	0	0	0	1.08082e-302	8.71503e-303	3.4201e+12	3.57432e+12	2.2198e+12	2.28e+12	2.33357e+12	2.37959e+12	2.44086e+12	2.58388e+12	
2.00609e+12	2.83021e+12	3.01148e+12	2.03433e+12	0	0	0	0	0	0	0	0	0	0	0	0	0	0	0	0	
0	0	0	0	0	0	0	0	0	0	0	0	0	0	0	0	0	0	2.37942e-302	1.75989e-302	
8.27383e-303	8.47714e-303	6.85235e-303	7.23191e-303	7.43141e-303	3.80847e+12	3.92752e+12	3.38991e+12	3.49525e+12	3.51869e+12	3.61744e+12	3.80737e+12	1.94109e+12	2.01781e+12	1.59857e+12	1.66098e+12	2.84357e+11	2.84829e+11	2.93044e+11	2.97469e+11	
3.1266e+11	0	0	0	0	0	0	0	0	0	0	0	0	0	0	0	0	0	0	0	
0	0	0	0	0	5.08684e-302	1.81241e-302	1.91428e-302	2.38883e-302	1.90216e-302	1.94848e-302	1.41856e-302	1.23037e-302	1.27433e-302	1.03838e-302	1.08315e-302	1.12971e-302	1.16935e-302	1.17846e-302	5.81483e+12	
2.35775e+12	2.49039e+12	1.87599e+12	1.50829e+12	9.81226e+11	1.0522e+12	3.21918e+12	1.4761e+12	8.87157e+11	6.4508e+11	6.60625e+11	2.31702e+11	1.06172e+11	2.6457e+09	1.03083e+08	5.17333e+07	1.73558e+07	8.37433e+06	0	0	
0	0	0	0	0	0	0	0	0	0	0	0	0	4.68278e-302	4.92712e-302	5.21241e-302	5.39756e-302	4.36088e-302	6.42345e-302	6.66728e-302	
6.82713e-302	8.45243e-302	6.20792e-302	2.10871e-302	2.19945e-302	1.07493e-302	1.13449e-302	1.16943e-302	8.07952e-303	7.89618e-303	6.01622e-303	6.07808e-303	8.33783e+11	8.73476e+11	2.75678e+12	6.58329e+12	6.92314e+12	2.36565e+12	1.09397e+12	1.05702e+12	
6.63159e+11	6.78943e+11	2.35926e+11	7.7503e+10	2.03492e+09	2.06266e+08	4.12531e+07	1.95397e+07	1.08967e+06	100369	4408.29	818.28	15.8978	0.0533582	5.51058e-06	0	0	0	0	0	
0	4.61808e-302	4.75015e-302	6.58414e-302	6.95793e-302	7.41554e-302	5.83259e-302	6.11701e-302	6.36093e-302	6.63844e-302	6.82785e-302	7.04765e-302	7.24258e-302	7.44546e-302	6.4503e-302	4.87887e-302	3.47511e-302	1.71107e-302	1.66001e-302	1.26013e-302	
2.68036e-303	8.29441e-303	2.56181e-302	2.68405e-302	2.81765e-302	5.83509e-303	2.27164e+12	2.35357e+12	2.41815e+12	8.05703e+11	8.55942e+11	8.63651e+11	5.6466e+11	2.62839e+11	3.99136e+10	2.03262e+09	8.39119e+07	2.43964e+07	758465	188572	
11861.5	1503.86	96.8221	2.49133	0.0299861	0	0	0	0	0	0	0	0	0	5.55317e-302	5.04785e-302	5.35636e-302	6.088e-302	4.50925e-302	4.69077e-302	
4.85789e-302	4.99272e-302	5.05023e-302	5.29363e-302	3.77049e-302	3.93528e-302	2.88628e-302	2.47042e-302	1.29419e-302	2.38483e-302	7.40818e-302	7.65275e-302	7.9504e-302	2.70808e-302	2.80545e-302	3.22283e-302	2.37478e-302	4.93574e-303	3.95375e-303	1.96768e+12	
9.12597e+11	8.74975e+11	8.95938e+11	9.35654e+11	8.86175e+10	6.67265e+09	2.37659e+08	3.89586e+07	2.78272e+06	643148	92744.5	4032.78	448.346	1.91955e-313	5.2491e-316	7.10211e-318	0	0	0	0	
0	0	0	0	0	0	0	0	4.01242e-302	4.13977e-302	4.32391e-302	4.93461e-302	5.07239e-302	3.5965e-302	3.76914e-302	2.7221e-302	1.75644e-302	1.64396e-301	1.24025e-301	1.28923e-301	
1.26554e-301	1.44672e-301	2.12303e-302	2.18964e-302	2.25859e-302	2.2728e-302	2.34694e-302	2.45954e-302	2.52804e-302	2.62996e-302	1.23836e-302	5.78879e-303	2.96887e+12	5.52572e+11	6.32894e+10	9.74035e+09	2.07178e+08	1.62533e+07	8.25625e+06	7.73711e+06	
365815	1.78265e-310	4.14537e-311	1.58542e-313	2.57871e-314	2.52448e-316	3.87388e-318	0	0	0	0	0	0	0	0	0	0	0	0	0	
0	2.98417e-302	3.15393e-302	3.23989e-302	1.31746e-301	1.36446e-301	1.56494e-301	1.83148e-301	1.90325e-301	1.04877e-301	3.55015e-302	2.90476e-302	3.03257e-302	3.7214e-302	2.27836e-302	2.3144e-302	1.40797e-302	1.43551e-302	1.48723e-302	1.54563e-302	
1.63354e-302	1.94508e-303	1.99035e-303	1.36866e-304	4.45557e-305	4.51204e-305	1.71332e+10	1.43454e+09	1.63219e+08	1.87078e+07	5.2369e-309	1.30073e-310	3.17594e-311	6.8686e-312	3.9909e-313	2.39431e-314	7.03755e-317	3.22823e-318	0	0	
0	0	0	0	0	0	0	0	0	0	0	0	0	0	0	1.08502e-301	1.14106e-301	1.19077e-301	1.24736e-301	2.57561e-302	
3.06397e-302	2.25855e-302	2.32149e-302	1.89254e-302	1.91501e-302	1.95939e-302	2.36905e-302	1.43012e-302	1.46451e-302	5.15216e-303	5.37938e-303	5.63611e-303	9.61311e-305	7.51664e-305	2.18694e-304	1.03507e-304	1.04405e-304	4.78467e-305	0	8.28917e-308	
1.52191e-308	2.38596e-309	1.81712e-310	4.76696e-311	1.82261e-311	3.59233e-312	5.02784e-314	6.45646e-317	0	0	0	0	0	0	0	0	0	0	0	0	
0	0	0	0	0	0	0	0	4.14545e-302	4.32592e-302	4.58382e-302	4.83913e-302	2.97154e-302	2.14869e-302	1.90641e-302	1.95292e-302	1.99903e-302	6.71526e-303	6.83515e-303	5.09325e-303	
1.96779e-304	3.38408e-304	4.7173e-304	2.2238e-304	1.78284e-304	1.81189e-304	0	0	0	0	0	0	0	2.33026e-310	1.76414e-311	2.5589e-312	2.02903e-313	0	0	0	
0	0	0	0	0	0	0	0	0	0	0	0	0	0	0	0	0	0	0	0	
0	0	4.95081e-302	5.07163e-302	5.15247e-302	1.24634e-302	1.00027e-302	1.03182e-302	1.16422e-303	5.87804e-304	6.05026e-304	3.76027e-304	2.84636e-304	2.96988e-304	1.36324e-304	0	0	0	0	0	
0	0	0	0	0	0	0	0	0	0	0	0	0	0	0	0	0	0	0	0	
0	0	0	0	0	0	0	0	0	0	0	0	0	0	0	1.74685e-302	5.73495e-303	3.27193e-303	8.78593e-304	5.39412e-304	
1.83067e-304	1.92511e-304	1.98581e-304	0	0	0	0	0	0	0	0	0	0	0	0	0	0	0	0	0	
0	0	0	0	0	0	0	0	0	0	0	0	0	0	0	0	0	0	0	0	
0	0	0	0	0	0	0	0	0	1.7979e-304	1.86248e-304	1.92873e-304	0	0	0	0	0	0	0	0	
0	0	0	0	0	0	0	0	0	0	0	0	0	0	0	0	0	0	0	0	
0	0	0	0	0	0	0	0	0	0	0	0	0	0	0	0	0	0	0	0	
0	0	0	0	0	0	0	0	0	0	0	0	0	0	0	0	0	0	0	0	
0	0	0	0	0	0	0	0	0	0	0	0	0	0	0	0	0	0	0	0	
0	0	0	0	0	0	0	0	0	0	0	0	0	0	0	0	0	0	0	0	
0	0	0	0	0	0	0	0	0	0	0	0	0	0	0	0	0	0	0	0	
0	0	0	0	0	0	0	0	0	0	0	0	0	0	0	0	0	0	0	0	
0	0	0	0	0	0	0	0	0	0	0	0	0	0	0	0	0	0	0	0	
0	0	0	0	0	0	0	0	0	0	0	0	0	0	0	0	0	0	0	0	
0	0	0	0	0	0	0	0	0	0	0	0	0	0	0	0	0	0	0	0	
0	0	0	0	0	0	0	0	0	0	0	0	0	0	0	0	0	0	0	0	
0	0	0	0	0	0	0	0	0	0	0	0	0	0	0	0	0	0	0	0	
0	0	0	0	0	0	0	0	0	0	0	0	0	0	0	0	0	0	0	0	
0	0	0	0	0	0	0	0	0	0	0	0	0	0	0	0	0	2.32458e+12	2.39769e+12	2.46347e+12	
0	0	0	0	0	0	0	0	0	0	0	0	0	0	0	0	0	0	0	0	
0	0	0	0	0	0	0	0	0	0	0	0	0	0	0	0	0	0	0	0	
0	0	0	0	2.84675e+12	2.89331e+12	2.96352e+12	3.02905e+12	3.14011e+12	2.50387e+12	2.55324e+12	2.63477e+12	1.69905e+12	1.78596e+12	1.65061e+12	7.53255e+11	1.41197e+11	0	0	0	
0	0	0	0	0	0	0	0	0	0	0	0	0	0	0	0	0	0	0	0	
0	0	0	0	0	0	0	0	0	0	0	0	8.78827e-303	9.17857e-303	4.68692e+12	4.88571e+12	3.0003e+12	3.05948e+12	3.12527e+12	3.26616e+12	
1.98726e+12	2.01102e+12	2.13411e+12	2.12019e+12	9.43059e+11	1.38767e+12	4.4773e+11	4.57174e+11	1.58387e+11	9.95289e+10	2.27576e+09	1.03331e+09	4.46309e+07	0	0	0	0	0	0	0	
0	0	0	0	0	0	0	0	0	0	0	0	0	0	0	0	0	0	0	3.16811e-302	
2.31523e-302	1.075e-302	1.11979e-302	7.17385e-303	7.40068e-303	7.77709e-303	7.86665e-303	3.95972e+12	2.48243e+12	2.49908e+12	3.58905e+12	3.7458e+12	1.94109e+12	2.00974e+12	1.5743e+12	1.64848e+12	1.07793e+12	2.94519e+11	2.91586e+11	9.82954e+10	
1.03429e+11	4.75807e+10	1.18246e+09	1.3874e+08	6.87624e+07	7.15012e+07	3.33504e+07	1.47762e+06	496661	40368.5	0	0	0	0	0	0	0	0	0	0	
0	0	0	0	0	0	5.30835e-302	5.62895e-302	5.96827e-302	4.69769e-302	5.82103e-302	4.25568e-302	4.35485e-302	2.69472e-302	2.20333e-302	7.64888e-303	1.12971e-302	1.16054e-302	1.17846e-302	1.18742e-302	
8.28773e-303	2.42704e+12	1.85045e+12	1.92453e+12	1.56736e+12	1.03969e+12	1.07306e+12	1.4761e+12	1.415e+12	8.91526e+11	9.2029e+11	3.19924e+11	1.47337e+11	1.11119e+10	7.21581e+08	7.2096e+07	3.39088e+07	1.63613e+07	1.0848e+06	88393.7	
6195.34	235.522	0.597393	4.95602e-05	4.37024e-06	0	0	0	0	0	0	0	0	0	4.90764e-302	5.0648e-302	5.37649e-302	5.69918e-302	4.55181e-302	4.71627e-302	
4.79291e-302	5.01049e-302	7.26891e-302	6.32612e-302	6.54505e-302	6.80579e-302	3.3893e-302	3.50829e-302	3.53733e-302	2.35981e-302	2.45249e-302	1.80891e-302	6.24513e-303	2.49715e-303	1.27655e+12	3.05476e+12	9.59894e+12	3.23698e+12	1.52397e+12	1.46775e+12	
1.48082e+12	6.73419e+11	7.02345e+11	1.07664e+11	2.549e+09	4.5253e+08	1.8607e+08	1.75576e+07	3.22897e+06	100369	11324.3	854.345	133.044	0.053138	6.0922e-05	1.47408e-06	0	0	0	0	
0	0	0	4.86215e-302	4.4387e-302	4.68959e-302	4.1104e-302	6.01062e-302	6.28528e-302	6.61133e-302	6.74287e-302	6.96046e-302	7.21333e-302	7.38455e-302	7.5875e-302	5.71688e-302	7.09978e-302	3.99254e-302	2.306e-302	1.75727e-302	
1.80543e-302	1.16122e-302	1.19551e-302	3.72806e-302	8.34287e-302	8.67568e-302	1.79962e-302	1.44183e-302	7.25446e+12	1.11339e+12	1.13946e+12	1.07614e+12	7.98421e+11	5.86616e+11	2.70918e+11	2.03262e+09	1.00728e+09	2.40868e+07	1.12355e+07	1.11956e+06	
35584.4	4014.79	290.466	3.71242	0.0435961	0	0	0	0	0	0	0	0	0	0	0	0	5.46059e-302	5.66119e-302	5.88994e-302	
6.12406e-302	6.93411e-302	7.07032e-302	7.32202e-302	7.67316e-302	5.44115e-302	4.02529e-302	2.05184e-302	2.18144e-302	1.33001e-302	2.45061e-302	7.55264e-302	7.88053e-302	8.13751e-302	2.74965e-302	2.87225e-302	2.96437e-302	3.10679e-302	1.77642e-302	1.19993e-302	
5.56969e-303	2.8024e+12	2.73817e+12	2.79102e+12	1.25929e+12	5.87657e+10	2.35394e+08	3.89586e+07	9.95635e+06	1.3229e+06	321266	12038.1	2274.73	6.78926e-313	1.82718e-315	3.61562e-317	0	0	0	0	
0	0	0	0	0	0	0	0	0	0	7.17803e-302	4.44342e-302	4.54681e-302	3.22711e-302	3.36769e-302	3.87091e-302	2.79531e-302	1.80445e-302	1.22011e-301	1.27781e-301	
1.04678e-301	1.09231e-301	4.43561e-302	2.75653e-302	2.84333e-302	2.2728e-302	2.32676e-302	2.4402e-302	2.52804e-302	2.59806e-302	2.05599e-302	5.76517e-303	5.96705e-303	1.91427e-303	6.43671e-304	4.83346e+10	1.09066e+10	2.42725e+08	4.0739e+07	4.10588e+07	
1.08701e+06	447387	2.54187e-310	2.05863e-312	2.73735e-314	4.97148e-316	7.10211e-318	0	0	0	0	0	0	0	0	0	0	0	0	0	
0	0	0	0	4.11319e-302	7.48975e-302	2.33672e-301	2.46839e-301	1.54613e-301	1.83404e-301	1.49733e-301	3.66241e-302	3.01995e-302	3.10302e-302	3.16296e-302	2.30487e-302	2.34661e-302	2.39252e-302	2.47872e-302	2.56622e-302	
2.71055e-302	9.39496e-303	3.30484e-303	1.13156e-303	2.20266e-304	4.49357e-305	2.09131e-305	1.75764e-306	6.63182e+08	6.97277e+07	2.20268e-308	2.1875e-309	9.47373e-311	3.60868e-311	1.75315e-311	1.18575e-313	6.54685e-316	1.16216e-317	0	0	
0	0	0	0	0	0	0	0	0	0	0	0	0	0	0	0	0	2.74838e-301	2.06291e-301	7.06841e-302	
7.63375e-302	7.94133e-302	5.8034e-302	4.69477e-302	5.29893e-302	3.26565e-302	3.30356e-302	3.32492e-302	1.45805e-302	1.54565e-302	5.31587e-303	5.58911e-303	2.8607e-304	7.51664e-305	7.87297e-305	1.37899e-304	2.16314e-304	4.78467e-305	3.67349e-307	0	
0	0	5.40991e-310	4.75675e-311	1.81571e-311	9.37578e-312	9.7827e-314	3.17658e-316	6.45646e-318	0	0	0	0	0	0	0	0	0	0	0	
0	0	0	0	0	0	0	0	0	0	0	7.99842e-302	4.95256e-302	3.58115e-302	3.65109e-302	2.94265e-302	2.99884e-302	3.03556e-302	1.1391e-302	1.17965e-302	
2.47048e-303	2.01428e-304	3.50446e-304	2.76299e-304	2.32e-304	1.83529e-304	1.87875e-304	0	0	0	0	0	0	0	0	7.67671e-312	2.7417e-312	1.80536e-314	0	0	
0	0	0	0	0	0	0	0	0	0	0	0	0	0	0	0	0	0	0	0	
0	0	0	0	5.12974e-302	3.72483e-302	9.88067e-303	1.02778e-302	1.0478e-302	3.98596e-304	1.13101e-303	9.35112e-304	5.9005e-304	6.86549e-304	3.74292e-304	0	0	0	0	0	
0	0	0	0	0	0	0	0	0	0	0	0	0	0	0	0	0	0	0	0	
0	0	0	0	0	0	0	0	0	0	0	0	0	0	0	0	0	0	8.6659e-304	8.92098e-304	
9.20365e-304	5.66502e-304	5.88807e-304	6.05475e-304	0	0	0	0	0	0	0	0	0	0	0	0	0	0	0	0	
0	0	0	0	0	0	0	0	0	0	0	0	0	0	0	0	0	0	0	0	
0	0	0	0	0	0	0	0	0	0	0	5.73992e-304	0	0	0	0	0	0	0	0	
0	0	0	0	0	0	0	0	0	0	0	0	0	0	0	0	0	0	0	0	
0	0	0	0	0	0	0	0	0	0	0	0	0	0	0	0	0	0	0	0	
0	0	0	0	0	0	0	0	0	0	0	0	0	0	0	0	0	0	0	0	
0	0	0	0	0	0	0	0	0	0	0	0	0	0	0	0	0	0	0	0	
0	0	0	0	0	0	0	0	0	0	0	0	0	0	0	0	0	0	0	0	
0	0	0	0	0	0	0	0	0	0	0	0	0	0	0	0	0	0	0	0	
0	0	0	0	0	0	0	0	0	0	0	0	0	0	0	0	0	0	0	0	
0	0	0	0	0	0	0	0	0	0	0	0	0	0	0	0	0	0	0	0	
0	0	0	0	0	0	0	0	0	0	0	0	0	0	0	0	0	0	0	0	
0	0	0	0	0	0	0	0	0	0	0	0	0	0	0	0	0	0	0	0	
0	0	0	0	0	0	0	0	0	0	0	0	0	0	0	0	0	0	0	0	
0	0	0	0	0	0	0	0	0	0	0	1.6785e+12	0	0	0	0	0	0	0	0	
0	0	0	0	0	0	0	0	0	0	0	0	0	0	0	0	0	0	0	0	
0	0	0	0	0	0	0	0	0	0	0	0	0	0	0	0	0	0	2.37946e+12	2.46347e+12	
2.56025e+12	1.64978e+12	1.69524e+12	1.66193e+12	7.5118e+11	2.57423e+11	8.4166e+10	3.97556e+10	9.50212e+09	0	0	0	0	0	0	0	0	0	0	0	
0	0	0	0	0	0	0	0	0	0	0	0	0	0	0	0	0	0	0	0	
0	0	0	0	0	0	2.95173e+12	2.99263e+12	3.09975e+12	2.48097e+12	2.53324e+12	2.62423e+12	2.66632e+12	1.77894e+12	1.82757e+12	7.65284e+11	2.62508e+11	1.86516e+11	1.43132e+11	7.39654e+09	
2.7996e+09	1.28662e+08	4.06565e+07	2.82088e+07	4.42016e+06	275142	0	0	0	0	0	0	0	0	0	0	0	0	0	0	
0	0	0	0	0	0	0	0	0	0	0	0	0	9.10059e-303	9.49868e-303	9.8708e-303	4.92841e+12	3.01752e+12	3.10752e+12	3.21158e+12	
3.34387e+12	2.57583e+12	2.70792e+12	2.67872e+12	2.82176e+12	1.25974e+12	4.09368e+11	4.17764e+11	2.0103e+11	1.59023e+11	4.59325e+10	1.02139e+09	1.4877e+07	2.21235e+07	2.27424e+07	1.07305e+07	6.00631e+06	484238	38768.9	2360.25	
197.944	0.0331377	0.000729616	0	0	0	0	0	0	0	0	0	0	0	0	0	0	0	0	0	
6.94568e-302	5.35266e-302	3.32854e-302	2.74203e-302	2.85455e-302	2.9771e-302	3.02266e-302	3.09275e-302	1.08059e-302	1.0831e-302	3.25109e+12	3.36749e+12	2.61104e+12	1.42994e+12	2.11338e+12	1.64176e+12	1.71281e+12	4.70554e+11	2.88122e+11	2.94886e+11	
1.01721e+11	4.6789e+10	5.31231e+09	2.31234e+08	6.87624e+07	7.06174e+07	3.31851e+07	3.08643e+06	494393	71430.3	8257.3	205.873	0.00155399	4.28292e-05	0	0	0	0	0	0	
0	0	0	0	0	0	0	0	7.63917e-302	7.85197e-302	6.12884e-302	6.41178e-302	5.59909e-302	5.72876e-302	3.60043e-302	2.25409e-302	2.39805e-302	2.48686e-302	2.52527e-302	2.54447e-302	
3.59822e-302	2.45761e-302	1.53443e-302	5.72885e+12	4.67537e+12	1.64488e+12	1.07458e+12	1.08756e+12	1.40917e+12	2.97175e+11	9.16234e+11	9.55971e+11	1.44891e+11	1.48037e+10	8.5316e+08	3.57547e+08	7.29274e+07	1.63613e+07	1.51872e+06	516075	
24661.9	470.359	6.06434	0.00205691	1.0434e-05	0	0	0	0	0	0	0	0	0	0	5.86276e-302	6.85161e-302	7.17873e-302	4.4967e-302	4.64223e-302	
4.77147e-302	4.98432e-302	5.1449e-302	5.24362e-302	3.89816e-302	6.75087e-302	5.67059e-302	3.50829e-302	3.52166e-302	2.46145e-302	2.4336e-302	1.82581e-302	1.86619e-302	1.9862e-302	1.29799e-302	8.15959e-303	1.96015e-302	9.71093e+12	4.49072e+12	4.65108e+12	
4.32811e+12	9.37434e+11	9.7895e+11	1.50163e+11	1.5518e+10	3.5824e+09	3.61724e+08	1.70661e+08	4.06078e+06	125243	30646.7	767.811	132.033	1.19022	0.000181812	1.47408e-06	0	0	0	0	
0	0	0	0	0	0	4.87514e-302	3.83422e-302	4.03765e-302	4.21393e-302	4.81634e-302	6.92854e-302	7.18106e-302	7.32538e-302	7.5875e-302	5.67298e-302	5.916e-302	4.21125e-302	4.05576e-302	2.36936e-302	
1.798e-302	1.855e-302	1.20209e-302	1.24269e-302	3.86225e-302	1.20492e-301	4.14305e-302	2.00856e-302	2.06552e-302	9.47453e-303	4.76672e+12	4.63916e+12	4.64063e+12	2.18576e+12	7.20379e+11	5.46959e+09	2.71554e+09	2.56385e+08	1.12355e+07	1.84904e+06	
105822	12044.4	288.187	17.3744	0.0779074	0.000127374	0	0	0	0	0	0	0	0	0	0	0	0	0	9.70232e-302	
1.02068e-301	1.03658e-301	1.06535e-301	6.59232e-302	7.60956e-302	7.8836e-302	5.63523e-302	3.90332e-302	3.0308e-302	2.46933e-302	1.8987e-302	5.87428e-302	1.10327e-301	1.1336e-301	3.81607e-302	3.98894e-302	2.94146e-302	3.10679e-302	3.19264e-302	2.51764e-302	
6.98305e-303	5.12205e-303	5.00361e-303	5.69942e-303	1.25441e+12	1.29312e+12	2.09274e+09	3.48636e+08	1.18906e+08	1.18385e+07	976539	179877	36667.2	489.098	1.5981e-314	9.6847e-317	6.45645e-319	0	0	0	
0	0	0	0	0	0	0	0	0	0	0	0	0	1.10357e-301	7.7335e-302	8.16575e-302	5.80349e-302	3.79192e-302	4.0042e-302	9.93854e-302	
1.30771e-301	1.0786e-301	1.10951e-301	4.57542e-302	2.83202e-302	2.83898e-302	2.92915e-302	2.16596e-302	2.51702e-302	2.58767e-302	2.69074e-302	9.53447e-303	9.86954e-303	5.69606e-303	1.9235e-303	2.95002e-304	2.22718e-305	1.15678e+09	1.21678e+08	4.09001e+07	
3.14032e+06	264899	4.19646e-310	4.55657e-311	8.45772e-313	6.41708e-315	1.06532e-316	6.45645e-319	0	0	0	0	0	0	0	0	0	0	0	0	
0	0	0	0	0	0	2.58587e-302	2.45616e-301	2.55263e-301	2.71838e-301	2.86042e-301	6.91723e-302	5.68032e-302	6.46007e-302	5.25154e-302	5.33406e-302	3.881e-302	2.3834e-302	2.46846e-302	2.55644e-302	
2.67743e-302	2.78356e-302	3.29092e-303	1.12716e-303	3.8899e-304	2.24678e-304	3.45946e-305	3.52144e-306	1.34358e-306	2.27105e-307	8.09398e-308	2.23557e-308	1.57274e-310	5.99135e-311	2.92192e-311	1.96841e-313	1.79813e-315	1.93048e-316	0	0	
0	0	0	0	0	0	0	0	0	0	0	0	0	0	0	0	0	0	0	2.67778e-301	
7.5413e-302	7.87328e-302	5.8034e-302	5.91575e-302	4.77092e-302	4.90215e-302	4.97779e-302	5.00957e-302	5.64977e-302	4.20954e-302	1.47058e-302	1.54675e-302	2.35514e-303	8.19773e-304	1.29657e-304	1.37899e-304	2.15424e-304	1.64608e-304	9.99665e-307	0	
0	0	0	0	1.80866e-311	9.32247e-312	9.74552e-314	9.03905e-316	2.84084e-317	0	0	0	0	0	0	0	0	0	0	0	
0	0	0	0	0	0	0	0	0	0	0	0	0	8.35126e-302	6.08516e-302	4.84277e-302	4.99807e-302	5.03695e-302	1.72564e-302	1.78434e-302	
1.85372e-302	7.5606e-304	3.47726e-304	1.65118e-304	4.73003e-304	3.7726e-304	3.10758e-304	0	0	0	0	0	0	0	0	0	0	0	0	0	
0	0	0	0	0	0	0	0	0	0	0	0	0	0	0	0	0	0	0	0	
0	0	0	0	0	0	3.76756e-302	1.01907e-302	1.0478e-302	3.57332e-303	4.05624e-304	7.00005e-304	1.21316e-303	1.0264e-303	2.86879e-304	3.49572e-304	0	0	0	0	
0	0	0	0	0	0	0	0	0	0	0	0	0	0	0	0	0	0	0	0	
0	0	0	0	0	0	0	0	0	0	0	0	0	0	0	0	0	0	0	0	
9.04427e-304	9.31485e-304	9.72049e-304	1.00521e-303	0	0	0	0	0	0	0	0	0	0	0	0	0	0	0	0	
0	0	0	0	0	0	0	0	0	0	0	0	0	0	0	0	0	0	0	0	
0	0	0	0	0	0	0	0	0	0	0	0	0	0	0	0	0	0	0	0	
0	0	0	0	0	0	0	0	0	0	0	0	0	0	0	0	0	0	0	0	
0	0	0	0	0	0	0	0	0	0	0	0	0	0	0	0	0	0	0	0	
0	0	0	0	0	0	0	0	0	0	0	0	0	0	0	0	0	0	0	0	
0	0	0	0	0	0	0	0	0	0	0	0	0	0	0	0	0	0	0	0	
0	0	0	0	0	0	0	0	0	0	0	0	0	0	0	0	0	0	0	0	
0	0	0	0	0	0	0	0	0	0	0	0	0	0	0	0	0	0	0	0	
0	0	0	0	0	0	0	0	0	0	0	0	0	0	0	0	0	0	0	0	
0	0	0	0	0	0	0	0	0	0	0	0	0	0	0	0	0	0	0	0	
0	0	0	0	0	0	0	0	0	0	0	0	0	0	0	0	0	0	0	0	
0	0	0	0	0	0	0	0	0	0	0	0	0	0	0	0	0	0	0	0	
0	0	0	0	0	0	0	0	0	0	0	0	0	0	0	0	0	0	0	0	
0	0	0	0	0	0	0	0	0	0	0	0	1.67457e+12	1.70095e+12	2.54326e+11	8.70781e+10	3.98815e+10	1.27855e+10	5.12481e+09	1.07385e+09	
1.23619e+08	0	0	0	0	0	0	0	0	0	0	0	0	0	0	0	0	0	0	0	
0	0	0	0	0	0	0	0	0	0	0	0	0	0	0	0	0	0	0	0	
2.54005e+12	2.61074e+12	1.68892e+12	1.72846e+12	7.60419e+11	2.55275e+11	2.52498e+11	8.94923e+10	1.38731e+10	3.69423e+09	2.7364e+08	6.4082e+07	3.15251e+07	3.19369e+07	2.73822e+06	31807.7	3717.24	3461.09	0	0	
0	0	0	0	0	0	0	0	0	0	0	0	0	0	0	0	0	0	0	0	
0	0	0	0	0	0	0	2.97563e+12	3.05213e+12	3.22218e+12	2.51078e+12	2.59093e+12	2.65569e+12	2.82437e+12	1.82757e+12	7.55731e+11	7.77552e+11	1.8236e+11	1.92706e+11	1.10368e+11	
3.38976e+09	2.7952e+08	6.46932e+07	2.01491e+07	9.47177e+06	589590	48097	16357.7	2533.16	27.2817	0.381024	0.00268236	0.00124414	0	0	0	0	0	0	0	
0	0	0	0	0	0	0	0	0	0	0	0	0	0	2.83725e-302	2.94946e-302	2.99539e-302	3.06562e-302	1.87875e-302	9.54188e+12	
3.28331e+12	2.54054e+12	2.66122e+12	2.78314e+12	2.78466e+12	1.9821e+12	5.56258e+11	4.14272e+11	4.30779e+11	1.45314e+11	6.6808e+10	1.06115e+10	5.7145e+07	1.92749e+07	2.9114e+07	1.37395e+07	2.57413e+06	620154	68599.7	19949.9	
196.963	0.145899	0.000243205	0.000197493	0	0	0	0	0	0	0	0	0	0	0	0	0	0	0	0	
0	0	5.50043e-302	3.4721e-302	2.80644e-302	2.94015e-302	3.02266e-302	3.09275e-302	3.21407e-302	3.27965e-302	3.27411e-302	2.0522e-302	9.93712e+12	7.90858e+12	5.67849e+12	4.49752e+12	4.67412e+12	6.83577e+11	5.941e+11	3.76058e+11	
3.89344e+11	1.55963e+10	2.1166e+10	2.75805e+08	3.43812e+08	7.06174e+07	3.30552e+07	6.10048e+06	494393	70832	30427.5	205.098	0.881017	0.000127409	1.01106e-05	0	0	0	0	0	
0	0	0	0	0	0	0	0	0	7.78664e-302	6.10336e-302	6.37984e-302	4.62639e-302	5.66246e-302	5.97505e-302	4.83048e-302	3.05733e-302	3.16802e-302	3.22981e-302	3.27146e-302	
3.33535e-302	3.25491e-302	2.33094e-302	3.37903e-302	1.23453e-302	9.99936e-303	3.22373e+12	3.26269e+12	1.48442e+12	1.43952e+12	9.03325e+11	9.40695e+11	4.34674e+11	9.66239e+10	8.45714e+08	3.52619e+08	3.64637e+08	3.3754e+07	1.51296e+06	516075	
24463.6	4968.59	31.559	0.0143999	9.39092e-05	0	0	0	0	0	0	0	0	0	0	0	0	1.08169e-301	1.14186e-301	5.91452e-302	
6.13474e-302	6.32962e-302	6.50789e-302	6.7418e-302	4.90701e-302	5.10108e-302	6.46887e-302	4.19262e-302	2.51547e-302	3.56256e-302	2.40512e-302	2.4715e-302	1.8587e-302	1.96305e-302	1.28254e-302	1.34935e-302	6.50896e-303	1.98302e-302	3.03315e-303	4.63259e+12	
4.44243e+12	4.42831e+12	2.8948e+12	1.33269e+12	4.57415e+10	1.06374e+10	1.2993e+09	5.11983e+08	2.52761e+08	1.57302e+06	128716	3212.02	193.606	8.48113	0.00484104	2.23089e-05	0	0	0	0	
0	0	0	0	0	0	0	0	8.58154e-302	9.02985e-302	9.24397e-302	7.33274e-302	7.66162e-302	7.84892e-302	8.99276e-302	1.3236e-301	5.87106e-302	6.14458e-302	3.36724e-302	3.94904e-302	
1.79114e-302	1.84756e-302	1.19752e-302	1.22814e-302	1.29174e-302	3.96871e-302	1.23803e-301	4.29155e-302	3.41257e-302	9.3891e-303	9.7339e-303	9.39927e-303	9.36969e-303	4.82112e+12	1.40743e+12	6.96018e+10	7.65743e+09	1.29406e+09	4.23272e+07	2.08188e+07	
668227	451219	3588.68	52.1233	0.601942	0.00209938	0	0	0	0	0	0	0	0	0	0	0	0	0	0	
0	1.03658e-301	1.05691e-301	1.09006e-301	1.13779e-301	1.17734e-301	8.41781e-302	8.62284e-302	6.83748e-302	5.20858e-302	2.63859e-302	2.74197e-302	6.1293e-302	3.77868e-302	1.14482e-301	3.93568e-302	4.08144e-302	4.27979e-302	4.45183e-302	3.5247e-302	
1.61576e-302	9.96529e-303	9.73699e-303	7.17021e-303	7.25213e-303	3.32193e-303	1.87373e+09	1.0413e+09	1.18906e+08	1.9072e+07	2.91803e+06	176752	60765	2404.44	4.48673e-314	8.7356e-316	3.87388e-318	0	0	0	
0	0	0	0	0	0	0	0	0	0	0	0	0	0	0	8.13278e-302	7.88589e-302	6.03056e-302	3.95525e-302	2.99507e-302	
9.19547e-302	2.26586e-301	2.32893e-301	8.85284e-302	9.2149e-302	6.5981e-302	6.78061e-302	6.96783e-302	7.27312e-302	2.31495e-302	2.39832e-302	8.53499e-303	9.79432e-303	1.00973e-302	1.90822e-303	2.91567e-304	1.50596e-304	2.35253e-306	7.42633e-307	8.54165e-308	
1.9525e+07	330698	101275	3.83305e-311	4.9496e-312	3.98131e-314	2.44829e-315	1.29129e-318	0	0	0	0	0	0	0	0	0	0	0	0	
0	0	0	0	0	0	0	0	3.53243e-301	3.72661e-301	3.95221e-301	2.89403e-301	7.13403e-302	5.84041e-302	5.95336e-302	6.0709e-302	4.41845e-302	2.99922e-302	4.08096e-302	4.2266e-302	
4.41147e-302	4.58353e-302	2.15347e-302	5.61282e-303	1.9372e-303	6.21538e-304	1.71614e-304	7.68945e-306	8.2463e-307	4.07241e-307	1.44564e-307	0	0	7.47661e-311	2.91065e-311	9.04707e-313	7.44172e-315	1.38491e-315	1.93694e-318	0	
0	0	0	0	0	0	0	0	0	0	0	0	0	0	0	0	0	0	0	0	
0	0	7.24102e-302	5.89327e-302	4.70916e-302	4.88273e-302	4.97779e-302	5.05636e-302	5.10823e-302	5.24688e-302	3.29683e-302	1.54063e-302	1.56458e-302	8.13221e-304	6.48285e-304	2.26259e-304	2.20256e-304	1.63928e-304	4.61029e-306	1.29773e-306	
0	0	0	0	0	0	0	2.23135e-315	1.46562e-316	0	0	0	0	0	0	0	0	0	0	0	
0	0	0	0	0	0	0	0	0	0	0	0	0	0	0	6.15525e-302	4.99807e-302	5.01775e-302	5.15409e-302	1.76976e-302	
1.86085e-302	6.27573e-303	1.3156e-303	2.05806e-304	2.53636e-304	4.447e-304	6.43902e-304	2.10384e-304	0	0	0	0	0	0	0	0	0	0	0	0	
0	0	0	0	0	0	0	0	0	0	0	0	0	0	0	0	0	0	0	0	
0	0	0	0	0	0	0	0	0	1.78666e-302	2.02005e-303	7.00005e-304	1.21305e-303	1.26586e-303	5.96662e-304	2.91481e-304	0	0	0	0	
0	0	0	0	0	0	0	0	0	0	0	0	0	0	0	0	0	0	0	0	
0	0	0	0	0	0	0	0	0	0	0	0	0	0	0	0	0	0	0	0	
0	0	9.68251e-304	1.01799e-303	1.03476e-303	0	0	0	0	0	0	0	0	0	0	0	0	0	0	0	
0	0	0	0	0	0	0	0	0	0	0	0	0	0	0	0	0	0	0	0	
0	0	0	0	0	0	0	0	0	0	0	0	0	0	0	0	0	0	0	0	
0	0	0	0	0	0	0	0	0	0	0	0	0	0	0	0	0	0	0	0	
0	0	0	0	0	0	0	0	0	0	0	0	0	0	0	0	0	0	0	0	
0	0	0	0	0	0	0	0	0	0	0	0	0	0	0	0	0	0	0	0	
0	0	0	0	0	0	0	0	0	0	0	0	0	0	0	0	0	0	0	0	
0	0	0	0	0	0	0	0	0	0	0	0	0	0	0	0	0	0	0	0	
0	0	0	0	0	0	0	0	0	0	0	0	0	0	0	0	0	0	0	0	
0	0	0	0	0	0	0	0	0	0	0	0	0	0	0	0	0	0	0	0	
0	0	0	0	0	0	0	0	0	0	0	0	0	0	0	0	0	0	0	0	
0	0	0	0	0	0	0	0	0	0	0	0	0	0	0	0	0	0	0	0	
0	0	0	0	0	0	7.91248e+09	5.16322e+09	2.37027e+09	2.40008e+08	1.24415e+08	2.08162e+07	6.7918e+06	742156	0	0	0	0	0	0	
0	0	0	0	0	0	0	0	0	0	0	0	0	0	0	0	0	0	0	0	
0	0	0	0	0	0	0	0	0	0	0	0	0	0	2.53257e+11	2.60227e+11	8.94241e+10	1.3755e+10	5.221e+09	2.43106e+09	
1.28152e+08	6.35134e+07	3.26687e+07	1.52418e+07	213286	17809.2	15751.1	877.864	0.274336	0.000818727	0.000165655	0	0	0	0	0	0	0	0	0	
0	0	0	0	0	0	0	0	0	0	0	0	0	0	0	0	0	0	0	0	
0	2.70648e+12	2.79258e+12	1.78498e+12	1.74466e+12	7.82946e+11	2.59542e+11	2.73953e+11	2.1001e+11	6.45379e+09	3.68967e+08	6.4082e+07	3.15251e+07	3.16474e+07	1.4934e+07	220417	3701.77	1153.7	14.8094	0.761337	
0.000619231	0.000286064	0	0	0	0	0	0	0	0	0	0	0	0	0	0	0	0	0	0	
0	0	0	0	0	0	0	0	9.43828e+12	9.88618e+12	7.70139e+12	7.91678e+12	2.64246e+12	2.80213e+12	2.8793e+12	7.49902e+11	7.68173e+11	7.98569e+11	1.91033e+11	1.4788e+11	
1.67904e+10	2.7806e+08	6.46932e+07	2.00713e+07	9.47177e+06	1.55334e+06	47707.1	6863.08	11729.3	136.006	1.64441	0.000894119	0.00135204	0	0	0	0	0	0	0	
0	0	0	0	0	0	0	0	0	0	0	0	0	0	0	0	2.98377e-302	3.04221e-302	3.1366e-302	3.20531e-302	
2.01141e-302	9.92892e+12	7.95288e+12	8.27063e+12	8.27143e+12	8.50212e+12	2.61558e+12	1.23157e+12	1.26489e+12	1.46951e+11	1.49765e+11	4.26126e+10	4.91458e+08	1.37678e+07	6.90512e+06	9.77668e+06	6.80954e+06	206718	87859.4	37135.7	
759.713	16.7301	0.00271477	8.43231e-05	0	0	0	0	0	0	0	0	0	0	0	0	0	0	0	0	
0	0	0	5.76209e-302	2.78489e-302	2.90581e-302	3.0076e-302	3.09275e-302	3.18798e-302	3.26461e-302	3.27411e-302	3.40709e-302	2.11658e-302	2.09373e-302	1.15352e-302	6.11132e+12	4.58522e+12	2.15974e+12	2.07232e+12	8.01262e+11	
8.23158e+11	1.28375e+11	2.71082e+10	1.05853e+09	4.38033e+08	4.52236e+08	4.24996e+07	2.07489e+07	632498	248905	38791.7	203.495	2.36494	0.00111684	2.30827e-05	0	0	0	0	0	
0	0	0	0	0	0	0	0	0	0	0	6.27264e-302	6.50205e-302	4.71572e-302	4.96302e-302	6.11605e-302	5.07637e-302	3.12918e-302	3.22981e-302	3.25437e-302	
3.30519e-302	3.38937e-302	2.30182e-302	2.39433e-302	1.88245e-302	9.04084e-303	9.50818e-303	8.53321e-303	1.90854e+12	1.84388e+12	6.1748e+11	1.19741e+12	5.55693e+11	1.23054e+11	1.01837e+10	1.26659e+09	1.07854e+09	5.0379e+08	2.47751e+07	4.62669e+06	
201586	36728.9	610.383	0.845678	0.000482951	6.02944e-06	0	0	0	0	0	0	0	0	0	0	0	0	1.12441e-301	8.83646e-302	
9.12586e-302	9.46013e-302	9.80607e-302	1.11446e-301	1.1494e-301	8.46282e-302	8.83587e-302	7.4203e-302	5.41104e-302	3.24677e-302	3.22281e-302	2.26115e-302	1.69995e-302	2.51369e-302	2.59254e-302	1.7281e-302	1.78933e-302	1.10168e-302	2.00619e-302	3.12665e-303	
8.9976e-303	9.04284e-303	4.61715e+12	1.32104e+12	1.37224e+11	1.06374e+10	1.73695e+09	1.09142e+09	2.5036e+08	2.04983e+07	1.59525e+06	36639.9	1536.93	26.0239	0.418983	0.000181122	0	0	0	0	
0	0	0	0	0	0	0	0	0	0	9.13566e-302	9.38882e-302	9.68409e-302	9.95236e-302	1.03985e-301	1.08149e-301	1.13738e-301	8.43836e-302	1.32678e-301	7.0272e-302	
5.68026e-302	3.06756e-302	3.20088e-302	2.03863e-302	2.13664e-302	1.31774e-302	4.07718e-302	1.41931e-302	3.39897e-302	1.56485e-302	9.64576e-303	9.36414e-303	9.36969e-303	9.80377e-303	4.52796e-303	1.39984e+11	1.06862e+10	5.39749e+09	2.11237e+08	2.07375e+07	
1.74415e+06	671961	26497.8	516.962	0.886162	0.0212765	3.42897e-05	0	0	0	0	0	0	0	0	0	0	0	0	0	
0	0	0	0	1.12446e-301	1.17292e-301	1.22361e-301	8.55132e-302	6.15687e-302	4.70896e-302	3.79454e-302	2.45998e-302	2.82691e-302	2.9502e-302	6.33525e-302	6.55946e-302	6.74607e-302	6.96094e-302	7.32951e-302	7.62547e-302	
2.67269e-302	2.7555e-302	1.7194e-302	1.00062e-302	1.01206e-302	3.30908e-303	7.59445e-305	2.68547e-306	4.4875e+08	7.17036e+07	8.14901e+06	1.96382e+06	84418.5	5610.35	334.634	8.6452e-316	6.45646e-318	0	0	0	
0	0	0	0	0	0	0	0	0	0	0	0	0	0	0	0	0	6.00795e-302	6.26732e-302	4.12563e-302	
3.04164e-302	9.52249e-302	2.34606e-301	2.39171e-301	8.21975e-302	8.39891e-302	5.63119e-302	6.94182e-302	7.2447e-302	7.47515e-302	7.7768e-302	3.63723e-302	2.05317e-302	2.12537e-302	2.04379e-302	1.37577e-303	7.23133e-304	5.44731e-306	1.95127e-306	7.6536e-307	
3.95504e-308	9.12087e-310	160746	8.7386e-311	4.97114e-312	2.51387e-313	4.08048e-315	2.58259e-317	0	0	0	0	0	0	0	0	0	0	0	0	
0	0	0	0	0	0	0	0	0	0	0	4.02926e-301	9.90691e-302	8.074e-302	8.33471e-302	8.4647e-302	8.59697e-302	8.7531e-302	6.42424e-302	4.00669e-302	
4.97819e-302	4.11933e-302	2.135e-302	5.59124e-303	1.92995e-303	6.37954e-304	2.80501e-304	1.44412e-304	1.36381e-306	6.73469e-307	2.30576e-307	5.48436e-308	0	0	0	2.95383e-312	7.20651e-314	1.37975e-315	1.29129e-317	0	
0	0	0	0	0	0	0	0	0	0	0	0	0	0	0	0	0	0	0	0	
0	0	0	0	7.50639e-302	4.35143e-302	4.49042e-302	5.0157e-302	5.0485e-302	5.24618e-302	5.43174e-302	1.15199e-302	1.1839e-302	2.17892e-303	7.67049e-304	6.78777e-304	2.19393e-304	9.97879e-305	1.81201e-305	1.29773e-306	
0	0	0	0	0	0	0	0	0	0	0	0	0	0	0	0	0	0	0	0	
0	0	0	0	0	0	0	0	0	0	0	0	0	0	0	0	0	0	5.11377e-302	5.28831e-302	
1.84659e-302	1.88997e-302	2.16641e-303	4.52161e-304	2.11438e-304	2.19724e-304	3.45088e-304	6.02216e-304	0	0	0	0	0	0	0	0	0	0	0	0	
0	0	0	0	0	0	0	0	0	0	0	0	0	0	0	0	0	0	0	0	
0	0	0	0	0	0	0	0	0	0	0	9.76197e-304	9.99255e-304	1.76469e-303	9.86576e-304	1.01039e-303	1.67534e-304	0	0	0	
0	0	0	0	0	0	0	0	0	0	0	0	0	0	0	0	0	0	0	0	
0	0	0	0	0	0	0	0	0	0	0	0	0	0	0	0	0	0	0	0	
0	0	0	0	0	0	0	0	0	0	0	0	0	0	0	0	0	0	0	0	
0	0	0	0	0	0	0	0	0	0	0	0	0	0	0	0	0	0	0	0	
0	0	0	0	0	0	0	0	0	0	0	0	0	0	0	0	0	0	0	0	
0	0	0	0	0	0	0	0	0	0	0	0	0	0	0	0	0	0	0	0	
0	0	0	0	0	0	0	0	0	0	0	0	0	0	0	0	0	0	0	0	
0	0	0	0	0	0	0	0	0	0	0	0	0	0	0	0	0	0	0	0	
0	0	0	0	0	0	0	0	0	0	0	0	0	0	0	0	0	0	0	0	
0	0	0	0	0	0	0	0	0	0	0	0	0	0	0	0	0	0	0	0	
0	0	0	0	0	0	0	0	0	0	0	0	0	0	0	0	0	0	0	0	
0	0	0	0	0	0	0	0	0	0	0	0	0	0	0	0	0	0	0	0	
1.18671e+07	1.16844e+07	621352	53051.8	6266.02	2960.67	0	0	0	0	0	0	0	0	0	0	0	0	0	0	
0	0	0	0	0	0	0	0	0	0	0	0	0	0	0	0	0	0	0	0	
0	0	0	0	0	0	0	0	1.41123e+09	1.42882e+08	7.43551e+07	6.21623e+07	9.78793e+06	418829	62343	15955	1728.42	3.54779	0.013288	0.000799082	
1.20836e-05	0	0	0	0	0	0	0	0	0	0	0	0	0	0	0	0	0	0	0	
0	0	0	0	0	0	0	0	0	0	0	0	0	0	0	1.56136e+11	2.68272e+11	6.82487e+10	6.22786e+09	2.38823e+09	
1.26045e+08	1.29656e+08	4.41942e+07	1.51787e+07	930278	42726.5	5442.91	368.212	6.88842	0.000844319	0.000191955	2.22025e-05	0	0	0	0	0	0	0	0	
0	0	0	0	0	0	0	0	0	0	0	0	0	0	0	0	0	0	0	0	
0	0	8.312e+12	8.47324e+12	5.19355e+12	7.82946e+11	8.07136e+11	2.69988e+11	2.80412e+11	3.34523e+10	1.71778e+09	6.64321e+07	3.26813e+07	3.28081e+07	1.54817e+07	952068	144698	3967.68	242.745	0.757361	
0.000422927	0.000309685	0	0	0	0	0	0	0	0	0	0	0	0	0	0	0	0	0	0	
0	0	0	0	0	0	0	0	0	0	1.00791e+13	7.886e+12	8.13912e+12	8.55651e+12	8.82617e+12	3.8421e+12	2.3699e+12	2.46459e+12	8.66865e+11	6.17093e+11	
2.09745e+11	5.17703e+09	6.43553e+07	3.18997e+07	2.01217e+07	4.64063e+06	47707.1	18779.6	3909.77	1009.32	1.44284	0.000621868	0.000321915	0	0	0	0	0	0	0	
0	0	0	0	0	0	0	0	0	0	0	0	0	0	0	0	0	3.14197e-302	3.22655e-302	3.30838e-302	
3.44344e-302	2.09142e-302	1.66249e-302	8.47333e+12	8.54164e+12	8.46877e+12	4.01909e+12	2.7136e+12	1.25771e+12	1.29781e+12	4.46948e+11	2.05021e+11	3.19917e+09	6.14084e+08	2.05525e+07	9.73448e+06	4.84393e+06	442967	171693	8841.83	
1760.67	32.9732	0.0081443	8.28824e-05	0	0	0	0	0	0	0	0	0	0	0	0	0	0	0	0	
0	0	0	0	0	3.01237e-302	3.1179e-302	3.17783e-302	3.16002e-302	3.25181e-302	3.2591e-302	3.35139e-302	3.4999e-302	3.4614e-302	1.65044e-302	1.22192e-302	9.27893e-303	2.11561e+12	2.0876e+12	2.0496e+12	
8.1646e+11	8.58441e+11	4.33795e+10	1.01102e+09	3.71069e+08	4.48246e+08	1.26864e+08	6.22467e+07	5.66866e+06	740942	134984	3769.46	9.05294	0.0321044	0.00079495	0	0	0	0	0	
0	0	0	0	0	0	0	0	0	0	0	0	1.07888e-301	1.1046e-301	8.19646e-302	8.45282e-302	7.05185e-302	8.68896e-302	5.35833e-302	5.42395e-302	
3.26679e-302	3.3763e-302	3.32807e-302	2.35321e-302	2.54783e-302	1.94821e-302	9.47027e-303	9.84486e-303	2.7733e-303	2.65775e-303	1.31769e+12	6.29446e+11	5.51166e+11	8.37511e+10	1.30934e+10	2.18699e+09	1.37882e+09	6.4086e+08	1.56795e+08	5.89197e+06	
257152	49096.5	784.778	3.63097	0.00144328	4.14722e-05	0	0	0	0	0	0	0	0	0	0	0	0	0	1.16403e-301	
9.01412e-302	9.3384e-302	9.67435e-302	1.00756e-301	1.02282e-301	7.65105e-302	7.92114e-302	9.43134e-302	7.50873e-302	7.53797e-302	5.55128e-302	3.75381e-302	3.83477e-302	2.94588e-302	3.08636e-302	3.25846e-302	2.11347e-302	1.4108e-302	1.4218e-302	4.00499e-303	
3.85611e-303	3.8755e-303	1.21223e-302	5.53199e-303	3.83158e+11	1.35519e+10	5.21084e+09	1.08229e+09	5.18872e+08	2.03398e+07	7.9013e+06	210494	6341.69	42.3342	0.584703	0.000499708	1.61699e-05	0	0	0	
0	0	0	0	0	0	0	0	0	0	0	0	0	9.91498e-302	1.0269e-301	1.07584e-301	1.12643e-301	8.34277e-302	8.56794e-302	4.51908e-302	
4.71618e-302	3.91329e-302	5.65281e-302	4.22602e-302	2.71462e-302	2.79038e-302	2.88937e-302	8.94541e-302	3.12522e-302	5.77413e-302	2.67938e-302	2.75286e-302	1.54805e-302	1.63396e-302	4.49412e-303	4.5385e-304	6.51766e-305	5.39749e+09	1.84146e+09	2.88121e+07	
7.1889e+06	671961	45345.1	4633.46	5.06024	0.0518092	9.17885e-05	0	0	0	0	0	0	0	0	0	0	0	0	0	
0	0	0	0	0	0	1.11869e-301	1.14609e-301	1.11253e-301	8.22681e-302	6.15019e-302	5.01376e-302	2.53604e-302	2.64636e-302	2.6881e-302	4.9242e-302	6.66364e-302	6.96094e-302	7.23626e-302	7.55642e-302	
2.67269e-302	2.73399e-302	2.84064e-302	2.80937e-302	1.68676e-302	7.66783e-303	3.8372e-304	2.97554e-305	4.54395e-306	2.43091e-307	3.37916e-308	1.81211e+06	685378	5041.9	557.723	2.53545e-315	3.61562e-317	0	0	0	
0	0	0	0	0	0	0	0	0	0	0	0	0	0	0	0	0	0	0	0	
4.25796e-302	3.13574e-302	7.75696e-302	7.94237e-302	8.18751e-302	8.35454e-302	8.40968e-302	5.21112e-302	5.4593e-302	6.7053e-302	7.67889e-302	3.62201e-302	2.86526e-302	2.96601e-302	2.04379e-302	2.05456e-302	1.08301e-303	1.45731e-305	2.46431e-306	2.55982e-306	
2.74573e-307	7.61584e-309	7.65921e-310	2.90632e-310	3.4798e-311	6.91422e-313	9.90228e-315	1.16216e-316	0	0	0	0	0	0	0	0	0	0	0	0	
0	0	0	0	0	0	0	0	0	0	0	0	0	1.00488e-301	8.30315e-302	8.43149e-302	8.59697e-302	8.7531e-302	8.92371e-302	9.24522e-302	
5.74635e-302	4.34746e-302	2.42709e-302	2.48492e-302	2.41842e-303	2.84988e-303	8.73407e-304	2.01406e-304	3.17018e-306	9.35459e-307	3.22807e-307	1.08775e-307	0	0	0	0	0	0	2.13063e-317	0	
0	0	0	0	0	0	0	0	0	0	0	0	0	0	0	0	0	0	0	0	
0	0	0	0	0	0	0	8.83475e-302	8.92624e-302	9.20397e-302	6.8863e-302	7.96432e-302	1.65084e-302	2.55318e-303	6.26745e-304	6.04152e-304	2.11758e-304	8.9197e-305	1.97686e-305	1.29773e-306	
6.47861e-307	0	0	0	0	0	0	0	0	0	0	0	0	0	0	0	0	0	0	0	
0	0	0	0	0	0	0	0	0	0	0	0	0	0	0	0	0	0	0	0	
2.55493e-302	2.63562e-302	9.09616e-303	3.14088e-303	4.93354e-304	3.05259e-304	3.23274e-304	3.02423e-304	8.55145e-305	0	0	0	0	0	0	0	0	0	0	0	
0	0	0	0	0	0	0	0	0	0	0	0	0	0	0	0	0	0	0	0	
0	0	0	0	0	0	0	0	0	0	0	0	0	0	4.95284e-304	8.57734e-304	1.45799e-303	0	0	0	
0	0	0	0	0	0	0	0	0	0	0	0	0	0	0	0	0	0	0	0	
0	0	0	0	0	0	0	0	0	0	0	0	0	0	0	0	0	0	0	0	
0	0	0	0	0	0	0	0	0	0	0	0	0	0	0	0	0	0	0	0	
0	0	0	0	0	0	0	0	0	0	0	0	0	0	0	0	0	0	0	0	
0	0	0	0	0	0	0	0	0	0	0	0	0	0	0	0	0	0	0	0	
0	0	0	0	0	0	0	0	0	0	0	0	0	0	0	0	0	0	0	0	
0	0	0	0	0	0	0	0	0	0	0	0	0	0	0	0	0	0	0	0	
0	0	0	0	0	0	0	0	0	0	0	0	0	0	0	0	0	0	0	0	
0	0	0	0	0	0	0	0	0	0	0	0	0	0	0	0	0	0	0	0	
0	0	0	0	0	0	0	0	0	0	0	0	0	0	1327.27	13.7239	0.125206	0.00160399	2.29941e-05	0	
0	0	0	0	0	0	0	0	0	0	0	0	0	0	0	0	0	0	0	0	
0	0	0	0	0	0	0	0	0	0	0	0	0	0	0	0	0	0	0	0	
0	0	386140	112423	14497.5	1571.71	3.17839	0.0935491	0.000524234	0.000129654	0	0	0	0	0	0	0	0	0	0	
0	0	0	0	0	0	0	0	0	0	0	0	0	0	0	0	0	0	0	0	
0	0	0	0	0	0	0	0	0	1.10694e+08	7.43551e+07	3.69906e+07	1.75375e+07	1.09192e+06	52144.3	5268.4	702.257	10.5878	0.0389792	0.000909007	
0.000454774	0	0	0	0	0	0	0	0	0	0	0	0	0	0	0	0	0	0	0	
0	0	0	0	0	0	0	0	0	0	0	0	0	0	0	0	4.80487e+11	1.65299e+11	6.17943e+09	1.42199e+09	
2.51393e+08	1.2901e+08	6.41872e+07	1.52816e+07	926688	154766	6050.44	1104.63	3.66748	0.00163345	0.000208604	2.19911e-05	0	0	0	0	0	0	0	0	
0	0	0	0	0	0	0	0	0	0	0	0	0	0	0	0	0	0	0	0	
0	0	0	0	3.2943e+12	1.44015e+12	2.42141e+12	8.03757e+11	8.25553e+11	2.94597e+11	4.50445e+10	2.68519e+08	9.72735e+07	9.84242e+07	1.54817e+07	952068	230233	11672.6	724.432	0.951336	
0.000438437	3.55351e-05	7.63131e-06	0	0	0	0	0	0	0	0	0	0	0	0	0	0	0	0	0	
0	0	0	0	0	0	0	0	0	0	0	1.60362e-302	8.04072e+12	8.52311e+12	8.75852e+12	8.99641e+12	2.37896e+12	2.4398e+12	2.56526e+12	6.03992e+11	
2.09745e+11	5.11263e+09	9.95751e+08	9.92088e+07	9.99731e+07	2.95266e+07	442785	151776	17678.4	1046.33	79.3405	0.00185835	0.000106471	0	0	0	0	0	0	0	
0	0	0	0	0	0	0	0	0	0	0	0	0	0	0	0	0	0	3.21447e-302	3.28331e-302	
3.36031e-302	3.47142e-302	2.13183e-302	1.70693e-302	1.81205e-302	1.77792e-302	4.16648e+12	2.79024e+12	2.07155e+12	1.33947e+12	1.37677e+12	2.10229e+11	2.12371e+10	7.54753e+08	1.01422e+08	2.90581e+07	4.82543e+06	442967	448109	60340.4	
5007.2	70.1154	0.0521547	0.00100342	0	0	0	0	0	0	0	0	0	0	0	0	0	0	0	0	
0	0	0	0	0	0	8.62503e-302	5.27614e-302	5.439e-302	5.56696e-302	5.60298e-302	5.67408e-302	5.99753e-302	3.56009e-302	3.71639e-302	1.8409e-302	1.30174e-302	4.32018e-303	4.18932e-303	2.03123e+12	
2.08066e+12	8.51346e+11	1.29649e+11	2.0095e+09	2.5141e+08	3.15854e+08	1.50171e+08	4.3815e+07	4.01378e+06	1.92648e+06	140382	21779.5	24.9872	0.0318107	0.00079495	0	0	0	0	0	
0	0	0	0	0	0	0	0	0	0	0	0	0	1.03104e-301	7.682e-302	7.92227e-302	7.24624e-302	7.50158e-302	9.22184e-302	5.59708e-302	
5.44465e-302	5.62717e-302	5.47964e-302	5.72256e-302	4.15794e-302	3.20544e-302	2.62001e-302	2.72399e-302	7.41283e-303	4.71088e-303	2.68078e-303	9.14295e-304	9.50244e-304	4.0274e+11	3.11747e+09	2.17869e+09	1.36804e+09	6.38178e+08	3.10406e+08	2.89218e+07	
1.97314e+06	48574.8	3898.6	13.895	0.0241541	0.000267381	0	0	0	0	0	0	0	0	0	0	0	0	0	0	
0	0	9.99044e-302	9.9393e-302	1.0139e-301	1.07117e-301	7.82773e-302	8.45127e-302	6.73458e-302	6.78848e-302	6.97428e-302	5.44851e-302	3.85037e-302	2.91194e-302	3.07359e-302	3.21984e-302	3.41462e-302	2.17227e-302	1.69262e-302	7.88298e-303	
2.27725e-303	6.60352e-303	6.70689e-303	9.18499e-303	2.06422e-303	1.37228e-304	1.11107e+10	2.23912e+09	6.61477e+08	1.63259e+08	1.0116e+07	3.50445e+06	51909.2	53.8512	1.73942	0.00266057	5.16449e-05	0	0	0	
0	0	0	0	0	0	0	0	0	0	0	0	0	0	0	1.06297e-301	1.12214e-301	1.15757e-301	8.52318e-302	8.73527e-302	
4.71618e-302	4.78865e-302	3.63616e-302	3.80689e-302	2.79977e-302	1.98506e-302	2.88937e-302	2.96881e-302	3.12522e-302	2.4651e-302	3.4181e-302	3.49869e-302	3.37821e-302	2.07458e-302	9.54243e-303	2.13996e-303	2.21745e-304	6.9998e-305	8.02578e-306	2.93037e-307	
1.1793e+07	1.5629e+06	275264	17961.5	30.0358	0.0518092	9.06224e-05	0	0	0	0	0	0	0	0	0	0	0	0	0	
0	0	0	0	0	0	0	0	7.88119e-302	5.87629e-302	4.34104e-302	3.56636e-302	5.18974e-302	3.38933e-302	3.46944e-302	3.504e-302	2.14348e-302	2.66322e-302	8.37713e-302	9.63635e-302	
9.8692e-302	3.48436e-302	2.82935e-302	2.78601e-302	2.81127e-302	1.27316e-302	3.82218e-304	6.02644e-305	1.00695e-305	1.0012e-306	1.20923e-307	6.14409e-309	2.31432e-309	65795.4	838.528	2.6574	2.26622e-316	1.29129e-318	0	0	
0	0	0	0	0	0	0	0	0	0	0	0	0	0	0	0	0	0	0	0	
0	0	5.8457e-302	1.42963e-301	1.46822e-301	8.28539e-302	8.44205e-302	8.64214e-302	5.38947e-302	5.56746e-302	6.91456e-302	3.23185e-302	3.39017e-302	2.67085e-302	3.04501e-302	2.83224e-302	1.49321e-303	5.29659e-305	2.43486e-306	2.55982e-306	
1.2123e-306	2.05197e-308	9.33195e-310	2.62177e-310	0	0	0	1.9434e-316	1.93694e-318	0	0	0	0	0	0	0	0	0	0	0	
0	0	0	0	0	0	0	0	0	0	0	0	0	0	0	1.17456e-301	1.20358e-301	1.22069e-301	1.24932e-301	1.29338e-301	
1.33055e-301	8.45985e-302	2.8349e-302	2.43621e-302	1.9288e-302	2.28019e-303	7.12316e-304	1.62984e-304	8.57938e-306	1.55329e-306	5.38011e-307	1.52285e-307	3.6976e-308	0	0	0	0	0	0	0	
0	0	0	0	0	0	0	0	0	0	0	0	0	0	0	0	0	0	0	0	
0	0	0	0	0	0	0	0	0	1.28444e-301	9.64081e-302	1.00174e-301	1.03348e-301	3.18708e-303	3.31183e-303	1.28214e-303	1.24027e-303	4.00759e-304	8.63017e-305	9.7435e-307	
8.16896e-307	0	0	0	0	0	0	0	0	0	0	0	0	0	0	0	0	0	0	0	
0	0	0	0	0	0	0	0	0	0	0	0	0	0	0	0	0	0	0	0	
0	0	1.26354e-302	4.38091e-303	2.05538e-303	7.12271e-304	3.23274e-304	2.52131e-304	6.14779e-305	7.90952e-306	0	0	0	0	0	0	0	0	0	0	
0	0	0	0	0	0	0	0	0	0	0	0	0	0	0	0	0	0	0	0	
0	0	0	0	0	0	0	0	0	0	0	0	0	0	0	0	8.71518e-304	5.10509e-304	0	0	
0	0	0	0	0	0	0	0	0	0	0	0	0	0	0	0	0	0	0	0	
0	0	0	0	0	0	0	0	0	0	0	0	0	0	0	0	0	0	0	0	
0	0	0	0	0	0	0	0	0	0	0	0	0	0	0	0	0	0	0	0	
0	0	0	0	0	0	0	0	0	0	0	0	0	0	0	0	0	0	0	0	
0	0	0	0	0	0	0	0	0	0	0	0	0	0	0	0	0	0	0	0	
0	0	0	0	0	0	0	0	0	0	0	0	0	0	0	0	0	0	0	0	
0	0	0	0	0	0	0	0	0	0	0	0	0	0	0	0	0	0	0	0	
0	0	0	0	0	0	0	0	0	0	0	0	0	0	0	0	0	0	0	0	
0	0	0	0	0	0	0	0	0	0	0	0	0	0	0	0	0	0	0	0	
0	0	0	0	0	0	0	0	0	0	0	0	0	0	0	0	0.416118	0.00544882	0.000232332	0	
0	0	0	0	0	0	0	0	0	0	0	0	0	0	0	0	0	0	0	0	
0	0	0	0	0	0	0	0	0	0	0	0	0	0	0	0	0	0	0	0	
0	0	0	162333	4832.51	1326.74	56.6176	0.211692	0.000406183	0.000204684	0	0	0	0	0	0	0	0	0	0	
0	0	0	0	0	0	0	0	0	0	0	0	0	0	0	0	0	0	0	0	
0	0	0	0	0	0	0	0	0	0	5.7609e+07	2.87704e+07	1.35302e+07	845374	141829	3669.8	974.395	4.24175	0.121956	0.000983757	
0.000454774	0	0	0	0	0	0	0	0	0	0	0	0	0	0	0	0	0	0	0	
0	0	0	0	0	0	0	0	0	0	0	0	0	0	0	0	0	0	3.04283e+11	1.48674e+10	
3.49055e+08	1.79072e+08	1.15537e+08	5.45058e+07	2.78006e+06	672363	54454	3313.9	9.44542	0.0836316	6.95345e-05	3.20183e-05	0	0	0	0	0	0	0	0	
0	0	0	0	0	0	0	0	0	0	0	0	0	0	0	0	0	0	0	0	
0	0	0	0	0	1.4208e+12	1.43267e+12	1.43314e+12	4.92519e+11	2.36749e+11	4.442e+10	1.96768e+09	9.83688e+07	9.84242e+07	4.60775e+07	8.50338e+06	690700	81339.3	2173.29	177.246	
0.00632435	0.000214465	2.26858e-05	0	0	0	0	0	0	0	0	0	0	0	0	0	0	0	0	0	
0	0	0	0	0	0	0	0	0	0	0	0	9.85174e-303	1.03224e-302	1.06454e-302	8.99641e+12	3.74832e+12	2.41738e+12	2.53486e+12	8.81777e+11	
2.78988e+11	9.28719e+10	1.18546e+09	4.89669e+08	9.99731e+07	4.71575e+07	2.73119e+06	150983	21223.1	3588.63	70.8595	0.0121125	0.000989223	0	0	0	0	0	0	0	
0	0	0	0	0	0	0	0	0	0	0	0	0	0	0	0	0	0	0	0	
3.33433e-302	5.76138e-302	5.92176e-302	4.70308e-302	2.99126e-302	1.77792e-302	1.88425e-302	8.25085e-303	2.79191e+12	1.33424e+12	1.36558e+12	2.10229e+11	2.10743e+10	1.20412e+09	3.11995e+08	1.06885e+08	1.47836e+07	456605	154848	65310.2	
5190.83	94.0279	0.196722	0.00312064	0	0	0	0	0	0	0	0	0	0	0	0	0	0	0	0	
0	0	0	0	0	0	0	8.76007e-302	5.39838e-302	5.50234e-302	5.65532e-302	5.62416e-302	5.94656e-302	6.23741e-302	6.12142e-302	5.11361e-302	2.15164e-302	7.46436e-303	7.72765e-303	7.16666e-303	
7.30269e-303	4.75527e-303	3.99772e+11	4.52392e+09	1.05605e+09	1.08732e+08	1.55678e+08	7.3025e+07	3.99099e+06	451913	99320.3	18031.3	94.2609	0.0945004	0.00236354	0	0	0	0	0	
0	0	0	0	0	0	0	0	0	0	0	0	0	0	0	7.82967e-302	8.26e-302	6.7283e-302	6.91413e-302	7.05062e-302	
5.61844e-302	5.86489e-302	5.63571e-302	5.88557e-302	4.20622e-302	4.51535e-302	3.53607e-302	2.7975e-302	1.27409e-302	7.77149e-303	4.55022e-303	4.53722e-303	1.56532e-303	4.56897e-304	3.14392e-305	2.59368e+09	8.74522e+08	7.59735e+08	3.68119e+08	2.89218e+07	
9.8657e+06	47926.6	8918.39	40.9917	0.134729	0.000983642	0	0	0	0	0	0	0	0	0	0	0	0	0	0	
0	0	0	0	1.04245e-301	1.09156e-301	1.13051e-301	8.69464e-302	6.91983e-302	7.03744e-302	7.20164e-302	7.09206e-302	4.37329e-302	3.50237e-302	3.04515e-302	3.19495e-302	3.38691e-302	3.48379e-302	1.69262e-302	7.85082e-303	
2.67866e-303	2.58783e-303	4.79063e-303	2.17843e-303	9.61123e-303	2.18008e-304	2.24942e-305	2.27736e-305	2.24012e-306	2.69799e+08	1.67314e+07	1.73878e+07	428905	3910.99	7.76742	0.0122912	0.000282126	0	0	0	
0	0	0	0	0	0	0	0	0	0	0	0	0	0	0	0	0	1.61342e-301	1.19324e-301	1.21177e-301	
9.50895e-302	4.70953e-302	3.60786e-302	3.82154e-302	3.83003e-302	2.42694e-302	1.85122e-302	1.91717e-302	1.99307e-302	2.29445e-302	1.13485e-302	1.16143e-302	3.36557e-302	3.41881e-302	9.50458e-303	2.12935e-303	2.21745e-304	1.10805e-304	2.37855e-305	6.06711e-307	
9.18206e-308	1.22642e-308	1.05345e+06	22914.6	386.705	4.35498	0.000543202	2.35928e-05	0	0	0	0	0	0	0	0	0	0	0	0	
0	0	0	0	0	0	0	0	0	0	0	6.29415e-302	5.17003e-302	5.37232e-302	3.5085e-302	4.90521e-302	4.9824e-302	3.10884e-302	2.3187e-302	8.57696e-302	
8.84945e-302	3.15014e-302	3.27249e-302	3.74595e-302	3.58318e-302	1.63083e-302	1.64726e-303	7.71564e-305	3.86901e-305	1.32559e-305	2.16967e-307	1.15362e-308	2.31432e-309	4.03073e-310	2.94333e-312	5.42666e-315	1.01108e-315	1.29129e-318	0	0	
0	0	0	0	0	0	0	0	0	0	0	0	0	0	0	0	0	0	0	0	
0	0	0	0	1.46822e-301	4.95066e-302	1.51362e-301	1.55522e-301	1.59814e-301	1.66196e-301	1.03655e-301	4.79457e-302	6.07445e-302	4.78791e-302	3.8541e-302	2.55077e-302	4.01818e-303	6.68254e-305	1.69256e-305	4.26637e-306	
1.2123e-306	5.85141e-307	3.35199e-309	2.62177e-310	4.68071e-311	0	0	0	0	0	0	0	0	0	0	0	0	0	0	0	
0	0	0	0	0	0	0	0	0	0	0	0	0	0	0	0	0	0	1.24932e-301	1.2833e-301	
1.31853e-301	1.40446e-301	3.95303e-302	3.98376e-302	4.11041e-302	3.16761e-303	3.05931e-303	4.65777e-304	1.0859e-305	5.44202e-306	1.8289e-306	2.89794e-307	3.33557e-308	0	0	0	0	0	0	0	
0	0	0	0	0	0	0	0	0	0	0	0	0	0	0	0	0	0	0	0	
0	0	0	0	0	0	0	0	0	0	0	1.38717e-301	1.02911e-301	1.58734e-302	3.31183e-303	1.15156e-303	9.32695e-304	9.04365e-304	7.75315e-305	4.09227e-306	
6.86192e-307	6.9139e-307	0	0	0	0	0	0	0	0	0	0	0	0	0	0	0	0	0	0	
0	0	0	0	0	0	0	0	0	0	0	0	0	0	0	0	0	0	0	0	
0	0	0	0	0	2.1286e-303	7.45456e-304	4.58051e-304	5.51329e-305	4.20106e-305	0	0	0	0	0	0	0	0	0	0	
0	0	0	0	0	0	0	0	0	0	0	0	0	0	0	0	0	0	0	0	
0	0	0	0	0	0	0	0	0	0	0	0	0	0	0	0	0	0	0	0	
0	0	0	0	0	0	0	0	0	0	0	0	0	0	0	0	0	0	0	0	
0	0	0	0	0	0	0	0	0	0	0	0	0	0	0	0	0	0	0	0	
0	0	0	0	0	0	0	0	0	0	0	0	0	0	0	0	0	0	0	0	
0	0	0	0	0	0	0	0	0	0	0	0	0	0	0	0	0	0	0	0	
0	0	0	0	0	0	0	0	0	0	0	0	0	0	0	0	0	0	0	0	
0	0	0	0	0	0	0	0	0	0	0	0	0	0	0	0	0	0	0	0	
0	0	0	0	0	0	0	0	0	0	0	0	0	0	0	0	0	0	0	0	
0	0	0	0	0	0	0	0	0	0	0	0	0	0	0	0	0	0	0	0	
0	0	0	0	0	0	0	0	0	0	0	0	0	0	0	0	0	0	0	0	
0	0	0	0	0	0	0	0	0	0	0	0	0	0	0	0	0	0.0109021	0.000785973	5.8876e-06	
0	0	0	0	0	0	0	0	0	0	0	0	0	0	0	0	0	0	0	0	
0	0	0	0	0	0	0	0	0	0	0	0	0	0	0	0	0	0	0	0	
0	0	0	0	5371.9	4869.49	107.601	0.140525	0.00177869	0.000203908	0	0	0	0	0	0	0	0	0	0	
0	0	0	0	0	0	0	0	0	0	0	0	0	0	0	0	0	0	0	0	
0	0	0	0	0	0	0	0	0	0	0	0	8.73276e+07	1.5709e+07	615768	48405.4	22211.6	78.9251	0.218428	0.000153029	
7.04549e-05	0	0	0	0	0	0	0	0	0	0	0	0	0	0	0	0	0	0	0	
0	0	0	0	0	0	0	0	0	0	0	0	0	0	0	0	0	0	0	4.42132e+10	
2.28355e+09	1.78335e+08	8.91003e+07	4.23934e+07	5.21728e+06	312206	36660.9	23033.6	650.126	0.194328	0.000260205	7.44016e-05	0	0	0	0	0	0	0	0	
0	0	0	0	0	0	0	0	0	0	0	0	0	0	0	0	0	0	0	0	
0	0	0	0	0	0	1.1143e+12	1.15332e+12	3.8307e+11	1.80886e+11	1.86653e+11	1.81096e+09	6.24002e+08	7.65521e+07	3.5702e+07	8.50338e+06	690700	98994.6	42829.4	177.246	
0.0463659	0.000643396	5.65279e-05	0	0	0	0	0	0	0	0	0	0	0	0	0	0	0	0	0	
0	0	0	0	0	0	0	0	0	0	0	0	0	0	1.37996e-302	1.41801e-302	5.90675e-303	2.9851e+12	1.50727e+12	2.59057e+12	
4.07067e+11	9.28719e+10	1.18546e+09	4.86889e+08	4.94553e+08	4.64785e+07	8.68769e+06	150407	21223.1	9082.05	180.864	0.7619	0.000989223	0.000231844	0	0	0	0	0	0	
0	0	0	0	0	0	0	0	0	0	0	0	0	0	0	0	0	0	0	0	
0	3.44177e-302	3.52615e-302	3.65003e-302	2.96837e-302	2.92379e-302	3.11157e-302	1.44571e-302	1.4237e-302	9.80184e-303	4.68051e-303	1.04708e+12	7.66922e+10	8.13161e+09	8.30489e+08	1.06007e+08	5.06091e+07	1.34447e+06	153202	21646.5	
15248.4	471.073	0.459041	0.00904871	0	0	0	0	0	0	0	0	0	0	0	0	0	0	0	0	
0	0	0	0	0	0	0	0	0	3.30141e-302	5.58888e-302	5.62416e-302	5.86859e-302	6.05649e-302	6.07359e-302	6.61581e-302	5.23406e-302	3.74291e-302	7.69692e-303	7.43878e-303	
7.30269e-303	7.52526e-303	2.16226e-303	1.37847e-304	1.75089e+09	2.91794e+08	1.86862e+08	4.18952e+07	1.14926e+07	2.32471e+06	56916.8	30878.3	827.956	0.705396	0.00621574	0	0	0	0	0	
0	0	0	0	0	0	0	0	0	0	0	0	0	0	0	0	8.19807e-302	6.70252e-302	6.8866e-302	7.02369e-302	
7.05039e-302	4.40057e-302	5.33514e-302	5.25648e-302	6.09398e-302	4.478e-302	3.49327e-302	2.77636e-302	1.26889e-302	1.28369e-302	7.46656e-303	4.68415e-303	1.61597e-303	7.49404e-304	2.36013e-305	1.12086e-305	5.53323e-306	5.36105e-307	3.80023e+08	3.44307e+07	
3.50972e+07	284146	45934.8	173.514	0.667787	0.00709097	0	0	0	0	0	0	0	0	0	0	0	0	0	0	
0	0	0	0	0	0	1.57571e-301	1.20129e-301	1.23133e-301	9.85241e-302	1.00823e-301	9.89001e-302	1.0204e-301	5.04495e-302	3.23366e-302	2.94404e-302	3.12055e-302	3.22098e-302	3.68291e-302	8.07597e-303	
8.29953e-303	2.68273e-303	2.64142e-303	4.86332e-303	2.27985e-303	5.17034e-305	4.82019e-305	1.62669e-305	3.60873e-306	1.09354e-306	3.38418e-308	1.73145e+07	425497	15763.1	71.5474	0.100173	0.000466104	0	0	0	
0	0	0	0	0	0	0	0	0	0	0	0	0	0	0	0	0	0	0	0	
9.69772e-302	6.80487e-302	7.02118e-302	5.49653e-302	5.58009e-302	5.66286e-302	3.45196e-302	2.22847e-302	2.75777e-302	9.52591e-303	7.23913e-303	7.44326e-303	7.70491e-303	2.43195e-302	1.57178e-302	7.96547e-303	2.20646e-304	1.09342e-304	7.13564e-305	3.75771e-306	
2.59044e-307	1.21601e-308	1.24986e-308	2.80064e-310	2.35924e-312	39.3275	0.0595902	3.29244e-05	0	0	0	0	0	0	0	0	0	0	0	0	
0	0	0	0	0	0	0	0	0	0	0	0	0	5.35063e-302	3.49495e-302	3.52275e-302	3.57256e-302	1.21434e-302	2.29104e-302	3.3368e-302	
1.02856e-301	5.77176e-302	4.56279e-302	4.70507e-302	4.61468e-302	2.04677e-302	4.5877e-303	3.84288e-304	3.86901e-305	3.92918e-305	3.1008e-306	1.76217e-308	4.13615e-309	7.20424e-310	4.36905e-311	1.90768e-313	3.21338e-315	0	6.45645e-319	0	
0	0	0	0	0	0	0	0	0	0	0	0	0	0	0	0	0	0	0	0	
0	0	0	0	0	0	0	5.18408e-302	1.59158e-301	1.64858e-301	1.72075e-301	1.05251e-301	4.98025e-302	5.22061e-302	4.95527e-302	4.6764e-302	7.17461e-303	3.59266e-304	5.62277e-305	9.65267e-306	
4.5704e-306	1.04508e-306	2.87431e-308	6.3739e-310	4.66305e-311	0	0	0	0	0	0	0	0	0	0	0	0	0	0	0	
0	0	0	0	0	0	0	0	0	0	0	0	0	0	0	0	0	0	0	0	
1.68859e-301	1.76924e-301	8.43814e-302	5.12198e-302	5.2217e-302	1.42079e-302	4.59429e-303	1.94199e-303	2.35011e-305	5.42049e-306	5.46407e-306	2.89794e-307	7.03645e-308	1.1691e-308	0	0	0	0	0	0	
0	0	0	0	0	0	0	0	0	0	0	0	0	0	0	0	0	0	0	0	
0	0	0	0	0	0	0	0	0	0	0	0	0	0	5.47667e-303	3.44024e-303	1.20582e-303	9.61877e-304	1.99886e-304	3.08977e-306	
6.14293e-307	6.23696e-307	0	0	0	0	0	0	0	0	0	0	0	0	0	0	0	0	0	0	
0	0	0	0	0	0	0	0	0	0	0	0	0	0	0	0	0	0	0	0	
0	0	0	0	0	0	0	6.98789e-304	3.6639e-304	2.50124e-305	1.9615e-306	0	0	0	0	0	0	0	0	0	
0	0	0	0	0	0	0	0	0	0	0	0	0	0	0	0	0	0	0	0	
0	0	0	0	0	0	0	0	0	0	0	0	0	0	0	0	0	0	0	0	
0	0	0	0	0	0	0	0	0	0	0	0	0	0	0	0	0	0	0	0	
0	0	0	0	0	0	0	0	0	0	0	0	0	0	0	0	0	0	0	0	
0	0	0	0	0	0	0	0	0	0	0	0	0	0	0	0	0	0	0	0	
0	0	0	0	0	0	0	0	0	0	0	0	0	0	0	0	0	0	0	0	
0	0	0	0	0	0	0	0	0	0	0	0	0	0	0	0	0	0	0	0	
0	0	0	0	0	0	0	0	0	0	0	0	0	0	0	0	0	0	0	0	
0	0	0	0	0	0	0	0	0	0	0	0	0	0	0	0	0	0	0	0	
0	0	0	0	0	0	0	0	0	0	0	0	0	0	0	0	0	0	0	0	
0	0	0	0	0	0	0	0	0	0	0	0	0	0	0	0	0	0	0	0	
0	0	0	0	0	0	0	0	0	0	0	0	0	0	0	0	0	0	0.00056141	1.20257e-05	
0	0	0	0	0	0	0	0	0	0	0	0	0	0	0	0	0	0	0	0	
0	0	0	0	0	0	0	0	0	0	0	0	0	0	0	0	0	0	0	0	
0	0	0	0	0	0	322.803	0.417904	0.00260681	0.000407452	0	0	0	0	0	0	0	0	0	0	
0	0	0	0	0	0	0	0	0	0	0	0	0	0	0	0	0	0	0	0	
0	0	0	0	0	0	0	0	0	0	0	0	0	4.12305e+07	2.5553e+06	70575.9	44233.4	862.099	0.611	0.000961023	
0.000209441	0	0	0	0	0	0	0	0	0	0	0	0	0	0	0	0	0	0	0	
0	0	0	0	0	0	0	0	0	0	0	0	0	0	0	0	0	0	0	0	
3.73697e+09	5.25046e+08	8.84059e+07	4.18719e+07	2.02274e+07	310823	44396.1	25477.1	900.61	7.90052	0.00140511	7.78026e-05	0	0	0	0	0	0	0	0	
0	0	0	0	0	0	0	0	0	0	0	0	0	0	0	0	0	0	0	0	
0	0	0	0	0	0	0	0	1.91535e+12	6.75827e+11	1.85885e+11	2.15974e+09	9.14524e+08	2.23284e+08	2.1088e+07	1.04379e+07	320496	76091.4	33173.2	221.09	
5.93856	0.00145034	0.000131898	0	0	0	0	0	0	0	0	0	0	0	0	0	0	0	0	0	
0	0	0	0	0	0	0	0	0	0	0	0	0	0	0	1.41245e-302	6.52697e-303	6.20793e-303	6.30783e-303	2.01489e+12	
9.41363e+11	2.19989e+11	3.73596e+09	6.31152e+08	6.41088e+08	3.0125e+08	8.85911e+07	715958	21018.9	10440.2	260.425	2.06983	0.00194592	0.000176261	0	0	0	0	0	0	
0	0	0	0	0	0	0	0	0	0	0	0	0	0	0	0	0	0	0	0	
0	0	0	2.83892e-302	2.29077e-302	2.2652e-302	1.42861e-302	6.63522e-303	1.10181e-302	7.53178e-303	7.4094e-303	2.12082e-303	3.19821e-304	8.13161e+09	9.94359e+08	8.50049e+08	8.43485e+07	2.06361e+07	2.2683e+06	98087.1	
17794.4	1500.38	15.5146	0.0183488	8.07542e-05	0	0	0	0	0	0	0	0	0	0	0	0	0	0	0	
0	0	0	0	0	0	0	0	0	0	1.97356e-302	2.37285e-302	2.47598e-302	3.60555e-302	5.96948e-302	6.40032e-302	5.21305e-302	5.43894e-302	1.2726e-302	7.37747e-303	
7.30269e-303	7.52526e-303	3.43568e-303	2.18365e-304	3.53281e-306	1.77147e-306	1.84419e+08	4.17312e+07	1.01341e+07	1.15791e+07	915259	27339.7	1373.06	7.79995	0.0279351	0	0	0	0	0	
0	0	0	0	0	0	0	0	0	0	0	0	0	0	0	0	0	7.07168e-302	5.76201e-302	5.87511e-302	
9.87087e-302	1.01396e-301	6.19185e-302	6.15935e-302	7.59293e-302	8.20369e-302	4.25779e-302	3.24582e-302	1.2783e-302	1.28369e-302	1.23948e-302	7.73704e-303	4.82259e-303	7.39812e-304	7.53824e-305	1.11592e-305	5.51157e-306	8.66958e-307	2.58675e-307	6.42718e-308	
3.62475e+07	2.42725e+06	86208	853.493	3.34452	0.0155961	0	0	0	0	0	0	0	0	0	0	0	0	0	0	
0	0	0	0	0	0	0	0	0	9.67623e-302	1.00438e-301	1.03562e-301	1.0204e-301	1.03451e-301	7.54521e-302	3.42276e-302	3.6136e-302	4.47405e-302	4.59933e-302	1.00903e-302	
1.04613e-302	3.59608e-303	3.77287e-303	2.80093e-303	2.35444e-303	5.35995e-305	2.65668e-305	5.03673e-305	8.01658e-306	8.06613e-307	6.57725e-308	2.57354e-308	2.37488e-309	119845	354.809	0.839293	0.000466104	0	0	0	
0	0	0	0	0	0	0	0	0	0	0	0	0	0	0	0	0	0	0	0	
0	0	6.99465e-302	5.49653e-302	5.58054e-302	5.79236e-302	5.93311e-302	2.30116e-302	2.38383e-302	2.46879e-302	4.58338e-303	3.58621e-303	1.11364e-302	1.09177e-302	3.30235e-302	1.48199e-302	3.67743e-304	1.53079e-304	1.57212e-304	5.21165e-306	
3.08946e-307	9.57413e-308	1.23499e-308	2.80064e-310	1.39636e-311	8.03087e-314	1.12278e-315	0.000884317	0	0	0	0	0	0	0	0	0	0	0	0	
0	0	0	0	0	0	0	0	0	0	0	0	0	0	0	0	3.68884e-302	3.76125e-302	1.25733e-302	2.37373e-302	
2.44895e-302	1.14039e-302	2.68682e-302	4.70507e-302	4.61468e-302	2.02897e-302	1.01632e-302	4.84529e-304	8.06645e-305	8.25628e-305	3.8461e-306	7.36849e-308	2.11615e-308	3.0133e-309	1.29804e-310	1.11813e-312	6.27762e-315	0	0	0	
0	0	0	0	0	0	0	0	0	0	0	0	0	0	0	0	0	0	0	0	
0	0	0	0	0	0	0	0	0	1.63542e-301	1.70053e-301	1.75419e-301	4.91846e-302	5.15217e-302	4.09748e-302	3.91402e-302	2.12718e-302	1.58991e-303	5.5761e-305	2.86275e-305	
9.79872e-306	2.19757e-306	1.08369e-307	6.3539e-309	2.18629e-310	8.9502e-312	0	0	0	0	0	0	0	0	0	0	0	0	0	0	
0	0	0	0	0	0	0	0	0	0	0	0	0	0	0	0	0	0	0	0	
0	0	0	8.53663e-302	5.19986e-302	5.4444e-302	1.46498e-302	2.08163e-303	3.51542e-305	9.68931e-306	6.97125e-306	1.10505e-306	1.79779e-307	4.34746e-308	0	0	0	0	0	0	
0	0	0	0	0	0	0	0	0	0	0	0	0	0	0	0	0	0	0	0	
0	0	0	0	0	0	0	0	0	0	0	0	0	0	0	0	3.53628e-303	1.22237e-303	5.24801e-304	2.00511e-305	
5.14147e-307	6.23696e-307	1.00577e-307	0	0	0	0	0	0	0	0	0	0	0	0	0	0	0	0	0	
0	0	0	0	0	0	0	0	0	0	0	0	0	0	0	0	0	0	0	0	
0	0	0	0	0	0	0	0	0	0	1.35939e-306	0	0	0	0	0	0	0	0	0	
0	0	0	0	0	0	0	0	0	0	0	0	0	0	0	0	0	0	0	0	
0	0	0	0	0	0	0	0	0	0	0	0	0	0	0	0	0	0	0	0	
0	0	0	0	0	0	0	0	0	0	0	0	0	0	0	0	0	0	0	0	
0	0	0	0	0	0	0	0	0	0	0	0	0	0	0	0	0	0	0	0	
0	0	0	0	0	0	0	0	0	0	0	0	0	0	0	0	0	0	0	0	
0	0	0	0	0	0	0	0	0	0	0	0	0	0	0	0	0	0	0	0	
0	0	0	0	0	0	0	0	0	0	0	0	0	0	0	0	0	0	0	0	
0	0	0	0	0	0	0	0	0	0	0	0	0	0	0	0	0	0	0	0	
0	0	0	0	0	0	0	0	0	0	0	0	0	0	0	0	0	0	0	0	
0	0	0	0	0	0	0	0	0	0	0	0	0	0	0	0	0	0	0	0	
0	0	0	0	0	0	0	0	0	0	0	0	0	0	0	0	0	0	0	0	
0	0	0	0	0	0	0	0	0	0	0	0	0	0	0	0	0	0	0	0	
0	0	0	0	0	0	0	0	0	0	0	0	0	0	0	0	0	0	0	0	
0	0	0	0	0	0	0	0	0	0	0	0	0	0	0	0	0	0	0	0	
0	0	0	0	0	0	0	6.74421	0.00431234	0.000291037	3.38554e-05	0	0	0	0	0	0	0	0	0	
0	0	0	0	0	0	0	0	0	0	0	0	0	0	0	0	0	0	0	0	
0	0	0	0	0	0	0	0	0	0	0	0	0	0	1.82521e+06	235931	48742.4	4525.59	14.8055	0.00280791	
0.000227606	0	0	0	0	0	0	0	0	0	0	0	0	0	0	0	0	0	0	0	
0	0	0	0	0	0	0	0	0	0	0	0	0	0	0	0	0	0	0	0	
0	0	4.37332e+08	8.95052e+07	4.19594e+07	615476	121405	37040.6	2216.76	56.9134	0.00410461	0.000232494	0	0	0	0	0	0	0	0	
0	0	0	0	0	0	0	0	0	0	0	0	0	0	0	0	0	0	0	0	
0	0	0	0	0	0	0	0	0	6.70653e+11	3.08499e+11	3.1304e+10	1.5123e+09	7.49444e+08	1.74955e+08	1.7159e+07	526839	206993	38147.3	2230.69	
5.69204	0.00145034	0.000250298	0	0	0	0	0	0	0	0	0	0	0	0	0	0	0	0	0	
0	0	0	0	0	0	0	0	0	0	0	0	0	0	0	0	0	6.18407e-303	6.21158e-303	6.48125e-303	
4.27421e-303	6.55903e-304	3.68555e+09	9.20986e+08	3.83166e+08	1.8075e+08	8.78749e+07	8.28688e+06	74475.3	13359.1	375.268	7.46227	0.00917284	0.000226238	0	0	0	0	0	0	
0	0	0	0	0	0	0	0	0	0	0	0	0	0	0	0	0	0	0	0	
0	0	0	0	2.93894e-302	2.36224e-302	2.36239e-302	1.09183e-302	6.53196e-303	6.59006e-303	4.63689e-303	1.57268e-303	7.40163e-304	1.29151e-305	6.37514e-306	6.5853e+08	6.51099e+07	3.20163e+07	2.9277e+06	227962	
18507.6	495.038	15.3567	0.0266769	0.000925738	0	0	0	0	0	0	0	0	0	0	0	0	0	0	0	
0	0	0	0	0	0	0	0	0	0	0	2.76873e-302	3.42573e-302	3.53476e-302	3.67565e-302	3.73404e-302	3.97802e-302	3.50892e-302	1.3339e-302	1.021e-302	
5.63707e-303	5.85298e-303	2.67219e-303	7.63491e-304	3.16552e-305	1.76486e-306	6.06374e-307	1.7569e-307	2.05046e-308	3.85972e+06	1.51905e+06	174056	533.517	2.58015	0.0277961	0.000927481	0	0	0	0	
0	0	0	0	0	0	0	0	0	0	0	0	0	0	0	0	0	0	0	4.56953e-302	
4.60641e-302	4.71339e-302	4.84197e-302	4.68916e-302	4.89946e-302	6.23335e-302	5.81766e-302	4.52513e-302	3.58178e-302	1.62478e-302	1.66859e-302	1.73002e-302	1.12092e-302	1.02759e-303	1.04984e-304	1.76329e-305	1.82909e-306	5.61933e-306	2.58675e-307	6.37855e-308	
2.45775e-308	4.91902e-309	143119	1688.68	27.2498	0.046544	0	0	0	0	0	0	0	0	0	0	0	0	0	0	
0	0	0	0	0	0	0	0	0	0	0	1.03046e-301	1.0121e-301	1.03617e-301	1.07914e-301	7.66076e-302	3.57096e-302	3.75727e-302	4.57929e-302	2.11785e-302	
1.03642e-302	1.07319e-302	3.47476e-303	3.53164e-303	1.63069e-303	2.4657e-304	7.59268e-305	3.73327e-305	3.69603e-306	1.82617e-306	2.76245e-307	3.54854e-308	1.75053e-309	1.79581e-310	1.60154e-312	1.21917e-314	0.00430822	0	0	0	
0	0	0	0	0	0	0	0	0	0	0	0	0	0	0	0	0	0	0	0	
0	0	0	0	5.58054e-302	5.74674e-302	5.97521e-302	6.07042e-302	2.34348e-302	2.45857e-302	3.77327e-303	3.57073e-303	3.71214e-303	1.09177e-302	1.09661e-302	5.08217e-303	3.44661e-304	1.70134e-304	1.05246e-304	4.9656e-305	
9.47843e-307	1.86745e-307	5.37717e-308	3.64414e-309	3.82562e-311	1.17388e-313	1.57215e-315	7.10211e-318	0	0	0	0	0	0	0	0	0	0	0	0	
0	0	0	0	0	0	0	0	0	0	0	0	0	0	0	0	0	0	1.30846e-302	1.34503e-302	
4.23127e-302	1.17734e-302	1.20593e-302	2.89355e-302	3.61884e-302	3.34163e-302	7.49689e-303	4.79927e-304	7.96466e-305	8.25628e-305	3.98553e-305	1.97358e-306	1.89762e-308	2.71365e-309	3.5206e-310	6.61786e-312	4.13672e-314	8.26427e-317	0	0	
0	0	0	0	0	0	0	0	0	0	0	0	0	0	0	0	0	0	0	0	
0	0	0	0	0	0	0	0	0	0	0	1.24798e-301	8.16683e-302	5.11089e-302	5.2535e-302	4.13895e-302	1.77375e-302	3.58208e-303	1.67283e-304	2.8271e-305	
9.76212e-306	2.25639e-306	5.39611e-307	6.06702e-308	1.23081e-309	1.12922e-311	0	0	0	0	0	0	0	0	0	0	0	0	0	0	
0	0	0	0	0	0	0	0	0	0	0	0	0	0	0	0	0	0	0	0	
0	0	0	0	0	6.99995e-302	1.88355e-302	2.63402e-303	1.04624e-304	1.65551e-305	9.95132e-306	9.95699e-306	7.5266e-307	4.34746e-308	1.52049e-308	0	0	0	0	0	
0	0	0	0	0	0	0	0	0	0	0	0	0	0	0	0	0	0	0	0	
0	0	0	0	0	0	0	0	0	0	0	0	0	0	0	0	0	0	9.62752e-304	3.27578e-305	
2.54975e-306	8.62926e-307	4.00917e-307	0	0	0	0	0	0	0	0	0	0	0	0	0	0	0	0	0	
0	0	0	0	0	0	0	0	0	0	0	0	0	0	0	0	0	0	0	0	
0	0	0	0	0	0	0	0	0	0	0	0	0	0	0	0	0	0	0	0	
0	0	0	0	0	0	0	0	0	0	0	0	0	0	0	0	0	0	0	0	
0	0	0	0	0	0	0	0	0	0	0	0	0	0	0	0	0	0	0	0	
0	0	0	0	0	0	0	0	0	0	0	0	0	0	0	0	0	0	0	0	
0	0	0	0	0	0	0	0	0	0	0	0	0	0	0	0	0	0	0	0	
0	0	0	0	0	0	0	0	0	0	0	0	0	0	0	0	0	0	0	0	
0	0	0	0	0	0	0	0	0	0	0	0	0	0	0	0	0	0	0	0	
0	0	0	0	0	0	0	0	0	0	0	0	0	0	0	0	0	0	0	0	
0	0	0	0	0	0	0	0	0	0	0	0	0	0	0	0	0	0	0	0	
0	0	0	0	0	0	0	0	0	0	0	0	0	0	0	0	0	0	0	0	
0	0	0	0	0	0	0	0	0	0	0	0	0	0	0	0	0	0	0	0	
0	0	0	0	0	0	0	0	0	0	0	0	0	0	0	0	0	0	0	0	
0	0	0	0	0	0	0	0	0	0	0	0	0	0	0	0	0	0	0	0	
0	0	0	0	0	0	0	0	0	0	0	0	0	0	0	0	0	0	0	0	
0	0	0	0	0	0	0	0	0	0	0	0	0	0	0	0	0	0	0	0	
0	0	0	0	0	0	0	0	0.0247986	0.000626967	6.39613e-05	0	0	0	0	0	0	0	0	0	
0	0	0	0	0	0	0	0	0	0	0	0	0	0	0	0	0	0	0	0	
0	0	0	0	0	0	0	0	0	0	0	0	0	0	0	0	50618.2	6382.66	38.7991	0.0115318	
0.000986349	3.43925e-05	0	0	0	0	0	0	0	0	0	0	0	0	0	0	0	0	0	0	
0	0	0	0	0	0	0	0	0	0	0	0	0	0	0	0	0	0	0	0	
0	0	0	3.19661e+08	4.9703e+07	4.53416e+06	372176	51110	5320.92	93.9267	0.0143206	0.00116247	0	0	0	0	0	0	0	0	
0	0	0	0	0	0	0	0	0	0	0	0	0	0	0	0	0	0	0	0	
0	0	0	0	0	0	0	0	0	0	0	3.11874e+10	1.79562e+09	7.49444e+08	2.37732e+08	8.54536e+07	1.58052e+06	534875	74443.6	6132.82	
13.6614	0.00531437	0.000247803	0	0	0	0	0	0	0	0	0	0	0	0	0	0	0	0	0	
0	0	0	0	0	0	0	0	0	0	0	0	0	0	0	0	0	0	6.16466e-303	6.45384e-303	
6.75973e-303	1.95113e-303	6.64745e-305	7.59102e-306	3.81258e+08	1.8075e+08	8.78749e+07	8.25318e+06	1.68335e+06	8368.74	1288.89	7.40553	0.00917284	0.000225386	0	0	0	0	0	0	
0	0	0	0	0	0	0	0	0	0	0	0	0	0	0	0	0	0	0	0	
0	0	0	0	0	2.98991e-302	3.29437e-302	1.52856e-302	1.60748e-302	9.1916e-303	9.43989e-303	3.49342e-303	1.59665e-303	2.31448e-305	3.82508e-306	1.28955e-306	6.32028e-307	6.53789e-308	2.91565e+06	987789	
43019.4	448.823	3.96471	0.061061	0.00263952	0	0	0	0	0	0	0	0	0	0	0	0	0	0	0	
0	0	0	0	0	0	0	0	0	0	0	0	0	2.947e-302	3.64644e-302	3.66105e-302	3.92827e-302	3.1471e-302	1.47724e-302	1.04892e-302	
7.29321e-303	8.16358e-303	3.74107e-303	1.69774e-303	8.7821e-305	1.906e-306	1.98082e-306	1.90482e-307	3.33121e-308	6.07545e-309	2.06392e-309	223580	3144.43	18.1021	0.027651	0.00309134	0	0	0	0	
0	0	0	0	0	0	0	0	0	0	0	0	0	0	0	0	0	0	0	0	
4.60641e-302	4.65968e-302	4.86061e-302	4.90962e-302	2.89064e-302	3.11469e-302	3.30516e-302	4.72218e-302	3.61836e-302	1.25856e-302	1.28782e-302	1.24396e-302	1.25413e-302	3.58359e-303	1.62437e-304	2.43943e-305	1.21889e-305	2.58686e-306	1.63042e-307	8.85802e-308	
3.41454e-308	5.96869e-309	1.35349e-310	8.04618e-312	9.04622e-314	0.13792	0	0	0	0	0	0	0	0	0	0	0	0	0	0	
0	0	0	0	0	0	0	0	0	0	0	0	0	8.05913e-302	8.36158e-302	5.95481e-302	4.60987e-302	2.89883e-302	3.81831e-302	3.92392e-302	
1.66216e-302	1.06892e-302	3.41609e-303	3.48496e-303	1.60937e-303	1.65301e-304	1.13953e-304	3.37517e-305	1.59889e-305	1.63729e-306	3.73106e-307	3.54854e-308	1.91081e-308	4.31898e-310	2.33197e-312	5.18822e-314	4.3904e-317	0	0	0	
0	0	0	0	0	0	0	0	0	0	0	0	0	0	0	0	0	0	0	0	
0	0	0	0	0	0	0	6.07073e-302	6.19053e-302	2.43595e-302	1.12182e-302	3.87995e-303	3.09461e-303	3.8705e-303	1.09209e-302	5.06201e-303	2.49486e-304	1.69484e-304	1.74053e-304	8.276e-305	
8.14178e-306	1.20143e-307	3.42802e-308	6.09197e-309	2.8328e-311	1.2119e-313	3.99978e-315	2.25976e-317	0	0	0	0	0	0	0	0	0	0	0	0	
0	0	0	0	0	0	0	0	0	0	0	0	0	0	0	0	0	0	0	0	
1.79835e-302	2.52288e-302	1.53727e-302	9.56987e-303	1.00584e-302	2.79685e-302	1.53683e-302	3.53986e-304	1.76123e-304	6.0349e-305	2.93977e-305	1.02298e-305	3.3811e-307	7.41477e-309	9.52555e-310	6.15475e-312	3.8618e-314	6.43064e-316	0	0	
0	0	0	0	0	0	0	0	0	0	0	0	0	0	0	0	0	0	0	0	
0	0	0	0	0	0	0	0	0	0	0	0	0	0	4.97979e-302	3.94048e-302	5.28641e-302	3.94962e-303	1.85892e-304	1.11755e-304	
2.92864e-305	2.24793e-306	5.37565e-307	1.8201e-307	3.27185e-309	2.51453e-310	5.94714e-313	0	0	0	0	0	0	0	0	0	0	0	0	0	
0	0	0	0	0	0	0	0	0	0	0	0	0	0	0	0	0	0	0	0	
0	0	0	0	0	0	0	8.11076e-303	2.91373e-304	2.12851e-305	1.07087e-305	1.06706e-305	9.67706e-307	7.80045e-308	2.72814e-308	0	0	0	0	0	
0	0	0	0	0	0	0	0	0	0	0	0	0	0	0	0	0	0	0	0	
0	0	0	0	0	0	0	0	0	0	0	0	0	0	0	0	0	0	0	0	
0	1.20424e-306	4.00917e-307	3.39211e-308	0	0	0	0	0	0	0	0	0	0	0	0	0	0	0	0	
0	0	0	0	0	0	0	0	0	0	0	0	0	0	0	0	0	0	0	0	
0	0	0	0	0	0	0	0	0	0	0	0	0	0	0	0	0	0	0	0	
0	0	0	0	0	0	0	0	0	0	0	0	0	0	0	0	0	0	0	0	
0	0	0	0	0	0	0	0	0	0	0	0	0	0	0	0	0	0	0	0	
0	0	0	0	0	0	0	0	0	0	0	0	0	0	0	0	0	0	0	0	
0	0	0	0	0	0	0	0	0	0	0	0	0	0	0	0	0	0	0	0	
0	0	0	0	0	0	0	0	0	0	0	0	0	0	0	0	0	0	0	0	
0	0	0	0	0	0	0	0	0	0	0	0	0	0	0	0	0	0	0	0	
0	0	0	0	0	0	0	0	0	0	0	0	0	0	0	0	0	0	0	0	
0	0	0	0	0	0	0	0	0	0	0	0	0	0	0	0	0	0	0	0	
0	0	0	0	0	0	0	0	0	0	0	0	0	0	0	0	0	0	0	0	
0	0	0	0	0	0	0	0	0	0	0	0	0	0	0	0	0	0	0	0	
0	0	0	0	0	0	0	0	0	0	0	0	0	0	0	0	0	0	0	0	
0	0	0	0	0	0	0	0	0	0	0	0	0	0	0	0	0	0	0	0	
0	0	0	0	0	0	0	0	0	0	0	0	0	0	0	0	0	0	0	0	
0	0	0	0	0	0	0	0	0	0	0	0	0	0	0	0	0	0	0	0	
0	0	0	0	0	0	0	0	0	0	0.000213647	0	0	0	0	0	0	0	0	0	
0	0	0	0	0	0	0	0	0	0	0	0	0	0	0	0	0	0	0	0	
0	0	0	0	0	0	0	0	0	0	0	0	0	0	0	0	0	15297.4	93.8017	0.0191345	
0.00164392	0.000171251	0	0	0	0	0	0	0	0	0	0	0	0	0	0	0	0	0	0	
0	0	0	0	0	0	0	0	0	0	0	0	0	0	0	0	0	0	0	0	
0	0	0	0	0	8.99947e+06	731199	52923.6	8898.46	66.5809	0.0373289	0.00081809	0	0	0	0	0	0	0	0	
0	0	0	0	0	0	0	0	0	0	0	0	0	0	0	0	0	0	0	0	
0	0	0	0	0	0	0	0	0	0	0	0	3.53746e-306	5.32863e+08	5.33398e+08	6.05276e+07	5.62364e+06	380596	54738.5	4337.07	
135.361	0.0253306	0.000247803	0	0	0	0	0	0	0	0	0	0	0	0	0	0	0	0	0	
0	0	0	0	0	0	0	0	0	0	0	0	0	0	0	0	0	0	0	6.42794e-303	
6.73288e-303	1.94218e-303	6.64745e-305	7.55739e-306	9.24792e-307	3.67262e-307	1.78551e-307	8.25318e+06	2.79392e+06	40264.2	1502.44	23.3363	0.0235799	0.000494542	0	0	0	0	0	0	
0	0	0	0	0	0	0	0	0	0	0	0	0	0	0	0	0	0	0	0	
0	0	0	0	0	0	0	1.38194e-302	1.44751e-302	1.40363e-302	1.57332e-302	6.66483e-303	2.22417e-303	5.08236e-305	1.08896e-305	5.41609e-306	5.30903e-307	8.80755e-308	5.00128e-309	1.68707e-309	
100379	7749.48	11.7166	0.11471	0.0111564	0	0	0	0	0	0	0	0	0	0	0	0	0	0	0	
0	0	0	0	0	0	0	0	0	0	0	0	0	0	3.02839e-302	3.02963e-302	3.91165e-302	4.09983e-302	1.45456e-302	1.49431e-302	
7.30818e-303	7.38051e-303	7.49284e-303	2.07588e-303	4.72602e-305	4.35189e-305	1.97317e-306	2.56212e-307	4.66369e-308	8.50563e-309	8.66845e-309	2.1134e-310	2.86792e-311	3.18141e-313	0.252667	0.00327876	0	0	0	0	
0	0	0	0	0	0	0	0	0	0	0	0	0	0	0	0	0	0	0	0	
0	0	4.82284e-302	4.89021e-302	4.81773e-302	5.14597e-302	3.25036e-302	3.44434e-302	1.80241e-302	7.55137e-303	7.72689e-303	1.23904e-302	1.25413e-302	5.7472e-303	2.68667e-304	2.8589e-305	8.57092e-306	8.67021e-306	8.4901e-307	2.28453e-308	
2.64188e-308	2.70733e-308	6.65017e-310	5.40917e-312	6.53137e-313	1.09437e-315	4.84235e-317	0	0	0	0	0	0	0	0	0	0	0	0	0	
0	0	0	0	0	0	0	0	0	0	0	0	0	0	0	0	4.81395e-302	6.16277e-302	3.80304e-302	3.02694e-302	
1.4105e-302	1.10721e-302	8.47438e-303	2.6893e-303	1.24633e-303	1.27896e-304	2.93889e-305	4.37522e-305	3.42712e-305	2.60142e-306	1.12439e-307	3.20816e-308	1.72752e-308	3.87367e-310	4.46867e-312	4.17027e-313	2.26622e-316	0	0	0	
0	0	0	0	0	0	0	0	0	0	0	0	0	0	0	0	0	0	0	0	
0	0	0	0	0	0	0	0	0	6.486e-302	1.11735e-302	4.92016e-303	3.92483e-303	4.12625e-303	3.91737e-303	6.48322e-303	2.49486e-304	5.62787e-305	5.80176e-305	8.276e-305	
1.35169e-305	6.76643e-307	4.61225e-308	1.81134e-308	7.78416e-311	2.34784e-313	1.39963e-314	4.90691e-317	0	0	0	0	0	0	0	0	0	0	0	0	
0	0	0	0	0	0	0	0	0	0	0	0	0	0	0	0	0	0	0	0	
0	0	0	1.60326e-302	1.28809e-302	1.22516e-302	1.65379e-302	3.80927e-304	2.2556e-304	7.69374e-305	3.73209e-305	9.30988e-306	1.53958e-306	1.4017e-308	9.48625e-310	1.20459e-311	1.11266e-313	3.389e-315	3.87388e-318	0	
0	0	0	0	0	0	0	0	0	0	0	0	0	0	0	0	0	0	0	0	
0	0	0	0	0	0	0	0	0	0	0	0	0	0	0	0	3.76181e-302	8.31601e-303	1.31565e-304	6.62951e-305	
3.2527e-305	6.18504e-306	1.49662e-306	2.41677e-307	4.69929e-308	1.52508e-309	2.55371e-312	0	0	0	0	0	0	0	0	0	0	0	0	0	
0	0	0	0	0	0	0	0	0	0	0	0	0	0	0	0	0	0	0	0	
0	0	0	0	0	0	0	0	0	0	1.10588e-305	1.10619e-305	8.39647e-307	1.95863e-307	2.7174e-308	4.55797e-309	0	0	0	0	
0	0	0	0	0	0	0	0	0	0	0	0	0	0	0	0	0	0	0	0	
0	0	0	0	0	0	0	0	0	0	0	0	0	0	0	0	0	0	0	0	
0	0	0	9.37004e-308	0	0	0	0	0	0	0	0	0	0	0	0	0	0	0	0	
0	0	0	0	0	0	0	0	0	0	0	0	0	0	0	0	0	0	0	0	
0	0	0	0	0	0	0	0	0	0	0	0	0	0	0	0	0	0	0	0	
0	0	0	0	0	0	0	0	0	0	0	0	0	0	0	0	0	0	0	0	
0	0	0	0	0	0	0	0	0	0	0	0	0	0	0	0	0	0	0	0	
0	0	0	0	0	0	0	0	0	0	0	0	0	0	0	0	0	0	0	0	
0	0	0	0	0	0	0	0	0	0	0	0	0	0	0	0	0	0	0	0	
0	0	0	0	0	0	0	0	0	0	0	0	0	0	0	0	0	0	0	0	
0	0	0	0	0	0	0	0	0	0	0	0	0	0	0	0	0	0	0	0	
0	0	0	0	0	0	0	0	0	0	0	0	0	0	0	0	0	0	0	0	
0	0	0	0	0	0	0	0	0	0	0	0	0	0	0	0	0	0	0	0	
0	0	0	0	0	0	0	0	0	0	0	0	0	0	0	0	0	0	0	0	
0	0	0	0	0	0	0	0	0	0	0	0	0	0	0	0	0	0	0	0	
0	0	0	0	0	0	0	0	0	0	0	0	0	0	0	0	0	0	0	0	
0	0	0	0	0	0	0	0	0	0	0	0	0	0	0	0	0	0	0	0	
0	0	0	0	0	0	0	0	0	0	0	0	0	0	0	0	0	0	0	0	
0	0	0	0	0	0	0	0	0	0	0	0	0	0	0	0	0	0	0	0	
0	0	0	0	0	0	0	0	0	0	0	0	0	0	0	0	0	0	0	0	
0	0	0	0	0	0	0	0	0	0	0	0	0	0	0	0	0	0	0	0	
0	0	0	0	0	0	0	0	0	0	0	0	0	0	0	0	0	0	0	0.8438	
0.00162734	0.000425927	0	0	0	0	0	0	0	0	0	0	0	0	0	0	0	0	0	0	
0	0	0	0	0	0	0	0	0	0	0	0	0	0	0	0	0	0	0	0	
0	0	0	0	0	0	728456	76823.8	22425.9	667.968	1.91359	0.000814937	0.000189526	0	0	0	0	0	0	0	
0	0	0	0	0	0	0	0	0	0	0	0	0	0	0	0	0	0	0	0	
0	0	0	0	0	0	0	0	0	0	0	0	0	1.82398e-306	1.51793e-306	7.14191e-307	1.16946e+07	1.13753e+06	164216	10685.1	
678.082	0.385066	0.00304478	0	0	0	0	0	0	0	0	0	0	0	0	0	0	0	0	0	
0	0	0	0	0	0	0	0	0	0	0	0	0	0	0	0	0	0	0	0	
0	3.07369e-303	1.97634e-304	1.49879e-305	3.73057e-306	7.90421e-307	1.78551e-307	1.66368e-308	5.6769e-309	201321	7198.87	66.5549	0.165714	0.00209051	0	0	0	0	0	0	
0	0	0	0	0	0	0	0	0	0	0	0	0	0	0	0	0	0	0	0	
0	0	0	0	0	0	0	0	1.02147e-302	9.94918e-303	1.00361e-302	1.0513e-302	1.42456e-303	1.43945e-304	2.30295e-305	3.84937e-306	7.17057e-307	2.62129e-307	7.99074e-309	5.0612e-309	
1.21513e-310	2.30427e-311	2.98746e-313	0.0955836	0.00520633	0	0	0	0	0	0	0	0	0	0	0	0	0	0	0	
0	0	0	0	0	0	0	0	0	0	0	0	0	0	0	2.14737e-302	2.31904e-302	2.43098e-302	1.0301e-302	1.49431e-302	
9.8865e-303	7.28873e-303	7.45552e-303	3.44693e-303	7.87671e-305	2.36067e-305	5.10742e-306	4.99214e-307	5.02453e-308	8.50563e-309	8.66845e-309	2.10502e-310	2.32204e-311	1.58586e-312	5.13289e-316	2.0015e-317	0	0	0	0	
0	0	0	0	0	0	0	0	0	0	0	0	0	0	0	0	0	0	0	0	
0	0	0	0	0	6.51279e-302	6.90926e-302	4.39412e-302	3.08087e-302	1.06567e-302	8.283e-303	1.01639e-302	7.49378e-303	3.42074e-303	1.74036e-303	2.8589e-305	1.41646e-305	8.67021e-306	8.45268e-307	5.80477e-308	
7.92824e-309	2.42535e-308	1.63653e-309	5.38803e-312	5.60708e-313	8.12869e-315	6.19821e-317	0	0	0	0	0	0	0	0	0	0	0	0	0	
0	0	0	0	0	0	0	0	0	0	0	0	0	0	0	0	0	0	3.7723e-302	2.31701e-302	
1.78398e-302	1.40709e-302	1.45157e-302	2.97041e-303	1.59044e-303	3.60454e-304	3.76401e-305	1.85835e-305	5.63842e-305	1.00638e-305	4.9687e-307	3.34368e-308	4.41027e-309	8.11817e-310	1.53071e-311	2.92089e-313	4.53889e-315	7.10211e-318	0	0	
0	0	0	0	0	0	0	0	0	0	0	0	0	0	0	0	0	0	0	0	
0	0	0	0	0	0	0	0	0	0	0	0	3.97769e-303	3.14768e-303	3.11098e-303	1.3942e-303	2.08813e-304	1.14406e-304	5.80176e-305	5.91467e-305	
1.34664e-305	4.31653e-306	9.33614e-308	2.32886e-308	8.24728e-310	7.42694e-313	1.39272e-314	1.32358e-316	0	0	0	0	0	0	0	0	0	0	0	0	
0	0	0	0	0	0	0	0	0	0	0	0	0	0	0	0	0	0	0	0	
0	0	0	0	0	1.22516e-302	5.48995e-303	8.27506e-304	1.88788e-304	6.43945e-305	3.65783e-305	9.27266e-306	4.59586e-306	5.88041e-307	9.34235e-309	3.0507e-311	1.02183e-313	3.24954e-315	5.03604e-317	0	
0	0	0	0	0	0	0	0	0	0	0	0	0	0	0	0	0	0	0	0	
0	0	0	0	0	0	0	0	0	0	0	0	0	0	0	0	0	0	0	6.59665e-305	
6.90711e-305	1.09188e-305	1.09332e-306	5.15743e-307	4.69929e-308	4.41094e-309	8.21557e-311	2.38876e-314	0	0	0	0	0	0	0	0	0	0	0	0	
0	0	0	0	0	0	0	0	0	0	0	0	0	0	0	0	0	0	0	0	
0	0	0	0	0	0	0	0	0	0	0	0	8.39647e-307	2.03046e-307	2.04582e-307	5.5201e-309	0	0	0	0	
0	0	0	0	0	0	0	0	0	0	0	0	0	0	0	0	0	0	0	0	
0	0	0	0	0	0	0	0	0	0	0	0	0	0	0	0	0	0	0	0	
0	0	0	0	0	0	0	0	0	0	0	0	0	0	0	0	0	0	0	0	
0	0	0	0	0	0	0	0	0	0	0	0	0	0	0	0	0	0	0	0	
0	0	0	0	0	0	0	0	0	0	0	0	0	0	0	0	0	0	0	0	
0	0	0	0	0	0	0	0	0	0	0	0	0	0	0	0	0	0	0	0	
0	0	0	0	0	0	0	0	0	0	0	0	0	0	0	0	0	0	0	0	
0	0	0	0	0	0	0	0	0	0	0	0	0	0	0	0	0	0	0	0	
0	0	0	0	0	0	0	0	0	0	0	0	0	0	0	0	0	0	0	0	
0	0	0	0	0	0	0	0	0	0	0	0	0	0	0	0	0	0	0	0	
0	0	0	0	0	0	0	0	0	0	0	0	0	0	0	0	0	0	0	0	
0	0	0	0	0	0	0	0	0	0	0	0	0	0	0	0	0	0	0	0	
0	0	0	0	0	0	0	0	0	0	0	0	0	0	0	0	0	0	0	0	
0	0	0	0	0	0	0	0	0	0	0	0	0	0	0	0	0	0	0	0	
0	0	0	0	0	0	0	0	0	0	0	0	0	0	0	0	0	0	0	0	
0	0	0	0	0	0	0	0	0	0	0	0	0	0	0	0	0	0	0	0	
0	0	0	0	0	0	0	0	0	0	0	0	0	0	0	0	0	0	0	0	
0	0	0	0	0	0	0	0	0	0	0	0	0	0	0	0	0	0	0	0	
0	0	0	0	0	0	0	0	0	0	0	0	0	0	0	0	0	0	0	0	
0	0	0	0	0	0	0	0	0	0	0	0	0	0	0	0	0	0	0	0	
0	0	0	0	0	0	0	0	0	0	0	0	0	0	0	0	0	0	0	0	
0	0	0	0	0	0	0	0	0	0	0	0	0	0	0	0	0	0	0	0	
0.00281407	0.000804019	0	0	0	0	0	0	0	0	0	0	0	0	0	0	0	0	0	0	
0	0	0	0	0	0	0	0	0	0	0	0	0	0	0	0	0	0	0	0	
0	0	0	0	0	0	0	144802	36267	662.011	14.4685	0.0178158	0.000436237	0	0	0	0	0	0	0	
0	0	0	0	0	0	0	0	0	0	0	0	0	0	0	0	0	0	0	0	
0	0	0	0	0	0	0	0	0	0	0	0	0	0	0	7.10916e-307	8.81013e-308	1.61882e-308	631481	113700	
1050.89	10.7433	0.00608742	9.07681e-05	0	0	0	0	0	0	0	0	0	0	0	0	0	0	0	0	
0	0	0	0	0	0	0	0	0	0	0	0	0	0	0	0	0	0	0	0	
0	0	2.82769e-304	4.45601e-305	7.42927e-306	7.86919e-307	1.78551e-307	4.35152e-308	1.69614e-308	2.19265e-309	6.47549e-311	318.944	1.10016	0.00396708	0	0	0	0	0	0	
0	0	0	0	0	0	0	0	0	0	0	0	0	0	0	0	0	0	0	0	
0	0	0	0	0	0	0	0	0	9.87105e-303	9.92129e-303	1.0386e-302	4.69045e-303	1.43307e-304	3.32082e-305	3.45159e-306	1.64188e-306	1.68432e-307	1.50989e-308	5.77393e-309	
2.38403e-310	4.18731e-311	8.20256e-313	2.84343e-315	1.35586e-317	0	0	0	0	0	0	0	0	0	0	0	0	0	0	0	
0	0	0	0	0	0	0	0	0	0	0	0	0	0	0	0	0	3.08642e-302	1.44477e-302	1.36064e-302	
1.42063e-302	6.61163e-303	6.8469e-303	3.13792e-303	1.2208e-304	2.7996e-305	1.73836e-305	5.6935e-307	4.82839e-308	1.21569e-308	4.70218e-309	3.13704e-310	6.06754e-311	5.24573e-313	1.30233e-314	2.0015e-317	0	0	0	0	
0	0	0	0	0	0	0	0	0	0	0	0	0	0	0	0	0	0	0	0	
0	0	0	0	0	0	0	5.19084e-302	3.21246e-302	7.51363e-303	5.86294e-303	6.02279e-303	9.88934e-303	9.82225e-303	4.58753e-303	3.51033e-305	1.0927e-305	1.10132e-305	5.20015e-306	2.65875e-307	
2.68619e-308	8.08451e-309	1.62406e-309	5.61268e-311	5.02299e-313	7.10663e-315	9.29731e-317	0	0	0	0	0	0	0	0	0	0	0	0	0	
0	0	0	0	0	0	0	0	0	0	0	0	0	0	0	0	0	0	0	0	
0	1.09652e-302	8.67337e-303	8.50447e-303	1.31603e-303	8.05593e-304	3.74928e-305	1.85835e-305	1.8653e-305	8.90139e-306	3.16556e-306	1.12632e-307	5.67035e-309	7.35443e-310	1.96805e-311	2.11478e-312	5.836e-315	2.38889e-317	0	0	
0	0	0	0	0	0	0	0	0	0	0	0	0	0	0	0	0	0	0	0	
0	0	0	0	0	0	0	0	0	0	0	0	0	0	3.30893e-303	1.37253e-303	3.0642e-304	9.52547e-305	5.77145e-305	5.86974e-305	
1.34127e-305	3.3573e-306	1.14064e-306	4.00886e-308	1.92436e-309	1.73295e-312	3.72951e-314	1.31712e-316	1.29129e-318	0	0	0	0	0	0	0	0	0	0	0	
0	0	0	0	0	0	0	0	0	0	0	0	0	0	0	0	0	0	0	0	
0	0	0	0	0	0	0	0	4.87555e-305	4.9693e-305	2.36306e-305	1.42644e-305	3.56081e-306	4.66677e-306	9.26086e-309	3.25527e-310	2.53776e-313	1.69243e-314	3.61562e-317	0	
0	0	0	0	0	0	0	0	0	0	0	0	0	0	0	0	0	0	0	0	
0	0	0	0	0	0	0	0	0	0	0	0	0	0	0	0	0	0	0	0	
0	3.25939e-305	2.69924e-306	4.31663e-307	1.73283e-307	2.83561e-308	5.86827e-311	2.34925e-313	0	0	0	0	0	0	0	0	0	0	0	0	
0	0	0	0	0	0	0	0	0	0	0	0	0	0	0	0	0	0	0	0	
0	0	0	0	0	0	0	0	0	0	0	0	0	0	0	3.66663e-308	2.30924e-309	0	0	0	
0	0	0	0	0	0	0	0	0	0	0	0	0	0	0	0	0	0	0	0	
0	0	0	0	0	0	0	0	0	0	0	0	0	0	0	0	0	0	0	0	
0	0	0	0	0	0	0	0	0	0	0	0	0	0	0	0	0	0	0	0	
0	0	0	0	0	0	0	0	0	0	0	0	0	0	0	0	0	0	0	0	
0	0	0	0	0	0	0	0	0	0	0	0	0	0	0	0	0	0	0	0	
0	0	0	0	0	0	0	0	0	0	0	0	0	0	0	0	0	0	0	0	
0	0	0	0	0	0	0	0	0	0	0	0	0	0	0	0	0	0	0	0	
0	0	0	0	0	0	0	0	0	0	0	0	0	0	0	0	0	0	0	0	
0	0	0	0	0	0	0	0	0	0	0	0	0	0	0	0	0	0	0	0	
0	0	0	0	0	0	0	0	0	0	0	0	0	0	0	0	0	0	0	0	
0	0	0	0	0	0	0	0	0	0	0	0	0	0	0	0	0	0	0	0	
0	0	0	0	0	0	0	0	0	0	0	0	0	0	0	0	0	0	0	0	
0	0	0	0	0	0	0	0	0	0	0	0	0	0	0	0	0	0	0	0	
0	0	0	0	0	0	0	0	0	0	0	0	0	0	0	0	0	0	0	0	
0	0	0	0	0	0	0	0	0	0	0	0	0	0	0	0	0	0	0	0	
0	0	0	0	0	0	0	0	0	0	0	0	0	0	0	0	0	0	0	0	
0	0	0	0	0	0	0	0	0	0	0	0	0	0	0	0	0	0	0	0	
0	0	0	0	0	0	0	0	0	0	0	0	0	0	0	0	0	0	0	0	
0	0	0	0	0	0	0	0	0	0	0	0	0	0	0	0	0	0	0	0	
0	0	0	0	0	0	0	0	0	0	0	0	0	0	0	0	0	0	0	0	
0	0	0	0	0	0	0	0	0	0	0	0	0	0	0	0	0	0	0	0	
0	0	0	0	0	0	0	0	0	0	0	0	0	0	0	0	0	0	0	0	
0	0.0002231	0	0	0	0	0	0	0	0	0	0	0	0	0	0	0	0	0	0	
0	0	0	0	0	0	0	0	0	0	0	0	0	0	0	0	0	0	0	0	
0	0	0	0	0	0	0	0	0	612.189	12.0897	0.0148303	0.000363486	0	0	0	0	0	0	0	
0	0	0	0	0	0	0	0	0	0	0	0	0	0	0	0	0	0	0	0	
0	0	0	0	0	0	0	0	0	0	0	0	0	0	0	0	2.07099e-307	1.61032e-308	2.14068e-309	2.42413e-310	
3152.66	10.7012	0.00606416	0.00062677	0	0	0	0	0	0	0	0	0	0	0	0	0	0	0	0	
0	0	0	0	0	0	0	0	0	0	0	0	0	0	0	0	0	0	0	0	
0	0	0	6.46374e-305	6.63111e-306	1.14617e-306	3.34552e-307	9.05339e-308	1.68912e-308	2.18353e-309	4.10643e-310	1.25386e-312	2.26531e-314	8.3934e-318	0.000188799	0	0	0	0	0	
0	0	0	0	0	0	0	0	0	0	0	0	0	0	0	0	0	0	0	0	
0	0	0	0	0	0	0	0	0	0	0	1.32495e-302	6.07051e-303	3.07087e-304	7.11605e-305	2.11552e-305	4.52281e-306	2.257e-307	4.07478e-308	5.19965e-309	
3.45666e-310	3.76931e-311	8.20256e-313	1.29304e-314	4.00301e-317	0	0	0	0	0	0	0	0	0	0	0	0	0	0	0	
0	0	0	0	0	0	0	0	0	0	0	0	0	0	0	0	0	0	1.44477e-302	1.13417e-302	
1.17917e-302	9.14876e-303	6.82133e-303	3.12578e-303	1.5696e-304	7.25227e-305	3.7099e-305	3.50268e-306	2.20237e-307	1.11164e-308	4.31832e-309	2.86989e-310	5e-311	2.60334e-313	1.43805e-314	6.3919e-317	0	0	0	0	
0	0	0	0	0	0	0	0	0	0	0	0	0	0	0	0	0	0	0	0	
0	0	0	0	0	0	0	0	0	1.49066e-302	7.60738e-303	6.02279e-303	5.88277e-303	5.87211e-303	3.26413e-303	7.49083e-305	7.80501e-306	7.86661e-306	3.69966e-306	6.04216e-307	
1.54803e-308	4.43609e-309	4.16053e-310	7.18811e-311	6.71689e-313	9.10039e-315	1.18153e-316	0	0	0	0	0	0	0	0	0	0	0	0	0	
0	0	0	0	0	0	0	0	0	0	0	0	0	0	0	0	0	0	0	0	
0	0	0	6.461e-303	1.25915e-303	4.04556e-304	1.88283e-305	1.11059e-305	1.8653e-305	8.90139e-306	2.20406e-306	1.07547e-306	2.46823e-308	2.1948e-309	3.8664e-311	2.11478e-312	1.49861e-314	2.38889e-316	0	0	
0	0	0	0	0	0	0	0	0	0	0	0	0	0	0	0	0	0	0	0	
0	0	0	0	0	0	0	0	0	0	0	0	0	0	0	0	6.93288e-304	3.17516e-305	4.79191e-305	4.86822e-305	
1.32413e-305	1.10625e-306	1.14064e-306	6.39405e-308	3.19263e-309	5.16932e-311	3.68522e-314	3.31217e-316	3.87388e-318	0	0	0	0	0	0	0	0	0	0	0	
0	0	0	0	0	0	0	0	0	0	0	0	0	0	0	0	0	0	0	0	
0	0	0	0	0	0	0	0	0	0	5.06593e-305	1.18886e-305	2.95455e-306	3.62971e-306	1.92873e-307	2.52143e-310	8.32776e-313	2.19391e-314	6.97298e-317	0	
0	0	0	0	0	0	0	0	0	0	0	0	0	0	0	0	0	0	0	0	
0	0	0	0	0	0	0	0	0	0	0	0	0	0	0	0	0	0	0	0	
0	0	0	3.44948e-307	1.1693e-307	2.28218e-308	1.19505e-310	8.04032e-313	1.20762e-314	0	0	0	0	0	0	0	0	0	0	0	
0	0	0	0	0	0	0	0	0	0	0	0	0	0	0	0	0	0	0	0	
0	0	0	0	0	0	0	0	0	0	0	0	0	0	0	0	0	0	0	0	
0	0	0	0	0	0	0	0	0	0	0	0	0	0	0	0	0	0	0	0	
0	0	0	0	0	0	0	0	0	0	0	0	0	0	0	0	0	0	0	0	
0	0	0	0	0	0	0	0	0	0	0	0	0	0	0	0	0	0	0	0	
0	0	0	0	0	0	0	0	0	0	0	0	0	0	0	0	0	0	0	0	
0	0	0	0	0	0	0	0	0	0	0	0	0	0	0	0	0	0	0	0	
0	0	0	0	0	0	0	0	0	0	0	0	0	0	0	0	0	0	0	0	
0	0	0	0	0	0	0	0	0	0	0	0	0	0	0	0	0	0	0	0	
0	0	0	0	0	0	0	0	0	0	0	0	0	0	0	0	0	0	0	0	
0	0	0	0	0	0	0	0	0	0	0	0	0	0	0	0	0	0	0	0	
0	0	0	0	0	0	0	0	0	0	0	0	0	0	0	0	0	0	0	0	
0	0	0	0	0	0	0	0	0	0	0	0	0	0	0	0	0	0	0	0	
0	0	0	0	0	0	0	0	0	0	0	0	0	0	0	0	0	0	0	0	
0	0	0	0	0	0	0	0	0	0	0	0	0	0	0	0	0	0	0	0	
0	0	0	0	0	0	0	0	0	0	0	0	0	0	0	0	0	0	0	0	
0	0	0	0	0	0	0	0	0	0	0	0	0	0	0	0	0	0	0	0	
0	0	0	0	0	0	0	0	0	0	0	0	0	0	0	0	0	0	0	0	
0	0	0	0	0	0	0	0	0	0	0	0	0	0	0	0	0	0	0	0	
0	0	0	0	0	0	0	0	0	0	0	0	0	0	0	0	0	0	0	0	
0	0	0	0	0	0	0	0	0	0	0	0	0	0	0	0	0	0	0	0	
0	0	0	0	0	0	0	0	0	0	0	0	0	0	0	0	0	0	0	0	
0	0	0	0	0	0	0	0	0	0	0	0	0	0	0	0	0	0	0	0	
0	0	0	0	0	0	0	0	0	0	0	0	0	0	0	0	0	0	0	0	
0	0	0	0	0	0	0	0	0	0	0	0	0	0	0	0	0	0	0	0	
0	0	0	0	0	0	0	0	0	0	0	0	0	0	0	0	0	0	0	0	
0	0	0	0	0	0	0	0	0	0	7.93804	0.0071198	0.00107933	0	0	0	0	0	0	0	
0	0	0	0	0	0	0	0	0	0	0	0	0	0	0	0	0	0	0	0	
0	0	0	0	0	0	0	0	0	0	0	0	0	0	0	0	0	4.69845e-309	3.29446e-309	2.4114e-310	
4.48441e-312	3.91707e-314	1.34294e-316	0.000671617	0	0	0	0	0	0	0	0	0	0	0	0	0	0	0	0	
0	0	0	0	0	0	0	0	0	0	0	0	0	0	0	0	0	0	0	0	
0	0	0	0	0	5.20982e-306	3.4521e-307	6.31412e-308	1.17358e-308	3.95925e-309	3.71253e-310	2.46332e-312	4.17604e-314	7.16667e-317	6.45645e-319	0	0	0	0	0	
0	0	0	0	0	0	0	0	0	0	0	0	0	0	0	0	0	0	0	0	
0	0	0	0	0	0	0	0	0	0	0	0	3.62318e-303	1.33948e-303	7.05635e-305	3.52586e-305	2.14784e-305	3.46007e-307	5.2172e-308	6.62633e-309	
1.1494e-309	4.84626e-311	9.53454e-313	1.75203e-314	7.81232e-317	0	0	0	0	0	0	0	0	0	0	0	0	0	0	0	
0	0	0	0	0	0	0	0	0	0	0	0	0	0	0	0	0	0	0	1.47654e-302	
1.16536e-302	1.12966e-302	5.66204e-303	3.12578e-303	3.15678e-304	7.25227e-305	3.67766e-305	1.74262e-305	9.38929e-307	1.50142e-308	4.267e-309	2.23866e-309	5e-311	5.18765e-313	1.84158e-314	2.71171e-317	0	0	0	0	
0	0	0	0	0	0	0	0	0	0	0	0	0	0	0	0	0	0	0	0	
0	0	0	0	0	0	0	0	0	0	0	0	6.23331e-303	5.81881e-303	2.6964e-303	1.35647e-304	1.25173e-305	7.83421e-306	3.68369e-306	1.79894e-306	
1.47814e-307	5.99154e-309	2.32688e-309	3.08062e-311	2.86776e-313	1.93584e-314	2.60841e-316	0	0	0	0	0	0	0	0	0	0	0	0	0	
0	0	0	0	0	0	0	0	0	0	0	0	0	0	0	0	0	0	0	0	
0	0	0	0	0	5.92372e-304	1.33907e-305	6.6395e-306	6.69088e-306	3.7855e-306	9.37002e-307	4.60916e-307	8.36734e-308	6.81942e-309	3.80137e-311	6.95612e-313	2.31445e-314	7.75421e-316	0	0	
0	0	0	0	0	0	0	0	0	0	0	0	0	0	0	0	0	0	0	0	
0	0	0	0	0	0	0	0	0	0	0	0	0	0	0	0	0	0	0	5.04634e-305	
2.3809e-305	9.51149e-307	1.13468e-306	1.89568e-307	6.4944e-308	1.97956e-310	3.48884e-312	3.29925e-316	2.90541e-317	0	0	0	0	0	0	0	0	0	0	0	
0	0	0	0	0	0	0	0	0	0	0	0	0	0	0	0	0	0	0	0	
0	0	0	0	0	0	0	0	0	0	0	0	3.05116e-306	3.12267e-306	6.14748e-307	2.03744e-309	4.29021e-312	2.25402e-314	2.09189e-316	0	
0	0	0	0	0	0	0	0	0	0	0	0	0	0	0	0	0	0	0	0	
0	0	0	0	0	0	0	0	0	0	0	0	0	0	0	0	0	0	0	0	
0	0	0	0	0	0	6.97403e-310	5.42558e-313	1.54606e-314	0	0	0	0	0	0	0	0	0	0	0	
0	0	0	0	0	0	0	0	0	0	0	0	0	0	0	0	0	0	0	0	
0	0	0	0	0	0	0	0	0	0	0	0	0	0	0	0	0	0	0	0	
0	0	0	0	0	0	0	0	0	0	0	0	0	0	0	0	0	0	0	0	
0	0	0	0	0	0	0	0	0	0	0	0	0	0	0	0	0	0	0	0	
0	0	0	0	0	0	0	0	0	0	0	0	0	0	0	0	0	0	0	0	
0	0	0	0	0	0	0	0	0	0	0	0	0	0	0	0	0	0	0	0	
0	0	0	0	0	0	0	0	0	0	0	0	0	0	0	0	0	0	0	0	
0	0	0	0	0	0	0	0	0	0	0	0	0	0	0	0	0	0	0	0	
0	0	0	0	0	0	0	0	0	0	0	0	0	0	0	0	0	0	0	0	
0	0	0	0	0	0	0	0	0	0	0	0	0	0	0	0	0	0	0	0	
0	0	0	0	0	0	0	0	0	0	0	0	0	0	0	0	0	0	0	0	
0	0	0	0	0	0	0	0	0	0	0	0	0	0	0	0	0	0	0	0	
0	0	0	0	0	0	0	0	0	0	0	0	0	0	0	0	0	0	0	0	
0	0	0	0	0	0	0	0	0	0	0	0	0	0	0	0	0	0	0	0	
0	0	0	0	0	0	0	0	0	0	0	0	0	0	0	0	0	0	0	0	
0	0	0	0	0	0	0	0	0	0	0	0	0	0	0	0	0	0	0	0	
0	0	0	0	0	0	0	0	0	0	0	0	0	0	0	0	0	0	0	
