#x	y	misses

-148.165	-3065.02	307
-147.574	-3058.02	5731
-147.012	-3050.52	46009
-146.385	-3043.52	67753
-145.758	-3036.51	91297
-145.104	-3030.03	80839
-144.452	-3023.53	66312
-143.804	-3016.95	55010
-143.165	-3009.93	64579
-142.499	-3003.11	66348
-141.798	-2997	26796
-141.174	-2990.01	36599
-140.591	-2983.14	69546
-139.957	-2977.09	51546
-139.312	-2970.66	29140
-138.699	-2963.55	41170
-138.075	-2956.51	56706
-137.396	-2950.05	36610
-136.701	-2943.91	5729
-136.017	-2937.57	0
-135.382	-2931.03	0
-134.768	-2924.1	0
-134.143	-2917.43	0
-133.513	-2910.96	0
-132.902	-2904.14	0
-132.242	-2897.18	0
-131.547	-2890.59	42
-130.856	-2883.91	2241
-130.204	-2877.14	5566
-129.568	-2870.61	12227
-128.961	-2863.56	6655
-128.338	-2856.48	3961
-127.734	-2849	116
-127.157	-2841.07	0
-126.566	-2833.47	0
-125.914	-2827	0
-125.312	-2819.43	0
-124.753	-2811.01	18266
-124.159	-2802.73	71398
-123.502	-2795.1	83617
-122.847	-2787.42	90043
-122.206	-2779.65	107337
-121.583	-2771.69	141655
-120.928	-2764.41	142201
-120.26	-2757.41	119613
-119.622	-2749.77	124261
-119.001	-2741.75	159257
-118.331	-2734.65	137942
-117.034	-2719.48	146655
-116.384	-2711.66	149831
-108.522	-2618.97	146574
-107.842	-2611.56	125954
-107.16	-2604.63	78471
-106.49	-2597.86	24081
-105.845	-2590.58	6608
-105.177	-2583.23	0
-104.476	-2576.2	0
-103.777	-2569.1	0
-103.087	-2561.95	2958
-102.426	-2554.55	17816
-101.734	-2547.84	80075
-101.094	-2540.16	88976
-100.457	-2532.93	117686
-99.8554	-2524.98	97479
-99.2383	-2517.39	107771
-98.6241	-2509.76	109185
-98.0283	-2501.78	92413
-97.4005	-2494.47	120621
-96.8067	-2486.49	91022
-96.2484	-2477.78	30869
-95.6765	-2469.31	4275
-95.1	-2460.8	0
-94.4914	-2452.55	0
-93.8767	-2444.42	0
-93.2673	-2436	0
-92.6508	-2427.66	0
-92.0594	-2418.7	0
-91.4198	-2410.48	0
-90.7877	-2402.09	0
-90.1518	-2393.63	0
-89.4911	-2385.54	0
-88.8454	-2377.1	0
-88.2031	-2368.73	0
-87.5592	-2360.51	0
-86.9373	-2351.79	0
-86.2915	-2343.41	0
-85.6447	-2335.01	0
-84.9791	-2327.06	0
-84.3551	-2318.05	0
-83.7257	-2309.18	0
-83.0674	-2300.97	0
-82.4201	-2292.39	369
-81.7654	-2283.99	4425
-81.1019	-2275.63	18600
-80.4583	-2266.35	8634
-79.7973	-2257.53	24284
-79.122	-2249.17	68456
-78.4638	-2240.54	86341
-77.8393	-2231.06	64635
-77.18	-2222.66	107589
-76.5693	-2213.26	81095
-75.9293	-2204.57	109469
-75.2937	-2195.92	128068
-74.6859	-2186.66	97642
-74.0887	-2176.99	54376
-73.4643	-2167.46	39303
-72.8382	-2157.97	24683
-72.2555	-2147.85	0
-71.6784	-2137.89	0
-71.0885	-2127.58	0
-70.4136	-2117.53	0
-69.7495	-2107.15	0
-69.1345	-2096.09	0
-68.5355	-2086.22	0
-67.9803	-2075.27	0
-67.3435	-2065.16	128
-66.69	-2055.45	0
-66.052	-2045.16	0
-65.3979	-2034.48	921
-64.7387	-2023.96	3641
-64.0906	-2013.22	16521
-63.4317	-2003.15	12365
-62.7881	-1992.63	25219
-62.1338	-1982.5	20733
-61.4829	-1972.39	16944
-60.823	-1962.54	3374
-60.1785	-1952.4	399
-59.547	-1942.05	1430
-58.8812	-1932.66	0
-58.2079	-1923.29	0
-57.5258	-1914.06	0
-56.8778	-1903.84	0
-56.1729	-1895.33	326
-55.5344	-1884.95	1190
-54.8758	-1875.15	42683
-54.2212	-1865.04	82146
-53.5667	-1854.82	128312
-52.9258	-1844.2	142805
-52.3444	-1833.18	104299
-51.7414	-1823.01	122355
-51.1441	-1812.32	95015
-50.556	-1800.7	22040
-49.9845	-1788.61	0
-49.3264	-1777.82	75
-48.6997	-1765.98	0
-48.0812	-1754.08	0
-47.4902	-1742.12	0
-46.8654	-1731.15	0
-46.2318	-1719.15	0
-45.579	-1707.07	0
-44.9127	-1695.46	0
-44.2597	-1684.22	0
-43.637	-1672.3	0
-43.0162	-1660.35	0
-42.4174	-1648.35	0
-41.7969	-1637	0
-41.1605	-1624.82	0
-40.4996	-1611.92	0
-39.8221	-1599.65	1913
-39.207	-1585.86	0
-38.5651	-1573.71	1585
-37.9235	-1561.55	25152
-37.3028	-1549.07	30921
-36.7127	-1535.69	1548
-36.0928	-1523.09	5743
-35.4623	-1510.25	2897
-34.8551	-1496.6	0
-34.1737	-1483.4	81
-33.4849	-1468.78	0
-32.8211	-1452.98	0
-32.1559	-1439.16	0
-31.5901	-1424.08	0
-31.0156	-1409.34	0
-30.4925	-1393.98	0
-29.9439	-1379.44	0
-29.3109	-1362.98	0
-28.6572	-1346.66	0
-27.9941	-1330.78	0
-27.3466	-1313.97	0
-26.6626	-1298.89	0
-25.973	-1284.08	0
-25.3068	-1269.02	0
-24.6199	-1254.96	0
-23.9669	-1239.38	0
-23.2888	-1224.23	0
-22.5981	-1209.59	32567
-21.935	-1193.65	94185
-21.3422	-1177.14	51397
-20.8007	-1159.14	0
-20.223	-1141.59	0
-19.6528	-1122.85	0
-19.0939	-1102.62	0
-18.4473	-1083.44	0
-17.7931	-1064.67	0
-17.1112	-1047.55	0
-16.4611	-1029.01	0
-15.8438	-1008.73	0
-15.2161	-988.651	0
-14.593	-968.071	0
-13.9975	-945.981	0
-13.3631	-924.831	0
-12.7314	-903.521	0
-12.1208	-880.781	0
-11.5021	-858.071	0
-10.8856	-835.231	0
-10.269	-809.901	0
-9.66517	-782.631	0
-9.041	-756.431	0
-8.41165	-727.921	0
-7.79282	-698.601	0
-7.16873	-666.161	0
-6.4866	-635.071	0
-5.83002	-601.481	0
-5.16349	-569.631	0
-4.53408	-535.121	0
-3.92444	-498.771	0
-3.37231	-454.191	0
-2.85238	-405.781	0
-2.49344	-349.461	0
-2.20655	-289.581	0
-2.0883	-200.401	0
-1.81445	-14.9312	0
50.8589	1803.66	104540
51.4849	1814.19	83064
52.1107	1824.73	65041
52.7536	1835.42	38064
53.3971	1846.38	29270
54.0461	1857.17	20141
54.7157	1867.15	0
55.3379	1878.53	2924
55.9932	1888.91	3
56.6178	1900.19	3718
57.2415	1911.5	22739
57.8432	1923.2	88282
58.4485	1934.39	126056
71.6151	2137.31	89551
72.2774	2146.19	53597
72.944	2154.9	20693
73.6026	2163.52	1576
74.2581	2172.22	0
74.9092	2180.95	0
75.5642	2189.36	0
76.1938	2198.39	0
76.8136	2207.4	0
77.4263	2216.3	0
78.0151	2225.75	0
78.624	2235.3	0
79.2217	2245.15	8839
79.8763	2253.59	777
80.4964	2262.85	3314
81.1254	2271.89	4469
81.7476	2281.69	29172
82.4025	2290.91	39252
83.0814	2299.49	15153
83.7092	2308.97	38135
84.351	2317.97	53398
85.0094	2326.55	42454
85.6731	2335.38	40739
86.3631	2343.53	8662
87.0223	2352.49	7687
87.6662	2361.27	15624
88.3302	2369.52	5912
88.9882	2377.9	1711
89.623	2386.35	922
90.2207	2395.66	28697
90.8934	2403.42	6394
91.5629	2411.65	893
92.2456	2419.55	0
92.9048	2427.86	0
93.5693	2435.59	0
94.2225	2443.58	0
94.8468	2452.21	0
95.5092	2459.93	0
96.1769	2467.53	481
96.8214	2475.61	638
97.4699	2483.55	1451
98.1074	2491.74	1813
98.7753	2499.01	16230
99.4131	2506.82	16819
100.043	2514.79	13743
100.679	2523.06	9965
101.359	2530.38	39464
102.033	2537.82	65427
102.71	2545.37	94022
103.374	2553.23	103822
104.023	2561.45	96230
104.634	2569.51	81408
105.245	2577.52	66115
105.865	2585.38	59623
106.483	2593.39	42512
107.078	2601.89	12329
107.698	2609.56	11094
108.297	2617.56	3084
108.915	2625.37	1058
109.556	2633.36	405
110.189	2641.52	88
110.842	2649.04	316
111.468	2656.9	10
112.112	2664.35	156
112.762	2672.37	0
113.39	2681.23	0
114.065	2688.96	0
114.701	2697.3	0
115.344	2705.41	1857
116.013	2712.93	1349
116.659	2720.52	2566
117.322	2727.75	565
117.986	2734.94	0
118.633	2742.75	0
119.29	2750.34	20
119.952	2757.84	44
120.643	2764.76	11
121.365	2771.01	7292
122.033	2778.46	8209
122.725	2784.96	43541
123.4	2791.76	65320
124.066	2798.77	84652
124.764	2804.99	141875
125.428	2811.89	159714
