#n_l	theta_0	probability

1.4501	-0.000131699	0
1.45111	-0.000131699	7.22458e-38
1.45212	-0.000131699	2.64811e-22
1.45313	-0.000131699	2.8515e-29
1.45414	-0.000131699	2.66209e-20
1.45514	-0.000131699	1.40227e-24
1.45615	-0.000131699	1.50153e-19
1.45716	-0.000131699	1.00471e-19
1.45817	-0.000131699	2.14496e-19
1.45918	-0.000131699	9.824e-18
1.46018	-0.000131699	1.81988e-18
1.46119	-0.000131699	1.72423e-17
1.4622	-0.000131699	2.5141e-17
1.46321	-0.000131699	8.62172e-18
1.46422	-0.000131699	8.85415e-17
1.46522	-0.000131699	1.39467e-17
1.46623	-0.000131699	1.00786e-15
1.46724	-0.000131699	6.06911e-19
1.46825	-0.000131699	1.93702e-16
1.46926	-0.000131699	1.06663e-18
1.47026	-0.000131699	3.33768e-16
1.47127	-0.000131699	8.24893e-17
1.47228	-0.000131699	6.76604e-18
1.47329	-0.000131699	9.93149e-17
1.4743	-0.000131699	8.40202e-19
1.4753	-0.000131699	1.44287e-16
1.47631	-0.000131699	8.95656e-18
1.47732	-0.000131699	2.86881e-18
1.47833	-0.000131699	1.28438e-17
1.47934	-0.000131699	2.68694e-20
1.48034	-0.000131699	1.39768e-19
1.48135	-0.000131699	4.437e-20
1.48236	-0.000131699	5.50817e-20
1.48337	-0.000131699	3.11144e-19
1.48438	-0.000131699	2.41045e-22
1.48538	-0.000131699	2.3097e-21
1.48639	-0.000131699	3.54519e-23
1.4874	-0.000131699	1.72475e-22
1.48841	-0.000131699	1.14653e-22
1.48942	-0.000131699	3.59551e-25
1.49042	-0.000131699	1.20181e-24
1.49143	-0.000131699	2.5312e-25
1.49244	-0.000131699	3.32241e-26
1.49345	-0.000131699	8.2789e-26
1.49446	-0.000131699	9.11055e-29
1.49546	-0.000131699	1.82567e-28
1.49647	-0.000131699	5.3354e-31
1.49748	-0.000131699	3.63242e-30
1.49849	-0.000131699	1.16253e-33
1.4995	-0.000131699	3.93237e-36
1.4501	-0.000126996	0
1.45111	-0.000126996	7.68974e-30
1.45212	-0.000126996	1.68404e-19
1.45313	-0.000126996	6.20524e-24
1.45414	-0.000126996	1.85584e-16
1.45514	-0.000126996	3.40814e-20
1.45615	-0.000126996	8.77478e-15
1.45716	-0.000126996	4.09603e-16
1.45817	-0.000126996	1.23519e-13
1.45918	-0.000126996	5.52691e-15
1.46018	-0.000126996	4.01425e-13
1.46119	-0.000126996	1.15924e-14
1.4622	-0.000126996	7.20172e-14
1.46321	-0.000126996	3.00403e-14
1.46422	-0.000126996	1.13305e-13
1.46522	-0.000126996	4.62901e-15
1.46623	-0.000126996	6.80401e-13
1.46724	-0.000126996	1.7371e-15
1.46825	-0.000126996	1.98684e-12
1.46926	-0.000126996	2.26265e-14
1.47026	-0.000126996	5.23135e-14
1.47127	-0.000126996	5.25581e-14
1.47228	-0.000126996	2.33452e-14
1.47329	-0.000126996	9.09437e-14
1.4743	-0.000126996	5.21464e-15
1.4753	-0.000126996	1.08704e-13
1.47631	-0.000126996	1.30506e-15
1.47732	-0.000126996	1.38836e-14
1.47833	-0.000126996	1.60536e-14
1.47934	-0.000126996	1.69458e-16
1.48034	-0.000126996	1.07002e-14
1.48135	-0.000126996	1.79611e-16
1.48236	-0.000126996	4.99807e-17
1.48337	-0.000126996	4.60684e-16
1.48438	-0.000126996	6.9522e-17
1.48538	-0.000126996	1.41788e-16
1.48639	-0.000126996	1.43478e-17
1.4874	-0.000126996	2.68189e-19
1.48841	-0.000126996	1.72444e-18
1.48942	-0.000126996	8.63574e-19
1.49042	-0.000126996	1.2956e-20
1.49143	-0.000126996	5.35771e-20
1.49244	-0.000126996	1.09321e-20
1.49345	-0.000126996	3.66044e-23
1.49446	-0.000126996	1.42938e-22
1.49546	-0.000126996	2.775e-25
1.49647	-0.000126996	2.48527e-25
1.49748	-0.000126996	1.88229e-24
1.49849	-0.000126996	1.85542e-32
1.4995	-0.000126996	9.31836e-32
1.4501	-0.000122294	0
1.45111	-0.000122294	1.17642e-25
1.45212	-0.000122294	1.33701e-16
1.45313	-0.000122294	2.94115e-19
1.45414	-0.000122294	2.83635e-13
1.45514	-0.000122294	1.01914e-14
1.45615	-0.000122294	1.6751e-11
1.45716	-0.000122294	4.2749e-11
1.45817	-0.000122294	5.21312e-11
1.45918	-0.000122294	1.84951e-10
1.46018	-0.000122294	4.15083e-10
1.46119	-0.000122294	3.56191e-10
1.4622	-0.000122294	1.37014e-09
1.46321	-0.000122294	3.64364e-10
1.46422	-0.000122294	5.50468e-10
1.46522	-0.000122294	1.67776e-10
1.46623	-0.000122294	7.31499e-09
1.46724	-0.000122294	1.72013e-10
1.46825	-0.000122294	3.40372e-09
1.46926	-0.000122294	4.50489e-10
1.47026	-0.000122294	3.61044e-09
1.47127	-0.000122294	9.17094e-10
1.47228	-0.000122294	1.91629e-10
1.47329	-0.000122294	8.21111e-10
1.4743	-0.000122294	7.9427e-11
1.4753	-0.000122294	3.06324e-10
1.47631	-0.000122294	1.61677e-10
1.47732	-0.000122294	1.29272e-11
1.47833	-0.000122294	4.98054e-11
1.47934	-0.000122294	6.57686e-12
1.48034	-0.000122294	5.54837e-12
1.48135	-0.000122294	5.27391e-12
1.48236	-0.000122294	1.65917e-13
1.48337	-0.000122294	1.90633e-12
1.48438	-0.000122294	2.31521e-13
1.48538	-0.000122294	5.83418e-14
1.48639	-0.000122294	9.05927e-14
1.4874	-0.000122294	4.58438e-15
1.48841	-0.000122294	4.82133e-15
1.48942	-0.000122294	1.60843e-15
1.49042	-0.000122294	3.32774e-17
1.49143	-0.000122294	2.46169e-16
1.49244	-0.000122294	6.19981e-18
1.49345	-0.000122294	2.02122e-19
1.49446	-0.000122294	1.26434e-18
1.49546	-0.000122294	4.01531e-19
1.49647	-0.000122294	1.63691e-20
1.49748	-0.000122294	1.03117e-20
1.49849	-0.000122294	3.68951e-27
1.4995	-0.000122294	1.26849e-25
1.4501	-0.000117591	0
1.45111	-0.000117591	3.2507e-21
1.45212	-0.000117591	7.75779e-13
1.45313	-0.000117591	2.02235e-15
1.45414	-0.000117591	3.00271e-10
1.45514	-0.000117591	3.77571e-11
1.45615	-0.000117591	8.80404e-09
1.45716	-0.000117591	2.22642e-09
1.45817	-0.000117591	4.09585e-08
1.45918	-0.000117591	6.83588e-08
1.46018	-0.000117591	1.9251e-07
1.46119	-0.000117591	1.60439e-07
1.4622	-0.000117591	1.85499e-07
1.46321	-0.000117591	1.33477e-07
1.46422	-0.000117591	1.91994e-06
1.46522	-0.000117591	7.45203e-08
1.46623	-0.000117591	1.59e-06
1.46724	-0.000117591	2.34037e-08
1.46825	-0.000117591	4.91312e-06
1.46926	-0.000117591	1.22783e-06
1.47026	-0.000117591	1.3872e-06
1.47127	-0.000117591	6.43609e-06
1.47228	-0.000117591	1.87936e-07
1.47329	-0.000117591	4.15618e-06
1.4743	-0.000117591	4.91679e-08
1.4753	-0.000117591	2.39625e-06
1.47631	-0.000117591	9.23441e-08
1.47732	-0.000117591	8.50921e-08
1.47833	-0.000117591	9.84532e-08
1.47934	-0.000117591	5.38597e-09
1.48034	-0.000117591	9.14458e-08
1.48135	-0.000117591	5.66155e-09
1.48236	-0.000117591	9.67325e-09
1.48337	-0.000117591	4.58152e-09
1.48438	-0.000117591	1.37001e-10
1.48538	-0.000117591	1.09838e-09
1.48639	-0.000117591	2.85961e-10
1.4874	-0.000117591	3.79169e-11
1.48841	-0.000117591	3.23206e-11
1.48942	-0.000117591	1.36526e-11
1.49042	-0.000117591	6.01644e-13
1.49143	-0.000117591	2.86731e-12
1.49244	-0.000117591	5.52463e-14
1.49345	-0.000117591	1.99634e-14
1.49446	-0.000117591	1.91397e-14
1.49546	-0.000117591	3.14554e-15
1.49647	-0.000117591	3.5071e-19
1.49748	-0.000117591	2.74664e-17
1.49849	-0.000117591	2.51947e-23
1.4995	-0.000117591	1.21097e-21
1.4501	-0.000112889	0
1.45111	-0.000112889	5.15342e-18
1.45212	-0.000112889	2.22632e-08
1.45313	-0.000112889	5.19878e-13
1.45414	-0.000112889	5.00909e-07
1.45514	-0.000112889	1.31717e-08
1.45615	-0.000112889	7.45675e-07
1.45716	-0.000112889	1.68903e-06
1.45817	-0.000112889	9.37916e-06
1.45918	-0.000112889	6.37355e-05
1.46018	-0.000112889	3.34116e-05
1.46119	-0.000112889	0.000122808
1.4622	-0.000112889	0.000872785
1.46321	-0.000112889	0.000212855
1.46422	-0.000112889	0.00467556
1.46522	-0.000112889	0.000307174
1.46623	-0.000112889	0.00203907
1.46724	-0.000112889	3.58737e-05
1.46825	-0.000112889	0.0185672
1.46926	-0.000112889	0.000106596
1.47026	-0.000112889	0.0173922
1.47127	-0.000112889	0.00190068
1.47228	-0.000112889	0.000559885
1.47329	-0.000112889	0.0073195
1.4743	-0.000112889	1.82659e-05
1.4753	-0.000112889	0.00624341
1.47631	-0.000112889	6.84159e-05
1.47732	-0.000112889	0.000259298
1.47833	-0.000112889	2.34934e-05
1.47934	-0.000112889	4.20573e-06
1.48034	-0.000112889	0.000100913
1.48135	-0.000112889	7.79081e-07
1.48236	-0.000112889	1.23053e-06
1.48337	-0.000112889	1.10198e-05
1.48438	-0.000112889	1.40931e-07
1.48538	-0.000112889	9.56689e-07
1.48639	-0.000112889	1.33465e-07
1.4874	-0.000112889	2.80642e-09
1.48841	-0.000112889	1.31235e-08
1.48942	-0.000112889	3.37041e-09
1.49042	-0.000112889	1.29457e-10
1.49143	-0.000112889	1.11206e-10
1.49244	-0.000112889	7.11135e-11
1.49345	-0.000112889	9.12213e-13
1.49446	-0.000112889	3.49117e-12
1.49546	-0.000112889	1.43625e-13
1.49647	-0.000112889	1.75332e-14
1.49748	-0.000112889	1.04431e-14
1.49849	-0.000112889	1.9315e-20
1.4995	-0.000112889	3.79794e-17
1.4501	-0.000108186	0
1.45111	-0.000108186	3.60122e-15
1.45212	-0.000108186	8.93966e-08
1.45313	-0.000108186	5.55602e-10
1.45414	-0.000108186	3.11251e-05
1.45514	-0.000108186	4.53463e-06
1.45615	-0.000108186	0.000121539
1.45716	-0.000108186	0.0012245
1.45817	-0.000108186	0.00048971
1.45918	-0.000108186	0.0157427
1.46018	-0.000108186	0.00842634
1.46119	-0.000108186	0.052952
1.4622	-0.000108186	0.0267815
1.46321	-0.000108186	0.042625
1.46422	-0.000108186	0.293297
1.46522	-0.000108186	0.0520007
1.46623	-0.000108186	0.928752
1.46724	-0.000108186	0.00886144
1.46825	-0.000108186	1.74737
1.46926	-0.000108186	0.0915993
1.47026	-0.000108186	2.27233
1.47127	-0.000108186	0.970246
1.47228	-0.000108186	0.0517241
1.47329	-0.000108186	2.50166
1.4743	-0.000108186	0.0036231
1.4753	-0.000108186	0.478953
1.47631	-0.000108186	0.0145629
1.47732	-0.000108186	0.054425
1.47833	-0.000108186	0.0827916
1.47934	-0.000108186	0.00142868
1.48034	-0.000108186	0.0662478
1.48135	-0.000108186	0.00362358
1.48236	-0.000108186	0.00119736
1.48337	-0.000108186	0.00818677
1.48438	-0.000108186	5.44906e-05
1.48538	-0.000108186	0.00136914
1.48639	-0.000108186	4.78295e-05
1.4874	-0.000108186	2.91412e-06
1.48841	-0.000108186	1.95766e-05
1.48942	-0.000108186	2.32029e-06
1.49042	-0.000108186	1.56377e-07
1.49143	-0.000108186	3.90176e-06
1.49244	-0.000108186	1.36757e-08
1.49345	-0.000108186	6.42783e-09
1.49446	-0.000108186	8.24429e-09
1.49546	-0.000108186	1.63608e-11
1.49647	-0.000108186	1.10747e-11
1.49748	-0.000108186	6.28999e-10
1.49849	-0.000108186	1.51596e-17
1.4995	-0.000108186	2.5233e-15
1.4501	-0.000103484	0
1.45111	-0.000103484	2.21334e-12
1.45212	-0.000103484	3.0077e-06
1.45313	-0.000103484	1.29686e-07
1.45414	-0.000103484	0.0112292
1.45514	-0.000103484	0.00117194
1.45615	-0.000103484	0.0809059
1.45716	-0.000103484	0.807793
1.45817	-0.000103484	0.520697
1.45918	-0.000103484	0.917288
1.46018	-0.000103484	2.08778
1.46119	-0.000103484	2.25873
1.4622	-0.000103484	24.0851
1.46321	-0.000103484	6.88695
1.46422	-0.000103484	16.4706
1.46522	-0.000103484	2.25491
1.46623	-0.000103484	84.5706
1.46724	-0.000103484	0.844937
1.46825	-0.000103484	58.1222
1.46926	-0.000103484	4.31826
1.47026	-0.000103484	37.6492
1.47127	-0.000103484	41.6701
1.47228	-0.000103484	13.0248
1.47329	-0.000103484	135.326
1.4743	-0.000103484	1.56579
1.4753	-0.000103484	38.0522
1.47631	-0.000103484	3.23701
1.47732	-0.000103484	6.12641
1.47833	-0.000103484	8.41945
1.47934	-0.000103484	0.283277
1.48034	-0.000103484	4.764
1.48135	-0.000103484	6.19197
1.48236	-0.000103484	1.45728
1.48337	-0.000103484	0.989514
1.48438	-0.000103484	0.00330247
1.48538	-0.000103484	0.124052
1.48639	-0.000103484	0.107711
1.4874	-0.000103484	0.000252268
1.48841	-0.000103484	0.00425371
1.48942	-0.000103484	0.00778198
1.49042	-0.000103484	1.74304e-05
1.49143	-0.000103484	4.96394e-05
1.49244	-0.000103484	8.45397e-06
1.49345	-0.000103484	2.28096e-07
1.49446	-0.000103484	3.35472e-06
1.49546	-0.000103484	1.61551e-09
1.49647	-0.000103484	1.15499e-08
1.49748	-0.000103484	1.7445e-08
1.49849	-0.000103484	2.004e-15
1.4995	-0.000103484	6.26471e-12
1.4501	-9.87813e-05	0
1.45111	-9.87813e-05	3.10783e-11
1.45212	-9.87813e-05	0.000538329
1.45313	-9.87813e-05	7.74598e-06
1.45414	-9.87813e-05	0.10512
1.45514	-9.87813e-05	0.157314
1.45615	-9.87813e-05	9.45508
1.45716	-9.87813e-05	36.8033
1.45817	-9.87813e-05	58.2413
1.45918	-9.87813e-05	364.994
1.46018	-9.87813e-05	109.308
1.46119	-9.87813e-05	553.337
1.4622	-9.87813e-05	324.677
1.46321	-9.87813e-05	547.246
1.46422	-9.87813e-05	971.297
1.46522	-9.87813e-05	344.25
1.46623	-9.87813e-05	9496.9
1.46724	-9.87813e-05	447.611
1.46825	-9.87813e-05	18997.1
1.46926	-9.87813e-05	769.193
1.47026	-9.87813e-05	6337.99
1.47127	-9.87813e-05	8568.59
1.47228	-9.87813e-05	770.569
1.47329	-9.87813e-05	11770.2
1.4743	-9.87813e-05	46.096
1.4753	-9.87813e-05	8080.89
1.47631	-9.87813e-05	384.002
1.47732	-9.87813e-05	1495.45
1.47833	-9.87813e-05	506.025
1.47934	-9.87813e-05	25.5801
1.48034	-9.87813e-05	328.952
1.48135	-9.87813e-05	14.8901
1.48236	-9.87813e-05	7.5941
1.48337	-9.87813e-05	246.157
1.48438	-9.87813e-05	1.86623
1.48538	-9.87813e-05	2.15792
1.48639	-9.87813e-05	1.42444
1.4874	-9.87813e-05	0.0270332
1.48841	-9.87813e-05	0.801485
1.48942	-9.87813e-05	0.0258165
1.49042	-9.87813e-05	0.00203217
1.49143	-9.87813e-05	0.00300077
1.49244	-9.87813e-05	0.000960765
1.49345	-9.87813e-05	0.000174201
1.49446	-9.87813e-05	0.000316129
1.49546	-9.87813e-05	2.55097e-05
1.49647	-9.87813e-05	1.92943e-06
1.49748	-9.87813e-05	6.74983e-07
1.49849	-9.87813e-05	4.41814e-13
1.4995	-9.87813e-05	2.54375e-09
1.4501	-9.40788e-05	0
1.45111	-9.40788e-05	8.51605e-09
1.45212	-9.40788e-05	2.19006
1.45313	-9.40788e-05	0.000914768
1.45414	-9.40788e-05	1.25982
1.45514	-9.40788e-05	10.2314
1.45615	-9.40788e-05	11.349
1.45716	-9.40788e-05	158.745
1.45817	-9.40788e-05	332.669
1.45918	-9.40788e-05	12244.2
1.46018	-9.40788e-05	2240.08
1.46119	-9.40788e-05	25199.8
1.4622	-9.40788e-05	7933.77
1.46321	-9.40788e-05	25588.8
1.46422	-9.40788e-05	26463.2
1.46522	-9.40788e-05	7762.46
1.46623	-9.40788e-05	272698
1.46724	-9.40788e-05	2977.23
1.46825	-9.40788e-05	195487
1.46926	-9.40788e-05	887.27
1.47026	-9.40788e-05	82907.5
1.47127	-9.40788e-05	10628
1.47228	-9.40788e-05	18839
1.47329	-9.40788e-05	54845.6
1.4743	-9.40788e-05	1830.2
1.4753	-9.40788e-05	64569.5
1.47631	-9.40788e-05	1852.34
1.47732	-9.40788e-05	22949
1.47833	-9.40788e-05	8339.06
1.47934	-9.40788e-05	474.104
1.48034	-9.40788e-05	17663.3
1.48135	-9.40788e-05	729.53
1.48236	-9.40788e-05	230.388
1.48337	-9.40788e-05	203.247
1.48438	-9.40788e-05	20.1295
1.48538	-9.40788e-05	55.3216
1.48639	-9.40788e-05	25.6537
1.4874	-9.40788e-05	0.799937
1.48841	-9.40788e-05	7.495
1.48942	-9.40788e-05	2.66295
1.49042	-9.40788e-05	0.0866519
1.49143	-9.40788e-05	0.182388
1.49244	-9.40788e-05	0.0136779
1.49345	-9.40788e-05	0.00295884
1.49446	-9.40788e-05	0.00403828
1.49546	-9.40788e-05	4.8994e-06
1.49647	-9.40788e-05	2.96238e-06
1.49748	-9.40788e-05	2.71089e-06
1.49849	-9.40788e-05	9.958e-11
1.4995	-9.40788e-05	7.21884e-08
1.4501	-8.93763e-05	0
1.45111	-8.93763e-05	1.40988e-07
1.45212	-8.93763e-05	0.923648
1.45313	-8.93763e-05	0.0279147
1.45414	-8.93763e-05	22.724
1.45514	-8.93763e-05	70.4761
1.45615	-8.93763e-05	58.4602
1.45716	-8.93763e-05	1162.82
1.45817	-8.93763e-05	547.822
1.45918	-8.93763e-05	27102.9
1.46018	-8.93763e-05	4956.64
1.46119	-8.93763e-05	82743.3
1.4622	-8.93763e-05	130052
1.46321	-8.93763e-05	329075
1.46422	-8.93763e-05	758661
1.46522	-8.93763e-05	101584
1.46623	-8.93763e-05	749127
1.46724	-8.93763e-05	36072.6
1.46825	-8.93763e-05	4.4401e+06
1.46926	-8.93763e-05	91501.2
1.47026	-8.93763e-05	5.24486e+06
1.47127	-8.93763e-05	2.21149e+06
1.47228	-8.93763e-05	3.93616e+06
1.47329	-8.93763e-05	2.40024e+06
1.4743	-8.93763e-05	84590.4
1.4753	-8.93763e-05	5.81099e+06
1.47631	-8.93763e-05	37206.2
1.47732	-8.93763e-05	141162
1.47833	-8.93763e-05	1.26392e+06
1.47934	-8.93763e-05	12672.7
1.48034	-8.93763e-05	53705.5
1.48135	-8.93763e-05	3154.42
1.48236	-8.93763e-05	11937.2
1.48337	-8.93763e-05	10565.7
1.48438	-8.93763e-05	344.187
1.48538	-8.93763e-05	2059.92
1.48639	-8.93763e-05	468.308
1.4874	-8.93763e-05	55.7767
1.48841	-8.93763e-05	119.637
1.48942	-8.93763e-05	15.4734
1.49042	-8.93763e-05	1.68207
1.49143	-8.93763e-05	8.11124
1.49244	-8.93763e-05	0.0218095
1.49345	-8.93763e-05	0.0562623
1.49446	-8.93763e-05	0.031577
1.49546	-8.93763e-05	2.79144e-05
1.49647	-8.93763e-05	0.000463001
1.49748	-8.93763e-05	0.000293893
1.49849	-8.93763e-05	2.4877e-09
1.4995	-8.93763e-05	1.51233e-05
1.4501	-8.46738e-05	0
1.45111	-8.46738e-05	1.00363e-06
1.45212	-8.46738e-05	0.295227
1.45313	-8.46738e-05	0.059606
1.45414	-8.46738e-05	3.55948
1.45514	-8.46738e-05	218.092
1.45615	-8.46738e-05	62.8935
1.45716	-8.46738e-05	24199.1
1.45817	-8.46738e-05	1009.83
1.45918	-8.46738e-05	187309
1.46018	-8.46738e-05	3825.77
1.46119	-8.46738e-05	478457
1.4622	-8.46738e-05	32193.4
1.46321	-8.46738e-05	751415
1.46422	-8.46738e-05	621098
1.46522	-8.46738e-05	1.31996e+06
1.46623	-8.46738e-05	2.81351e+06
1.46724	-8.46738e-05	149982
1.46825	-8.46738e-05	8.09652e+06
1.46926	-8.46738e-05	125789
1.47026	-8.46738e-05	3.6784e+06
1.47127	-8.46738e-05	662967
1.47228	-8.46738e-05	989464
1.47329	-8.46738e-05	4.55664e+06
1.4743	-8.46738e-05	197795
1.4753	-8.46738e-05	5.43049e+06
1.47631	-8.46738e-05	110922
1.47732	-8.46738e-05	5.61465e+06
1.47833	-8.46738e-05	148270
1.47934	-8.46738e-05	33642.8
1.48034	-8.46738e-05	1.59228e+06
1.48135	-8.46738e-05	148330
1.48236	-8.46738e-05	60173.3
1.48337	-8.46738e-05	29269.5
1.48438	-8.46738e-05	451.281
1.48538	-8.46738e-05	8571.58
1.48639	-8.46738e-05	5108.89
1.4874	-8.46738e-05	93.2719
1.48841	-8.46738e-05	174.618
1.48942	-8.46738e-05	246.365
1.49042	-8.46738e-05	7.17591
1.49143	-8.46738e-05	16.0262
1.49244	-8.46738e-05	1.1114
1.49345	-8.46738e-05	0.0975694
1.49446	-8.46738e-05	0.258341
1.49546	-8.46738e-05	0.000336069
1.49647	-8.46738e-05	0.00202481
1.49748	-8.46738e-05	0.00871728
1.49849	-8.46738e-05	4.30633e-09
1.4995	-8.46738e-05	2.10534e-06
1.4501	-7.99713e-05	0
1.45111	-7.99713e-05	0.000259772
1.45212	-7.99713e-05	0.0739964
1.45313	-7.99713e-05	0.385225
1.45414	-7.99713e-05	17.6323
1.45514	-7.99713e-05	231.895
1.45615	-7.99713e-05	115.465
1.45716	-7.99713e-05	47587.4
1.45817	-7.99713e-05	2213.81
1.45918	-7.99713e-05	267777
1.46018	-7.99713e-05	18731.3
1.46119	-7.99713e-05	2.49043e+06
1.4622	-7.99713e-05	181591
1.46321	-7.99713e-05	2.60201e+06
1.46422	-7.99713e-05	479696
1.46522	-7.99713e-05	1.27061e+06
1.46623	-7.99713e-05	3.50106e+06
1.46724	-7.99713e-05	971583
1.46825	-7.99713e-05	3.85056e+07
1.46926	-7.99713e-05	125885
1.47026	-7.99713e-05	2.21207e+07
1.47127	-7.99713e-05	1.36904e+06
1.47228	-7.99713e-05	3.50052e+06
1.47329	-7.99713e-05	1.29493e+07
1.4743	-7.99713e-05	526386
1.4753	-7.99713e-05	9.07313e+06
1.47631	-7.99713e-05	166313
1.47732	-7.99713e-05	2.99889e+06
1.47833	-7.99713e-05	5.58284e+06
1.47934	-7.99713e-05	109212
1.48034	-7.99713e-05	4.12941e+06
1.48135	-7.99713e-05	44013.8
1.48236	-7.99713e-05	326234
1.48337	-7.99713e-05	351814
1.48438	-7.99713e-05	2228.66
1.48538	-7.99713e-05	26488
1.48639	-7.99713e-05	1764.34
1.4874	-7.99713e-05	1002.46
1.48841	-7.99713e-05	1558.11
1.48942	-7.99713e-05	107.768
1.49042	-7.99713e-05	105.632
1.49143	-7.99713e-05	152.436
1.49244	-7.99713e-05	2.93593
1.49345	-7.99713e-05	0.839066
1.49446	-7.99713e-05	0.740378
1.49546	-7.99713e-05	8.48534e-05
1.49647	-7.99713e-05	0.00304914
1.49748	-7.99713e-05	0.000186888
1.49849	-7.99713e-05	1.42691e-07
1.4995	-7.99713e-05	4.46339e-05
1.4501	-7.52688e-05	0
1.45111	-7.52688e-05	1.12937e-06
1.45212	-7.52688e-05	0.0471592
1.45313	-7.52688e-05	0.904205
1.45414	-7.52688e-05	5.9813
1.45514	-7.52688e-05	572.409
1.45615	-7.52688e-05	47.2445
1.45716	-7.52688e-05	16711.4
1.45817	-7.52688e-05	1050.33
1.45918	-7.52688e-05	130052
1.46018	-7.52688e-05	8463.65
1.46119	-7.52688e-05	208236
1.4622	-7.52688e-05	73178.5
1.46321	-7.52688e-05	557928
1.46422	-7.52688e-05	181015
1.46522	-7.52688e-05	1.54017e+06
1.46623	-7.52688e-05	1.66828e+06
1.46724	-7.52688e-05	144015
1.46825	-7.52688e-05	1.2532e+06
1.46926	-7.52688e-05	139919
1.47026	-7.52688e-05	4.20146e+06
1.47127	-7.52688e-05	286045
1.47228	-7.52688e-05	842079
1.47329	-7.52688e-05	1.20408e+06
1.4743	-7.52688e-05	161317
1.4753	-7.52688e-05	1.55804e+06
1.47631	-7.52688e-05	13577.9
1.47732	-7.52688e-05	461203
1.47833	-7.52688e-05	199758
1.47934	-7.52688e-05	14268.6
1.48034	-7.52688e-05	233243
1.48135	-7.52688e-05	11686.8
1.48236	-7.52688e-05	40663.7
1.48337	-7.52688e-05	29948.9
1.48438	-7.52688e-05	567.162
1.48538	-7.52688e-05	8070.1
1.48639	-7.52688e-05	543.184
1.4874	-7.52688e-05	102.379
1.48841	-7.52688e-05	1711.04
1.48942	-7.52688e-05	14.9792
1.49042	-7.52688e-05	31.4882
1.49143	-7.52688e-05	13.9423
1.49244	-7.52688e-05	0.825831
1.49345	-7.52688e-05	0.257014
1.49446	-7.52688e-05	0.0736472
1.49546	-7.52688e-05	7.86959e-05
1.49647	-7.52688e-05	0.000839675
1.49748	-7.52688e-05	5.98979e-05
1.49849	-7.52688e-05	8.44855e-08
1.4995	-7.52688e-05	4.75012e-06
1.4501	-7.05663e-05	0
1.45111	-7.05663e-05	9.57067e-07
1.45212	-7.05663e-05	0.814677
1.45313	-7.05663e-05	0.318661
1.45414	-7.05663e-05	0.934997
1.45514	-7.05663e-05	910.048
1.45615	-7.05663e-05	14.2543
1.45716	-7.05663e-05	4723.53
1.45817	-7.05663e-05	103.072
1.45918	-7.05663e-05	22318.6
1.46018	-7.05663e-05	1122.26
1.46119	-7.05663e-05	184799
1.4622	-7.05663e-05	4701.98
1.46321	-7.05663e-05	759989
1.46422	-7.05663e-05	273177
1.46522	-7.05663e-05	423037
1.46623	-7.05663e-05	185585
1.46724	-7.05663e-05	677081
1.46825	-7.05663e-05	1.84297e+06
1.46926	-7.05663e-05	36045.6
1.47026	-7.05663e-05	1.76923e+06
1.47127	-7.05663e-05	139190
1.47228	-7.05663e-05	3.4881e+06
1.47329	-7.05663e-05	1.2616e+06
1.4743	-7.05663e-05	121533
1.4753	-7.05663e-05	1.85211e+06
1.47631	-7.05663e-05	37498.1
1.47732	-7.05663e-05	449954
1.47833	-7.05663e-05	90416.8
1.47934	-7.05663e-05	60241.7
1.48034	-7.05663e-05	80085.2
1.48135	-7.05663e-05	11856.1
1.48236	-7.05663e-05	94827.6
1.48337	-7.05663e-05	10316.2
1.48438	-7.05663e-05	782.581
1.48538	-7.05663e-05	4621.13
1.48639	-7.05663e-05	2954.36
1.4874	-7.05663e-05	143.31
1.48841	-7.05663e-05	172.461
1.48942	-7.05663e-05	85.9711
1.49042	-7.05663e-05	24.9427
1.49143	-7.05663e-05	6.34705
1.49244	-7.05663e-05	0.46448
1.49345	-7.05663e-05	0.238497
1.49446	-7.05663e-05	0.154715
1.49546	-7.05663e-05	0.000328691
1.49647	-7.05663e-05	0.00229003
1.49748	-7.05663e-05	9.72523e-05
1.49849	-7.05663e-05	1.46822e-07
1.4995	-7.05663e-05	7.04977e-07
1.4501	-6.58638e-05	0
1.45111	-6.58638e-05	3.71079e-08
1.45212	-6.58638e-05	0.00123362
1.45313	-6.58638e-05	0.000983041
1.45414	-6.58638e-05	0.232019
1.45514	-6.58638e-05	37.8007
1.45615	-6.58638e-05	0.367963
1.45716	-6.58638e-05	2281.6
1.45817	-6.58638e-05	4.54256
1.45918	-6.58638e-05	4909.91
1.46018	-6.58638e-05	9.16683
1.46119	-6.58638e-05	13710.8
1.4622	-6.58638e-05	2964.94
1.46321	-6.58638e-05	21106.8
1.46422	-6.58638e-05	3839.12
1.46522	-6.58638e-05	102798
1.46623	-6.58638e-05	60296.4
1.46724	-6.58638e-05	4875.22
1.46825	-6.58638e-05	82448.4
1.46926	-6.58638e-05	3025.93
1.47026	-6.58638e-05	356836
1.47127	-6.58638e-05	2777.67
1.47228	-6.58638e-05	83055.7
1.47329	-6.58638e-05	63563.9
1.4743	-6.58638e-05	9482.79
1.4753	-6.58638e-05	160985
1.47631	-6.58638e-05	1014.35
1.47732	-6.58638e-05	35626.8
1.47833	-6.58638e-05	53387.1
1.47934	-6.58638e-05	912.864
1.48034	-6.58638e-05	10574.5
1.48135	-6.58638e-05	1061.66
1.48236	-6.58638e-05	1873.01
1.48337	-6.58638e-05	280.894
1.48438	-6.58638e-05	63.4434
1.48538	-6.58638e-05	244.833
1.48639	-6.58638e-05	9.96848
1.4874	-6.58638e-05	79.6493
1.48841	-6.58638e-05	17.2193
1.48942	-6.58638e-05	0.247804
1.49042	-6.58638e-05	4.81189
1.49143	-6.58638e-05	0.440408
1.49244	-6.58638e-05	0.012324
1.49345	-6.58638e-05	0.0175683
1.49446	-6.58638e-05	0.0158106
1.49546	-6.58638e-05	8.62941e-05
1.49647	-6.58638e-05	0.000118558
1.49748	-6.58638e-05	6.78504e-05
1.49849	-6.58638e-05	2.38606e-09
1.4995	-6.58638e-05	2.68713e-07
1.4501	-6.11613e-05	0
1.45111	-6.11613e-05	4.36235e-09
1.45212	-6.11613e-05	1.29347e-05
1.45313	-6.11613e-05	0.000334076
1.45414	-6.11613e-05	0.0044985
1.45514	-6.11613e-05	1.92794
1.45615	-6.11613e-05	0.00118068
1.45716	-6.11613e-05	109.253
1.45817	-6.11613e-05	0.0957459
1.45918	-6.11613e-05	1871.94
1.46018	-6.11613e-05	1.60625
1.46119	-6.11613e-05	7819.16
1.4622	-6.11613e-05	83.755
1.46321	-6.11613e-05	4905.7
1.46422	-6.11613e-05	573.483
1.46522	-6.11613e-05	3589.31
1.46623	-6.11613e-05	8487.65
1.46724	-6.11613e-05	1321.41
1.46825	-6.11613e-05	46989.8
1.46926	-6.11613e-05	186.822
1.47026	-6.11613e-05	52927.4
1.47127	-6.11613e-05	805.175
1.47228	-6.11613e-05	10982.7
1.47329	-6.11613e-05	4648.75
1.4743	-6.11613e-05	5504.08
1.4753	-6.11613e-05	44874
1.47631	-6.11613e-05	161.743
1.47732	-6.11613e-05	26342.2
1.47833	-6.11613e-05	1300.8
1.47934	-6.11613e-05	830.191
1.48034	-6.11613e-05	32084.8
1.48135	-6.11613e-05	17.3642
1.48236	-6.11613e-05	1454.52
1.48337	-6.11613e-05	561.503
1.48438	-6.11613e-05	10.5882
1.48538	-6.11613e-05	969.35
1.48639	-6.11613e-05	90.467
1.4874	-6.11613e-05	0.412164
1.48841	-6.11613e-05	5.36675
1.48942	-6.11613e-05	0.256036
1.49042	-6.11613e-05	0.0321417
1.49143	-6.11613e-05	0.29678
1.49244	-6.11613e-05	0.00219875
1.49345	-6.11613e-05	0.00135767
1.49446	-6.11613e-05	0.00348105
1.49546	-6.11613e-05	2.82868e-07
1.49647	-6.11613e-05	0.000118799
1.49748	-6.11613e-05	1.64245e-09
1.49849	-6.11613e-05	2.92578e-11
1.4995	-6.11613e-05	2.46347e-07
1.4501	-5.64588e-05	0
1.45111	-5.64588e-05	9.08985e-12
1.45212	-5.64588e-05	2.95248e-07
1.45313	-5.64588e-05	5.28044e-06
1.45414	-5.64588e-05	0.0002671
1.45514	-5.64588e-05	0.00156066
1.45615	-5.64588e-05	1.72584e-05
1.45716	-5.64588e-05	0.321512
1.45817	-5.64588e-05	0.00619638
1.45918	-5.64588e-05	3.58815
1.46018	-5.64588e-05	0.00744778
1.46119	-5.64588e-05	4.83281
1.4622	-5.64588e-05	1.86332
1.46321	-5.64588e-05	11.2571
1.46422	-5.64588e-05	8.28471
1.46522	-5.64588e-05	8.30409
1.46623	-5.64588e-05	48.0059
1.46724	-5.64588e-05	3.93988
1.46825	-5.64588e-05	62.2241
1.46926	-5.64588e-05	0.743751
1.47026	-5.64588e-05	375.25
1.47127	-5.64588e-05	8.45533
1.47228	-5.64588e-05	110.313
1.47329	-5.64588e-05	156.819
1.4743	-5.64588e-05	6.60688
1.4753	-5.64588e-05	102.709
1.47631	-5.64588e-05	1.21774
1.47732	-5.64588e-05	6.50738
1.47833	-5.64588e-05	199.576
1.47934	-5.64588e-05	0.865384
1.48034	-5.64588e-05	29.0935
1.48135	-5.64588e-05	2.80966
1.48236	-5.64588e-05	3.05596
1.48337	-5.64588e-05	2.04067
1.48438	-5.64588e-05	0.0215092
1.48538	-5.64588e-05	1.1023
1.48639	-5.64588e-05	0.0939163
1.4874	-5.64588e-05	0.0577834
1.48841	-5.64588e-05	0.185024
1.48942	-5.64588e-05	0.000808297
1.49042	-5.64588e-05	0.0137258
1.49143	-5.64588e-05	0.00562015
1.49244	-5.64588e-05	3.05728e-06
1.49345	-5.64588e-05	0.000269364
1.49446	-5.64588e-05	1.00159e-05
1.49546	-5.64588e-05	8.9406e-09
1.49647	-5.64588e-05	3.06449e-07
1.49748	-5.64588e-05	3.51155e-10
1.49849	-5.64588e-05	1.50112e-11
1.4995	-5.64588e-05	1.7783e-08
1.4501	-5.17563e-05	0
1.45111	-5.17563e-05	2.81947e-13
1.45212	-5.17563e-05	6.48875e-10
1.45313	-5.17563e-05	1.27034e-07
1.45414	-5.17563e-05	4.56547e-07
1.45514	-5.17563e-05	0.000171849
1.45615	-5.17563e-05	1.97119e-07
1.45716	-5.17563e-05	0.00371666
1.45817	-5.17563e-05	2.50069e-06
1.45918	-5.17563e-05	0.0250942
1.46018	-5.17563e-05	2.83647e-05
1.46119	-5.17563e-05	0.0182751
1.4622	-5.17563e-05	0.00170519
1.46321	-5.17563e-05	0.0840618
1.46422	-5.17563e-05	0.00137372
1.46522	-5.17563e-05	0.0455214
1.46623	-5.17563e-05	0.15777
1.46724	-5.17563e-05	0.0668583
1.46825	-5.17563e-05	0.339445
1.46926	-5.17563e-05	0.0171544
1.47026	-5.17563e-05	0.639269
1.47127	-5.17563e-05	0.00595524
1.47228	-5.17563e-05	0.144813
1.47329	-5.17563e-05	0.0684495
1.4743	-5.17563e-05	0.0348941
1.4753	-5.17563e-05	0.0468955
1.47631	-5.17563e-05	0.00601498
1.47732	-5.17563e-05	0.0646373
1.47833	-5.17563e-05	0.0252759
1.47934	-5.17563e-05	0.0109308
1.48034	-5.17563e-05	0.0105182
1.48135	-5.17563e-05	0.00123148
1.48236	-5.17563e-05	0.00637217
1.48337	-5.17563e-05	0.00401122
1.48438	-5.17563e-05	3.56297e-05
1.48538	-5.17563e-05	0.000460304
1.48639	-5.17563e-05	0.000388559
1.4874	-5.17563e-05	0.000196755
1.48841	-5.17563e-05	2.52756e-05
1.48942	-5.17563e-05	2.63539e-05
1.49042	-5.17563e-05	7.94996e-06
1.49143	-5.17563e-05	8.11516e-07
1.49244	-5.17563e-05	1.95927e-07
1.49345	-5.17563e-05	1.11704e-08
1.49446	-5.17563e-05	4.80997e-08
1.49546	-5.17563e-05	3.54581e-11
1.49647	-5.17563e-05	6.01269e-10
1.49748	-5.17563e-05	2.23831e-10
1.49849	-5.17563e-05	2.01445e-13
1.4995	-5.17563e-05	4.6669e-14
1.4501	-4.70538e-05	0
1.45111	-4.70538e-05	4.63171e-17
1.45212	-4.70538e-05	4.49804e-11
1.45313	-4.70538e-05	2.38349e-11
1.45414	-4.70538e-05	1.6718e-09
1.45514	-4.70538e-05	4.96833e-07
1.45615	-4.70538e-05	3.11451e-09
1.45716	-4.70538e-05	2.729e-05
1.45817	-4.70538e-05	2.10146e-07
1.45918	-4.70538e-05	8.6714e-05
1.46018	-4.70538e-05	3.50451e-07
1.46119	-4.70538e-05	0.000832303
1.4622	-4.70538e-05	1.63406e-05
1.46321	-4.70538e-05	0.000176078
1.46422	-4.70538e-05	5.56834e-05
1.46522	-4.70538e-05	0.000409514
1.46623	-4.70538e-05	0.000325334
1.46724	-4.70538e-05	0.000244891
1.46825	-4.70538e-05	0.000843036
1.46926	-4.70538e-05	2.02232e-05
1.47026	-4.70538e-05	0.000698009
1.47127	-4.70538e-05	0.000124349
1.47228	-4.70538e-05	0.000332397
1.47329	-4.70538e-05	0.000355058
1.4743	-4.70538e-05	3.15636e-05
1.4753	-4.70538e-05	0.000516453
1.47631	-4.70538e-05	8.01484e-06
1.47732	-4.70538e-05	0.000744009
1.47833	-4.70538e-05	0.000529681
1.47934	-4.70538e-05	1.21562e-05
1.48034	-4.70538e-05	5.75237e-05
1.48135	-4.70538e-05	2.95643e-06
1.48236	-4.70538e-05	3.6837e-06
1.48337	-4.70538e-05	2.78369e-06
1.48438	-4.70538e-05	7.96151e-07
1.48538	-4.70538e-05	2.47506e-06
1.48639	-4.70538e-05	9.24325e-07
1.4874	-4.70538e-05	1.13885e-07
1.48841	-4.70538e-05	8.33927e-07
1.48942	-4.70538e-05	1.04619e-08
1.49042	-4.70538e-05	8.55237e-08
1.49143	-4.70538e-05	1.49181e-08
1.49244	-4.70538e-05	6.36932e-11
1.49345	-4.70538e-05	1.1464e-10
1.49446	-4.70538e-05	1.82903e-11
1.49546	-4.70538e-05	1.76546e-13
1.49647	-4.70538e-05	4.10357e-13
1.49748	-4.70538e-05	2.80927e-12
1.49849	-4.70538e-05	3.98603e-17
1.4995	-4.70538e-05	2.32527e-16
1.4501	-4.23513e-05	0
1.45111	-4.23513e-05	1.49273e-23
1.45212	-4.23513e-05	2.85104e-15
1.45313	-4.23513e-05	9.40994e-17
1.45414	-4.23513e-05	9.25441e-13
1.45514	-4.23513e-05	2.0553e-12
1.45615	-4.23513e-05	1.06461e-10
1.45716	-4.23513e-05	6.18767e-09
1.45817	-4.23513e-05	2.67189e-09
1.45918	-4.23513e-05	2.43786e-08
1.46018	-4.23513e-05	7.0679e-09
1.46119	-4.23513e-05	3.0212e-07
1.4622	-4.23513e-05	1.68731e-09
1.46321	-4.23513e-05	7.35914e-08
1.46422	-4.23513e-05	9.33081e-08
1.46522	-4.23513e-05	7.36352e-07
1.46623	-4.23513e-05	2.58691e-07
1.46724	-4.23513e-05	1.78613e-08
1.46825	-4.23513e-05	9.84004e-07
1.46926	-4.23513e-05	5.44489e-08
1.47026	-4.23513e-05	2.17847e-06
1.47127	-4.23513e-05	6.20937e-08
1.47228	-4.23513e-05	5.17705e-06
1.47329	-4.23513e-05	2.22217e-07
1.4743	-4.23513e-05	8.86285e-07
1.4753	-4.23513e-05	6.31254e-07
1.47631	-4.23513e-05	3.7701e-08
1.47732	-4.23513e-05	8.33984e-07
1.47833	-4.23513e-05	1.00726e-07
1.47934	-4.23513e-05	2.40352e-08
1.48034	-4.23513e-05	6.94952e-08
1.48135	-4.23513e-05	1.20005e-09
1.48236	-4.23513e-05	2.55243e-07
1.48337	-4.23513e-05	1.59688e-08
1.48438	-4.23513e-05	5.98224e-10
1.48538	-4.23513e-05	1.43364e-08
1.48639	-4.23513e-05	1.14952e-10
1.4874	-4.23513e-05	1.06344e-10
1.48841	-4.23513e-05	4.54015e-10
1.48942	-4.23513e-05	4.18689e-12
1.49042	-4.23513e-05	9.1303e-12
1.49143	-4.23513e-05	6.4926e-11
1.49244	-4.23513e-05	1.26732e-13
1.49345	-4.23513e-05	2.4413e-13
1.49446	-4.23513e-05	2.70366e-14
1.49546	-4.23513e-05	6.58618e-18
1.49647	-4.23513e-05	4.00167e-16
1.49748	-4.23513e-05	8.35188e-19
1.49849	-4.23513e-05	2.14853e-23
1.4995	-4.23513e-05	5.48913e-17
