#theta_0	N_0	probability

-0.000131699	0.002	4.33603e-16
-0.000126996	0.002	9.06415e-13
-0.000122294	0.002	4.3286e-09
-0.000117591	0.002	5.72989e-06
-0.000112889	0.002	0.0105998
-0.000108186	0.002	2.24013
-0.000103484	0.002	82.9584
-9.87813e-05	0.002	16073.8
-9.40788e-05	0.002	184997
-8.93763e-05	0.002	5.76325e+06
-8.46738e-05	0.002	8.51176e+06
-7.99713e-05	0.002	2.58687e+07
-7.52688e-05	0.002	3.17273e+06
-7.05663e-05	0.002	3.13284e+06
-6.58638e-05	0.002	239093
-6.11613e-05	0.002	50894.6
-5.64588e-05	0.002	235.427
-5.17563e-05	0.002	0.404979
-4.70538e-05	0.002	0.00119621
-4.23513e-05	0.002	2.9568e-06
-0.000131699	0.006	7.66288e-17
-0.000126996	0.006	4.81075e-14
-0.000122294	0.006	8.66386e-10
-0.000117591	0.006	6.58765e-07
-0.000112889	0.006	0.00448866
-0.000108186	0.006	0.151176
-0.000103484	0.006	35.7707
-9.87813e-05	0.006	1672.31
-9.40788e-05	0.006	20056
-8.93763e-05	0.006	1.18155e+06
-8.46738e-05	0.006	833482
-7.99713e-05	0.006	2.31564e+06
-7.52688e-05	0.006	599769
-7.05663e-05	0.006	307602
-6.58638e-05	0.006	25351.8
-6.11613e-05	0.006	10475.3
-5.64588e-05	0.006	49.9471
-5.17563e-05	0.006	0.0471526
-4.70538e-05	0.006	0.000377262
-4.23513e-05	0.006	3.00061e-07
-0.000131699	0.01	8.53313e-18
-0.000126996	0.01	1.17141e-14
-0.000122294	0.01	8.50268e-11
-0.000117591	0.01	4.04952e-08
-0.000112889	0.01	0.000240835
-0.000108186	0.01	0.0547884
-0.000103484	0.01	6.10418
-9.87813e-05	0.01	217.792
-9.40788e-05	0.01	12328.8
-8.93763e-05	0.01	99675.5
-8.46738e-05	0.01	179622
-7.99713e-05	0.01	319939
-7.52688e-05	0.01	48318.5
-7.05663e-05	0.01	48175.2
-6.58638e-05	0.01	7469.69
-6.11613e-05	0.01	3647.67
-5.64588e-05	0.01	3.34
-5.17563e-05	0.01	0.00654875
-4.70538e-05	0.01	5.31876e-05
-4.23513e-05	0.01	3.35169e-08
-0.000131699	0.014	6.80996e-19
-0.000126996	0.014	1.04637e-15
-0.000122294	0.014	1.78354e-11
-0.000117591	0.014	6.53591e-09
-0.000112889	0.014	2.5233e-05
-0.000108186	0.014	0.0113076
-0.000103484	0.014	1.74062
-9.87813e-05	0.014	77.5761
-9.40788e-05	0.014	795.697
-8.93763e-05	0.014	5295.08
-8.46738e-05	0.014	17316.8
-7.99713e-05	0.014	139044
-7.52688e-05	0.014	5896.47
-7.05663e-05	0.014	11252.7
-6.58638e-05	0.014	1104.87
-6.11613e-05	0.014	339.146
-5.64588e-05	0.014	2.90726
-5.17563e-05	0.014	0.00271988
-4.70538e-05	0.014	1.67815e-06
-4.23513e-05	0.014	4.16162e-09
-0.000131699	0.018	6.62618e-20
-0.000126996	0.018	1.27548e-16
-0.000122294	0.018	2.0408e-12
-0.000117591	0.018	2.23298e-09
-0.000112889	0.018	5.66627e-06
-0.000108186	0.018	0.00484202
-0.000103484	0.018	0.220369
-9.87813e-05	0.018	5.44027
-9.40788e-05	0.018	93.2945
-8.93763e-05	0.018	723.999
-8.46738e-05	0.018	1221.81
-7.99713e-05	0.018	19024.3
-7.52688e-05	0.018	1156.83
-7.05663e-05	0.018	886.285
-6.58638e-05	0.018	132.853
-6.11613e-05	0.018	39.2691
-5.64588e-05	0.018	0.738315
-5.17563e-05	0.018	0.000144202
-4.70538e-05	0.018	1.45285e-07
-4.23513e-05	0.018	7.28662e-11
-0.000131699	0.022	3.91477e-21
-0.000126996	0.022	4.30386e-17
-0.000122294	0.022	2.61274e-13
-0.000117591	0.022	2.18671e-10
-0.000112889	0.022	1.39365e-07
-0.000108186	0.022	0.00268818
-0.000103484	0.022	0.0208522
-9.87813e-05	0.022	1.24324
-9.40788e-05	0.022	3.66282
-8.93763e-05	0.022	90.5603
-8.46738e-05	0.022	635.896
-7.99713e-05	0.022	1594.98
-7.52688e-05	0.022	196.189
-7.05663e-05	0.022	100.021
-6.58638e-05	0.022	33.3023
-6.11613e-05	0.022	1.32183
-5.64588e-05	0.022	0.00400437
-5.17563e-05	0.022	1.55763e-05
-4.70538e-05	0.022	2.3104e-08
-4.23513e-05	0.022	1.22471e-11
-0.000131699	0.026	1.27912e-21
-0.000126996	0.026	8.82267e-18
-0.000122294	0.026	1.09041e-14
-0.000117591	0.026	6.1896e-11
-0.000112889	0.026	4.06556e-08
-0.000108186	0.026	0.000319005
-0.000103484	0.026	0.00204985
-9.87813e-05	0.026	0.0582468
-9.40788e-05	0.026	0.571013
-8.93763e-05	0.026	13.3755
-8.46738e-05	0.026	82.034
-7.99713e-05	0.026	76.9417
-7.52688e-05	0.026	85.4704
-7.05663e-05	0.026	10.109
-6.58638e-05	0.026	22.8929
-6.11613e-05	0.026	0.222617
-5.64588e-05	0.026	0.00163582
-5.17563e-05	0.026	8.31159e-07
-4.70538e-05	0.026	4.43856e-09
-4.23513e-05	0.026	3.08072e-13
-0.000131699	0.03	2.67791e-22
-0.000126996	0.03	1.16856e-18
-0.000122294	0.03	4.17135e-15
-0.000117591	0.03	2.24408e-11
-0.000112889	0.03	4.65296e-09
-0.000108186	0.03	1.24517e-05
-0.000103484	0.03	0.00026378
-9.87813e-05	0.03	0.00840282
-9.40788e-05	0.03	0.0789109
-8.93763e-05	0.03	0.703403
-8.46738e-05	0.03	7.23812
-7.99713e-05	0.03	17.2299
-7.52688e-05	0.03	42.4825
-7.05663e-05	0.03	2.04165
-6.58638e-05	0.03	0.732779
-6.11613e-05	0.03	0.0277597
-5.64588e-05	0.03	2.8517e-05
-5.17563e-05	0.03	6.13605e-08
-4.70538e-05	0.03	2.78157e-11
-4.23513e-05	0.03	8.70467e-15
-0.000131699	0.034	4.81488e-23
-0.000126996	0.034	1.30397e-19
-0.000122294	0.034	2.93565e-15
-0.000117591	0.034	1.1475e-12
-0.000112889	0.034	3.77399e-10
-0.000108186	0.034	5.12371e-07
-0.000103484	0.034	8.62538e-05
-9.87813e-05	0.034	0.00136368
-9.40788e-05	0.034	0.00599325
-8.93763e-05	0.034	0.0993563
-8.46738e-05	0.034	0.455586
-7.99713e-05	0.034	3.05125
-7.52688e-05	0.034	0.897653
-7.05663e-05	0.034	0.459022
-6.58638e-05	0.034	0.0101824
-6.11613e-05	0.034	0.00022804
-5.64588e-05	0.034	6.34599e-07
-5.17563e-05	0.034	1.34891e-09
-4.70538e-05	0.034	8.07978e-13
-4.23513e-05	0.034	7.34857e-16
-0.000131699	0.038	8.22402e-26
-0.000126996	0.038	1.03576e-20
-0.000122294	0.038	1.41186e-16
-0.000117591	0.038	1.40282e-13
-0.000112889	0.038	3.87459e-11
-0.000108186	0.038	2.61235e-08
-0.000103484	0.038	1.46655e-06
-9.87813e-05	0.038	6.1862e-05
-9.40788e-05	0.038	0.00095538
-8.93763e-05	0.038	0.0283062
-8.46738e-05	0.038	0.0366982
-7.99713e-05	0.038	3.01063
-7.52688e-05	0.038	0.0455335
-7.05663e-05	0.038	0.0181181
-6.58638e-05	0.038	0.000352619
-6.11613e-05	0.038	1.52744e-05
-5.64588e-05	0.038	2.4733e-08
-5.17563e-05	0.038	1.01481e-10
-4.70538e-05	0.038	3.98877e-14
-4.23513e-05	0.038	3.6851e-17
-0.000131699	0.042	1.21946e-26
-0.000126996	0.042	9.19637e-21
-0.000122294	0.042	8.83396e-18
-0.000117591	0.042	2.62317e-14
-0.000112889	0.042	2.94584e-12
-0.000108186	0.042	1.22383e-09
-0.000103484	0.042	3.22003e-07
-9.87813e-05	0.042	3.05705e-05
-9.40788e-05	0.042	8.22796e-05
-8.93763e-05	0.042	0.00281883
-8.46738e-05	0.042	0.00928032
-7.99713e-05	0.042	0.350917
-7.52688e-05	0.042	0.0038101
-7.05663e-05	0.042	0.000898712
-6.58638e-05	0.042	3.73803e-05
-6.11613e-05	0.042	7.54503e-07
-5.64588e-05	0.042	2.54259e-09
-5.17563e-05	0.042	1.06669e-12
-4.70538e-05	0.042	1.55289e-15
-4.23513e-05	0.042	2.03399e-18
-0.000131699	0.046	2.67113e-27
-0.000126996	0.046	1.04008e-21
-0.000122294	0.046	8.2182e-19
-0.000117591	0.046	8.14435e-16
-0.000112889	0.046	2.47834e-13
-0.000108186	0.046	1.11891e-10
-0.000103484	0.046	2.12352e-08
-9.87813e-05	0.046	6.16863e-06
-9.40788e-05	0.046	2.35712e-05
-8.93763e-05	0.046	0.000200007
-8.46738e-05	0.046	0.00169546
-7.99713e-05	0.046	0.00631938
-7.52688e-05	0.046	0.000506728
-7.05663e-05	0.046	9.33083e-06
-6.58638e-05	0.046	1.39025e-06
-6.11613e-05	0.046	2.54365e-08
-5.64588e-05	0.046	9.94242e-11
-5.17563e-05	0.046	2.12949e-13
-4.70538e-05	0.046	4.58621e-16
-4.23513e-05	0.046	1.08159e-19
-0.000131699	0.05	3.91681e-29
-0.000126996	0.05	1.52391e-23
-0.000122294	0.05	1.24999e-19
-0.000117591	0.05	2.92021e-17
-0.000112889	0.05	1.2785e-14
-0.000108186	0.05	3.35756e-11
-0.000103484	0.05	4.05209e-09
-9.87813e-05	0.05	1.07536e-07
-9.40788e-05	0.05	3.85425e-06
-8.93763e-05	0.05	1.58579e-05
-8.46738e-05	0.05	8.71713e-05
-7.99713e-05	0.05	2.63147e-05
-7.52688e-05	0.05	5.32022e-06
-7.05663e-05	0.05	7.90264e-07
-6.58638e-05	0.05	1.48017e-07
-6.11613e-05	0.05	1.01502e-09
-5.64588e-05	0.05	1.68188e-11
-5.17563e-05	0.05	1.62323e-14
-4.70538e-05	0.05	5.37743e-17
-4.23513e-05	0.05	3.59197e-21
-0.000131699	0.054	1.97141e-30
-0.000126996	0.054	1.01146e-24
-0.000122294	0.054	1.12389e-21
-0.000117591	0.054	1.84596e-18
-0.000112889	0.054	3.34108e-15
-0.000108186	0.054	7.08842e-13
-0.000103484	0.054	8.92135e-11
-9.87813e-05	0.054	2.02139e-08
-9.40788e-05	0.054	3.76543e-07
-8.93763e-05	0.054	1.88715e-06
-8.46738e-05	0.054	4.66912e-06
-7.99713e-05	0.054	8.78602e-07
-7.52688e-05	0.054	6.55218e-07
-7.05663e-05	0.054	5.77753e-08
-6.58638e-05	0.054	7.68792e-09
-6.11613e-05	0.054	7.40813e-11
-5.64588e-05	0.054	7.09075e-12
-5.17563e-05	0.054	6.10259e-15
-4.70538e-05	0.054	1.94626e-18
-4.23513e-05	0.054	4.83506e-22
-0.000131699	0.058	9.97332e-32
-0.000126996	0.058	1.22332e-26
-0.000122294	0.058	4.35525e-23
-0.000117591	0.058	5.1395e-19
-0.000112889	0.058	1.12261e-16
-0.000108186	0.058	9.9989e-14
-0.000103484	0.058	8.2207e-12
-9.87813e-05	0.058	3.80811e-09
-9.40788e-05	0.058	1.54712e-08
-8.93763e-05	0.058	7.13902e-08
-8.46738e-05	0.058	2.50215e-07
-7.99713e-05	0.058	6.23017e-08
-7.52688e-05	0.058	9.66288e-08
-7.05663e-05	0.058	7.52561e-09
-6.58638e-05	0.058	6.23074e-10
-6.11613e-05	0.058	4.17334e-11
-5.64588e-05	0.058	2.28526e-13
-5.17563e-05	0.058	2.51477e-16
-4.70538e-05	0.058	9.5721e-20
-4.23513e-05	0.058	1.68376e-24
-0.000131699	0.062	1.14717e-33
-0.000126996	0.062	5.29491e-28
-0.000122294	0.062	1.91778e-24
-0.000117591	0.062	2.33337e-20
-0.000112889	0.062	1.93976e-17
-0.000108186	0.062	8.74329e-15
-0.000103484	0.062	1.00464e-12
-9.87813e-05	0.062	1.15006e-10
-9.40788e-05	0.062	1.61267e-09
-8.93763e-05	0.062	2.66005e-09
-8.46738e-05	0.062	1.33818e-08
-7.99713e-05	0.062	2.71859e-09
-7.52688e-05	0.062	1.63398e-09
-7.05663e-05	0.062	3.62473e-10
-6.58638e-05	0.062	3.12271e-11
-6.11613e-05	0.062	1.68326e-12
-5.64588e-05	0.062	7.96408e-15
-5.17563e-05	0.062	5.56097e-17
-4.70538e-05	0.062	2.28932e-22
-4.23513e-05	0.062	5.89066e-26
-0.000131699	0.066	1.48058e-34
-0.000126996	0.066	4.5829e-30
-0.000122294	0.066	5.49441e-25
-0.000117591	0.066	9.45037e-22
-0.000112889	0.066	1.32272e-18
-0.000108186	0.066	4.29202e-16
-0.000103484	0.066	4.22091e-14
-9.87813e-05	0.066	4.70657e-12
-9.40788e-05	0.066	7.19001e-11
-8.93763e-05	0.066	1.01331e-10
-8.46738e-05	0.066	7.21639e-10
-7.99713e-05	0.066	2.08589e-10
-7.52688e-05	0.066	9.83321e-11
-7.05663e-05	0.066	2.14739e-11
-6.58638e-05	0.066	6.10627e-12
-6.11613e-05	0.066	4.31191e-13
-5.64588e-05	0.066	8.19765e-16
-5.17563e-05	0.066	2.93007e-18
-4.70538e-05	0.066	8.45127e-24
-4.23513e-05	0.066	1.07077e-25
-0.000131699	0.07	2.4513e-35
-0.000126996	0.07	1.02509e-30
-0.000122294	0.07	2.42869e-26
-0.000117591	0.07	1.7271e-22
-0.000112889	0.07	6.77509e-20
-0.000108186	0.07	4.45906e-17
-0.000103484	0.07	6.63227e-15
-9.87813e-05	0.07	1.55185e-13
-9.40788e-05	0.07	1.36263e-12
-8.93763e-05	0.07	2.55801e-12
-8.46738e-05	0.07	2.04821e-11
-7.99713e-05	0.07	1.36682e-11
-7.52688e-05	0.07	6.27291e-12
-7.05663e-05	0.07	1.93967e-12
-6.58638e-05	0.07	8.0921e-13
-6.11613e-05	0.07	3.20476e-14
-5.64588e-05	0.07	1.75948e-18
-5.17563e-05	0.07	4.38574e-21
-4.70538e-05	0.07	6.55184e-26
-4.23513e-05	0.07	2.47076e-29
-0.000131699	0.074	2.14055e-36
-0.000126996	0.074	6.25754e-32
-0.000122294	0.074	3.2131e-27
-0.000117591	0.074	4.77605e-24
-0.000112889	0.074	4.75965e-21
-0.000108186	0.074	2.26403e-18
-0.000103484	0.074	4.636e-16
-9.87813e-05	0.074	4.92558e-15
-9.40788e-05	0.074	3.80852e-14
-8.93763e-05	0.074	4.29717e-13
-8.46738e-05	0.074	2.89025e-12
-7.99713e-05	0.074	1.83259e-12
-7.52688e-05	0.074	5.97389e-13
-7.05663e-05	0.074	1.2952e-13
-6.58638e-05	0.074	2.59725e-14
-6.11613e-05	0.074	1.42056e-16
-5.64588e-05	0.074	3.31653e-19
-5.17563e-05	0.074	2.27604e-22
-4.70538e-05	0.074	6.27082e-28
-4.23513e-05	0.074	9.30192e-30
-0.000131699	0.078	4.02015e-38
-0.000126996	0.078	4.81142e-32
-0.000122294	0.078	9.94904e-29
-0.000117591	0.078	5.4999e-25
-0.000112889	0.078	9.92488e-22
-0.000108186	0.078	4.77696e-19
-0.000103484	0.078	1.6595e-17
-9.87813e-05	0.078	6.65505e-17
-9.40788e-05	0.078	2.50983e-15
-8.93763e-05	0.078	2.02149e-14
-8.46738e-05	0.078	6.73885e-14
-7.99713e-05	0.078	6.73777e-14
-7.52688e-05	0.078	3.28666e-14
-7.05663e-05	0.078	4.16004e-14
-6.58638e-05	0.078	2.02262e-16
-6.11613e-05	0.078	1.33446e-18
-5.64588e-05	0.078	2.87324e-21
-5.17563e-05	0.078	5.25573e-24
-4.70538e-05	0.078	7.00916e-29
-4.23513e-05	0.078	2.25228e-31
