#n_l	N_0	probability

1.4501	0.002	0
1.45111	0.002	3.49124e-11
1.45212	0.002	0.00503799
1.45313	0.002	0.000400513
1.45414	0.002	0.0541956
1.45514	0.002	1.52053
1.45615	0.002	0.346458
1.45716	0.002	90.5307
1.45817	0.002	5.77199
1.45918	0.002	674.531
1.46018	0.002	43.5754
1.46119	0.002	3722.83
1.4622	0.002	485.189
1.46321	0.002	5003.51
1.46422	0.002	2541.9
1.46522	0.002	3466.69
1.46623	0.002	9409.84
1.46724	0.002	2044.22
1.46825	0.002	58235.2
1.46926	0.002	416.383
1.47026	0.002	38358.4
1.47127	0.002	5290.55
1.47228	0.002	13308
1.47329	0.002	24808.9
1.4743	0.002	915.61
1.4753	0.002	23718.4
1.47631	0.002	402.554
1.47732	0.002	9314.26
1.47833	0.002	8517.15
1.47934	0.002	135.853
1.48034	0.002	6683.67
1.48135	0.002	239.877
1.48236	0.002	603.859
1.48337	0.002	477.705
1.48438	0.002	3.41425
1.48538	0.002	49.2737
1.48639	0.002	11.7996
1.4874	0.002	1.57204
1.48841	0.002	2.76838
1.48942	0.002	0.521911
1.49042	0.002	0.198324
1.49143	0.002	0.207961
1.49244	0.002	0.00494732
1.49345	0.002	0.00155853
1.49446	0.002	0.00127644
1.49546	0.002	1.00151e-06
1.49647	0.002	7.41333e-06
1.49748	0.002	1.08735e-05
1.49849	0.002	1.4645e-10
1.4995	0.002	4.15543e-08
1.4501	0.006	0
1.45111	0.006	2.26337e-10
1.45212	0.006	5.81287e-05
1.45313	0.006	0.000977857
1.45414	0.006	0.00719037
1.45514	0.006	0.62711
1.45615	0.006	0.0278942
1.45716	0.006	13.3326
1.45817	0.006	0.46608
1.45918	0.006	67.6535
1.46018	0.006	2.65718
1.46119	0.006	303.933
1.4622	0.006	22.1992
1.46321	0.006	712.566
1.46422	0.006	144.116
1.46522	0.006	1984.98
1.46623	0.006	1337.13
1.46724	0.006	208.205
1.46825	0.006	5485.46
1.46926	0.006	149.886
1.47026	0.006	4744.4
1.47127	0.006	210.913
1.47228	0.006	1153.44
1.47329	0.006	1546.08
1.4743	0.006	281.693
1.4753	0.006	4251.95
1.47631	0.006	19.2041
1.47732	0.006	1567.5
1.47833	0.006	83.5746
1.47934	0.006	100.455
1.48034	0.006	233.566
1.48135	0.006	19.3967
1.48236	0.006	18.2384
1.48337	0.006	28.3178
1.48438	0.006	1.66484
1.48538	0.006	8.85154
1.48639	0.006	1.01129
1.4874	0.006	0.123123
1.48841	0.006	1.60389
1.48942	0.006	0.0341165
1.49042	0.006	0.0069381
1.49143	0.006	0.0232608
1.49244	0.006	0.00135073
1.49345	0.006	0.000178043
1.49446	0.006	0.000179835
1.49546	0.006	1.2099e-07
1.49647	0.006	1.50935e-06
1.49748	0.006	2.01509e-07
1.49849	0.006	2.65346e-10
1.4995	0.006	3.70957e-08
1.4501	0.01	0
1.45111	0.01	2.92007e-10
1.45212	0.01	1.3279e-05
1.45313	0.01	0.000189523
1.45414	0.01	0.000259474
1.45514	0.01	0.225183
1.45615	0.01	0.00132441
1.45716	0.01	9.66755
1.45817	0.01	0.0137418
1.45918	0.01	23.2282
1.46018	0.01	0.141423
1.46119	0.01	59.4806
1.4622	0.01	1.59205
1.46321	0.01	186.316
1.46422	0.01	70.4732
1.46522	0.01	134.192
1.46623	0.01	140.304
1.46724	0.01	54.1604
1.46825	0.01	216.471
1.46926	0.01	44.513
1.47026	0.01	746.332
1.47127	0.01	12.2506
1.47228	0.01	326.326
1.47329	0.01	96.2198
1.4743	0.01	62.1908
1.4753	0.01	209.857
1.47631	0.01	9.96154
1.47732	0.01	561.931
1.47833	0.01	36.2788
1.47934	0.01	33.5175
1.48034	0.01	310.471
1.48135	0.01	0.275087
1.48236	0.01	4.60244
1.48337	0.01	3.02537
1.48438	0.01	0.135199
1.48538	0.01	1.84218
1.48639	0.01	0.078386
1.4874	0.01	0.0175912
1.48841	0.01	0.0506998
1.48942	0.01	0.000853274
1.49042	0.01	0.000604111
1.49143	0.01	0.00110425
1.49244	0.01	3.61532e-05
1.49345	0.01	3.35818e-05
1.49446	0.01	4.63891e-05
1.49546	0.01	1.33176e-08
1.49647	0.01	1.42416e-06
1.49748	0.01	6.78258e-09
1.49849	0.01	2.18971e-11
1.4995	0.01	1.12748e-09
1.4501	0.014	0
1.45111	0.014	3.03468e-07
1.45212	0.014	4.50331e-07
1.45313	0.014	0.000352099
1.45414	0.014	1.0082e-05
1.45514	0.014	0.0224223
1.45615	0.014	1.71801e-05
1.45716	0.014	0.380115
1.45817	0.014	0.00329596
1.45918	0.014	2.63375
1.46018	0.014	0.0126862
1.46119	0.014	16.7662
1.4622	0.014	0.10865
1.46321	0.014	16.6064
1.46422	0.014	0.875801
1.46522	0.014	14.9992
1.46623	0.014	7.04633
1.46724	0.014	14.6568
1.46825	0.014	79.7919
1.46926	0.014	4.16417
1.47026	0.014	242.911
1.47127	0.014	1.15031
1.47228	0.014	335.749
1.47329	0.014	7.8277
1.4743	0.014	41.1796
1.4753	0.014	32.9731
1.47631	0.014	1.90549
1.47732	0.014	11.4307
1.47833	0.014	2.47498
1.47934	0.014	2.60365
1.48034	0.014	1.3565
1.48135	0.014	0.105713
1.48236	0.014	4.93733
1.48337	0.014	0.224153
1.48438	0.014	0.00729551
1.48538	0.014	0.052592
1.48639	0.014	0.00300589
1.4874	0.014	0.02429
1.48841	0.014	0.00407783
1.48942	0.014	7.1675e-05
1.49042	0.014	0.000805215
1.49143	0.014	0.000183425
1.49244	0.014	6.18663e-07
1.49345	0.014	4.06833e-06
1.49446	0.014	2.08465e-06
1.49546	0.014	6.40195e-09
1.49647	0.014	6.00201e-08
1.49748	0.014	1.3584e-10
1.49849	0.014	1.32311e-11
1.4995	0.014	7.05173e-11
1.4501	0.018	0
1.45111	0.018	2.13405e-09
1.45212	0.018	7.30068e-08
1.45313	0.018	5.95017e-05
1.45414	0.018	1.75474e-07
1.45514	0.018	0.0169713
1.45615	0.018	2.29361e-06
1.45716	0.018	0.083903
1.45817	0.018	0.000273969
1.45918	0.018	0.681593
1.46018	0.018	0.0050304
1.46119	0.018	1.97758
1.4622	0.018	0.011049
1.46321	0.018	20.4211
1.46422	0.018	0.0706743
1.46522	0.018	4.90566
1.46623	0.018	2.06447
1.46724	0.018	16.0642
1.46825	0.018	33.6662
1.46926	0.018	0.532702
1.47026	0.018	6.58632
1.47127	0.018	0.541125
1.47228	0.018	3.3145
1.47329	0.018	0.6454
1.4743	0.018	0.956437
1.4753	0.018	5.48913
1.47631	0.018	0.0786005
1.47732	0.018	9.38947
1.47833	0.018	0.122949
1.47934	0.018	0.464155
1.48034	0.018	0.30691
1.48135	0.018	0.0080978
1.48236	0.018	0.140473
1.48337	0.018	0.0182587
1.48438	0.018	0.0319625
1.48538	0.018	0.031567
1.48639	0.018	0.000493637
1.4874	0.018	0.000308184
1.48841	0.018	0.00123532
1.48942	0.018	8.2271e-06
1.49042	0.018	5.50878e-05
1.49143	0.018	1.54454e-05
1.49244	0.018	1.5011e-07
1.49345	0.018	6.49962e-07
1.49446	0.018	2.75132e-06
1.49546	0.018	5.95286e-10
1.49647	0.018	6.51402e-08
1.49748	0.018	9.81743e-12
1.49849	0.018	2.22069e-12
1.4995	0.018	6.41563e-12
1.4501	0.022	0
1.45111	0.022	1.69064e-09
1.45212	0.022	2.08464e-10
1.45313	0.022	1.07217e-05
1.45414	0.022	4.35556e-08
1.45514	0.022	0.000717827
1.45615	0.022	2.45355e-08
1.45716	0.022	0.00526085
1.45817	0.022	2.57581e-05
1.45918	0.022	0.0603425
1.46018	0.022	0.000453517
1.46119	0.022	0.117464
1.4622	0.022	0.0034052
1.46321	0.022	0.231039
1.46422	0.022	0.0085744
1.46522	0.022	1.68571
1.46623	0.022	0.0767926
1.46724	0.022	0.164402
1.46825	0.022	0.336515
1.46926	0.022	0.364099
1.47026	0.022	3.63315
1.47127	0.022	0.0891996
1.47228	0.022	3.37957
1.47329	0.022	0.046949
1.4743	0.022	1.42446
1.4753	0.022	0.263272
1.47631	0.022	0.012481
1.47732	0.022	0.287345
1.47833	0.022	0.0120532
1.47934	0.022	0.167257
1.48034	0.022	0.0157547
1.48135	0.022	0.0011463
1.48236	0.022	0.00625636
1.48337	0.022	0.000946695
1.48438	0.022	0.000418352
1.48538	0.022	0.00069171
1.48639	0.022	1.68375e-05
1.4874	0.022	0.000358081
1.48841	0.022	0.000175184
1.48942	0.022	7.56848e-07
1.49042	0.022	2.6332e-05
1.49143	0.022	7.38669e-07
1.49244	0.022	1.6873e-08
1.49345	0.022	9.67791e-07
1.49446	0.022	2.02439e-08
1.49546	0.022	1.10561e-09
1.49647	0.022	1.71044e-09
1.49748	0.022	9.58482e-14
1.49849	0.022	1.1785e-12
1.4995	0.022	9.05822e-14
1.4501	0.026	0
1.45111	0.026	8.31991e-10
1.45212	0.026	2.35186e-12
1.45313	0.026	1.26312e-06
1.45414	0.026	1.86931e-10
1.45514	0.026	0.000646285
1.45615	0.026	3.07145e-07
1.45716	0.026	0.00230657
1.45817	0.026	1.04678e-05
1.45918	0.026	0.017168
1.46018	0.026	8.83032e-05
1.46119	0.026	0.124361
1.4622	0.026	0.000370518
1.46321	0.026	0.272841
1.46422	0.026	0.00113651
1.46522	0.026	0.0965412
1.46623	0.026	0.00332653
1.46724	0.026	0.0771741
1.46825	0.026	0.0277103
1.46926	0.026	0.177225
1.47026	0.026	0.0905265
1.47127	0.026	0.00770189
1.47228	0.026	0.107563
1.47329	0.026	0.00306754
1.4743	0.026	0.0591344
1.4753	0.026	0.0192025
1.47631	0.026	0.0087293
1.47732	0.026	0.231007
1.47833	0.026	0.000964931
1.47934	0.026	0.00813141
1.48034	0.026	0.0164628
1.48135	0.026	0.000589175
1.48236	0.026	0.00272408
1.48337	0.026	7.28599e-05
1.48438	0.026	0.000944209
1.48538	0.026	0.00292346
1.48639	0.026	6.05279e-06
1.4874	0.026	2.8636e-05
1.48841	0.026	4.62085e-05
1.48942	0.026	2.29009e-07
1.49042	0.026	8.74861e-07
1.49143	0.026	2.30248e-06
1.49244	0.026	2.18603e-09
1.49345	0.026	2.13211e-07
1.49446	0.026	2.09958e-09
1.49546	0.026	8.5815e-11
1.49647	0.026	7.37284e-11
1.49748	0.026	1.22082e-14
1.49849	0.026	2.36557e-13
1.4995	0.026	5.37713e-14
1.4501	0.03	0
1.45111	0.03	3.25469e-10
1.45212	0.03	3.68363e-13
1.45313	0.03	4.4796e-06
1.45414	0.03	1.28805e-11
1.45514	0.03	1.91514e-05
1.45615	0.03	2.49594e-08
1.45716	0.03	7.13428e-05
1.45817	0.03	6.79274e-06
1.45918	0.03	0.000332347
1.46018	0.03	0.000101603
1.46119	0.03	0.0021042
1.4622	0.03	3.0258e-05
1.46321	0.03	0.0068184
1.46422	0.03	5.31836e-05
1.46522	0.03	0.0186175
1.46623	0.03	0.000207681
1.46724	0.03	0.00793326
1.46825	0.03	0.00262758
1.46926	0.03	0.0196214
1.47026	0.03	0.0818054
1.47127	0.03	0.00160158
1.47228	0.03	0.111123
1.47329	0.03	0.000170952
1.4743	0.03	0.0563145
1.4753	0.03	0.00395057
1.47631	0.03	0.002967
1.47732	0.03	0.00292563
1.47833	0.03	7.20614e-05
1.47934	0.03	0.00757005
1.48034	0.03	0.00054372
1.48135	0.03	0.000167362
1.48236	0.03	0.0012415
1.48337	0.03	1.63867e-05
1.48438	0.03	3.71311e-05
1.48538	0.03	3.83622e-05
1.48639	0.03	1.83766e-06
1.4874	0.03	1.5693e-06
1.48841	0.03	1.11384e-06
1.48942	0.03	6.3452e-08
1.49042	0.03	2.33952e-07
1.49143	0.03	1.33661e-08
1.49244	0.03	9.55637e-10
1.49345	0.03	1.84374e-09
1.49446	0.03	3.46459e-11
1.49546	0.03	1.27812e-10
1.49647	0.03	1.0873e-10
1.49748	0.03	1.19147e-17
1.49849	0.03	6.84135e-14
1.4995	0.03	5.48471e-16
1.4501	0.034	0
1.45111	0.034	2.19286e-10
1.45212	0.034	6.36035e-15
1.45313	0.034	7.12551e-08
1.45414	0.034	7.62835e-13
1.45514	0.034	2.07231e-06
1.45615	0.034	3.04325e-08
1.45716	0.034	5.50143e-06
1.45817	0.034	9.08167e-06
1.45918	0.034	3.58695e-05
1.46018	0.034	2.74637e-05
1.46119	0.034	0.000107811
1.4622	0.034	3.09372e-05
1.46321	0.034	0.00338489
1.46422	0.034	1.56106e-05
1.46522	0.034	0.00160153
1.46623	0.034	3.75332e-05
1.46724	0.034	0.00982696
1.46825	0.034	0.000103333
1.46926	0.034	0.00118593
1.47026	0.034	0.000868155
1.47127	0.034	0.00107739
1.47228	0.034	0.00156022
1.47329	0.034	0.000100717
1.4743	0.034	0.00108803
1.4753	0.034	0.000275552
1.47631	0.034	0.000205764
1.47732	0.034	0.00133565
1.47833	0.034	1.95001e-05
1.47934	0.034	0.000241317
1.48034	0.034	3.49733e-05
1.48135	0.034	1.56915e-05
1.48236	0.034	2.54567e-05
1.48337	0.034	1.36198e-06
1.48438	0.034	7.67788e-06
1.48538	0.034	3.0843e-06
1.48639	0.034	2.96706e-08
1.4874	0.034	6.14899e-07
1.48841	0.034	7.65847e-08
1.48942	0.034	4.272e-09
1.49042	0.034	4.76602e-08
1.49143	0.034	1.04251e-09
1.49244	0.034	2.16593e-10
1.49345	0.034	1.09179e-09
1.49446	0.034	1.7841e-12
1.49546	0.034	3.67874e-12
1.49647	0.034	4.43295e-12
1.49748	0.034	1.09358e-18
1.49849	0.034	1.4324e-14
1.4995	0.034	8.87638e-18
1.4501	0.038	0
1.45111	0.038	1.71438e-11
1.45212	0.038	2.6323e-18
1.45313	0.038	8.6606e-09
1.45414	0.038	2.14485e-13
1.45514	0.038	2.14598e-07
1.45615	0.038	2.08443e-08
1.45716	0.038	3.00569e-06
1.45817	0.038	1.03932e-06
1.45918	0.038	1.75273e-05
1.46018	0.038	2.09933e-05
1.46119	0.038	2.87344e-05
1.4622	0.038	1.74404e-05
1.46321	0.038	9.3781e-05
1.46422	0.038	2.40811e-05
1.46522	0.038	0.00100324
1.46623	0.038	2.08002e-06
1.46724	0.038	0.000264968
1.46825	0.038	3.41772e-05
1.46926	0.038	0.00339873
1.47026	0.038	0.000757542
1.47127	0.038	0.00015907
1.47228	0.038	0.00659424
1.47329	0.038	4.68426e-06
1.4743	0.038	0.00202039
1.4753	0.038	1.10607e-05
1.47631	0.038	0.000114643
1.47732	0.038	3.61331e-05
1.47833	0.038	1.36537e-06
1.47934	0.038	2.80881e-05
1.48034	0.038	8.51637e-07
1.48135	0.038	2.50853e-06
1.48236	0.038	1.05869e-05
1.48337	0.038	3.55807e-08
1.48438	0.038	4.16695e-07
1.48538	0.038	8.55117e-08
1.48639	0.038	1.27377e-08
1.4874	0.038	3.14983e-08
1.48841	0.038	3.62557e-09
1.48942	0.038	2.03745e-09
1.49042	0.038	1.43299e-09
1.49143	0.038	5.12134e-11
1.49244	0.038	2.8879e-11
1.49345	0.038	1.09924e-10
1.49446	0.038	5.09232e-14
1.49546	0.038	8.3729e-13
1.49647	0.038	4.91068e-14
1.49748	0.038	1.02583e-18
1.49849	0.038	1.41365e-15
1.4995	0.038	4.92511e-20
1.4501	0.042	0
1.45111	0.042	3.94927e-12
1.45212	0.042	3.72335e-19
1.45313	0.042	2.82191e-09
1.45414	0.042	2.27964e-12
1.45514	0.042	4.37128e-09
1.45615	0.042	3.84646e-08
1.45716	0.042	1.1939e-08
1.45817	0.042	2.59381e-07
1.45918	0.042	1.40684e-07
1.46018	0.042	1.456e-06
1.46119	0.042	6.41723e-07
1.4622	0.042	1.61622e-06
1.46321	0.042	7.99307e-05
1.46422	0.042	6.84887e-06
1.46522	0.042	4.98905e-05
1.46623	0.042	7.95307e-07
1.46724	0.042	0.00148955
1.46825	0.042	2.94507e-07
1.46926	0.042	1.66136e-05
1.47026	0.042	4.5891e-06
1.47127	0.042	1.35754e-05
1.47228	0.042	1.01482e-05
1.47329	0.042	1.30873e-06
1.4743	0.042	1.33655e-05
1.4753	0.042	1.80487e-07
1.47631	0.042	1.48462e-05
1.47732	0.042	3.81131e-06
1.47833	0.042	2.43536e-06
1.47934	0.042	1.69783e-06
1.48034	0.042	2.65492e-08
1.48135	0.042	1.85787e-06
1.48236	0.042	1.69904e-07
1.48337	0.042	3.95166e-09
1.48438	0.042	7.72326e-08
1.48538	0.042	5.18625e-09
1.48639	0.042	4.35456e-09
1.4874	0.042	7.84178e-09
1.48841	0.042	5.76314e-11
1.48942	0.042	2.54451e-10
1.49042	0.042	3.93956e-10
1.49143	0.042	1.79969e-12
1.49244	0.042	2.77336e-12
1.49345	0.042	1.33367e-12
1.49446	0.042	9.97155e-15
1.49546	0.042	5.4813e-14
1.49647	0.042	3.41846e-15
1.49748	0.042	1.68204e-19
1.49849	0.042	4.34049e-16
1.4995	0.042	2.80021e-23
1.4501	0.046	0
1.45111	0.046	8.07377e-12
1.45212	0.046	8.85376e-19
1.45313	0.046	1.69554e-11
1.45414	0.046	8.5334e-12
1.45514	0.046	1.00302e-09
1.45615	0.046	6.44333e-09
1.45716	0.046	2.87284e-09
1.45817	0.046	8.26499e-07
1.45918	0.046	4.77629e-08
1.46018	0.046	4.02441e-06
1.46119	0.046	1.16693e-07
1.4622	0.046	1.77303e-06
1.46321	0.046	5.46503e-07
1.46422	0.046	1.0173e-07
1.46522	0.046	2.15459e-05
1.46623	0.046	5.39403e-08
1.46724	0.046	3.39352e-06
1.46825	0.046	2.01539e-08
1.46926	0.046	3.01966e-06
1.47026	0.046	1.90045e-07
1.47127	0.046	2.17014e-06
1.47228	0.046	6.92566e-07
1.47329	0.046	1.17947e-07
1.4743	0.046	1.35294e-06
1.4753	0.046	1.25375e-08
1.47631	0.046	7.03993e-07
1.47732	0.046	6.39445e-08
1.47833	0.046	1.69251e-08
1.47934	0.046	3.5162e-08
1.48034	0.046	1.03273e-09
1.48135	0.046	2.03991e-08
1.48236	0.046	1.56305e-08
1.48337	0.046	2.25886e-10
1.48438	0.046	1.41703e-09
1.48538	0.046	1.41733e-10
1.48639	0.046	8.42742e-11
1.4874	0.046	1.35501e-09
1.48841	0.046	2.15719e-12
1.48942	0.046	3.03613e-12
1.49042	0.046	2.72437e-11
1.49143	0.046	4.72717e-14
1.49244	0.046	2.37875e-13
1.49345	0.046	4.87104e-14
1.49446	0.046	1.64308e-16
1.49546	0.046	3.93652e-15
1.49647	0.046	2.36416e-17
1.49748	0.046	3.96244e-19
1.49849	0.046	2.35423e-18
1.4995	0.046	2.09213e-24
1.4501	0.05	0
1.45111	0.05	1.69772e-13
1.45212	0.05	1.3088e-17
1.45313	0.05	1.06762e-12
1.45414	0.05	1.82675e-12
1.45514	0.05	4.4549e-12
1.45615	0.05	1.16546e-10
1.45716	0.05	2.56028e-11
1.45817	0.05	3.33037e-09
1.45918	0.05	1.18084e-10
1.46018	0.05	9.95642e-09
1.46119	0.05	2.49121e-09
1.4622	0.05	2.75468e-08
1.46321	0.05	3.81541e-09
1.46422	0.05	1.16355e-08
1.46522	0.05	3.37664e-08
1.46623	0.05	7.70225e-09
1.46724	0.05	2.24926e-07
1.46825	0.05	1.75132e-09
1.46926	0.05	1.71617e-07
1.47026	0.05	1.83985e-09
1.47127	0.05	4.68198e-08
1.47228	0.05	9.61003e-09
1.47329	0.05	5.13756e-09
1.4743	0.05	5.117e-08
1.4753	0.05	6.35434e-10
1.47631	0.05	2.40868e-08
1.47732	0.05	7.98376e-10
1.47833	0.05	3.39157e-09
1.47934	0.05	5.69729e-09
1.48034	0.05	5.60904e-11
1.48135	0.05	2.50543e-09
1.48236	0.05	2.3578e-10
1.48337	0.05	4.01983e-11
1.48438	0.05	2.61214e-10
1.48538	0.05	7.34144e-12
1.48639	0.05	6.82503e-12
1.4874	0.05	1.0068e-11
1.48841	0.05	6.53421e-14
1.48942	0.05	2.12859e-13
1.49042	0.05	7.46385e-14
1.49143	0.05	2.52029e-15
1.49244	0.05	7.72389e-15
1.49345	0.05	1.43131e-15
1.49446	0.05	3.07619e-18
1.49546	0.05	9.08819e-17
1.49647	0.05	1.41257e-18
1.49748	0.05	6.4123e-21
1.49849	0.05	1.33952e-19
1.4995	0.05	6.0259e-28
1.4501	0.054	0
1.45111	0.054	9.56431e-16
1.45212	0.054	2.78659e-18
1.45313	0.054	2.48414e-14
1.45414	0.054	2.28569e-13
1.45514	0.054	5.2086e-14
1.45615	0.054	4.44944e-11
1.45716	0.054	1.81892e-13
1.45817	0.054	4.22164e-10
1.45918	0.054	2.49437e-12
1.46018	0.054	7.70688e-10
1.46119	0.054	1.59634e-11
1.4622	0.054	5.87061e-09
1.46321	0.054	1.04081e-10
1.46422	0.054	3.48773e-09
1.46522	0.054	1.14652e-09
1.46623	0.054	6.49263e-10
1.46724	0.054	5.04962e-09
1.46825	0.054	4.05918e-10
1.46926	0.054	1.12083e-08
1.47026	0.054	6.98903e-11
1.47127	0.054	6.42315e-09
1.47228	0.054	4.44413e-10
1.47329	0.054	5.59333e-10
1.4743	0.054	1.13788e-09
1.4753	0.054	3.31301e-11
1.47631	0.054	8.72307e-10
1.47732	0.054	5.29636e-11
1.47833	0.054	9.80741e-10
1.47934	0.054	6.60653e-11
1.48034	0.054	2.13536e-12
1.48135	0.054	6.1927e-11
1.48236	0.054	7.11825e-12
1.48337	0.054	1.60018e-12
1.48438	0.054	7.08547e-12
1.48538	0.054	1.28774e-13
1.48639	0.054	4.63012e-13
1.4874	0.054	1.56806e-13
1.48841	0.054	3.14828e-15
1.48942	0.054	1.20463e-14
1.49042	0.054	2.15291e-15
1.49143	0.054	2.39043e-17
1.49244	0.054	4.98983e-16
1.49345	0.054	5.68103e-17
1.49446	0.054	4.81692e-19
1.49546	0.054	5.64609e-18
1.49647	0.054	5.31902e-21
1.49748	0.054	5.58411e-21
1.49849	0.054	8.96926e-22
1.4995	0.054	1.60482e-30
1.4501	0.058	0
1.45111	0.058	2.71747e-17
1.45212	0.058	1.04985e-18
1.45313	0.058	4.95687e-17
1.45414	0.058	3.85591e-14
1.45514	0.058	8.81033e-16
1.45615	0.058	3.34811e-12
1.45716	0.058	1.73017e-15
1.45817	0.058	2.44932e-11
1.45918	0.058	3.10257e-14
1.46018	0.058	7.55374e-11
1.46119	0.058	5.03004e-13
1.4622	0.058	1.27818e-10
1.46321	0.058	5.43306e-12
1.46422	0.058	1.38312e-10
1.46522	0.058	3.53489e-11
1.46623	0.058	5.77945e-11
1.46724	0.058	2.04364e-10
1.46825	0.058	1.9027e-11
1.46926	0.058	3.5731e-10
1.47026	0.058	2.81554e-12
1.47127	0.058	5.22202e-10
1.47228	0.058	7.11595e-12
1.47329	0.058	6.0767e-10
1.4743	0.058	3.11416e-11
1.4753	0.058	4.26181e-11
1.47631	0.058	8.81002e-11
1.47732	0.058	1.97317e-12
1.47833	0.058	5.42835e-12
1.47934	0.058	6.84879e-12
1.48034	0.058	2.96849e-13
1.48135	0.058	3.68033e-12
1.48236	0.058	2.34002e-13
1.48337	0.058	3.54662e-13
1.48438	0.058	9.28887e-14
1.48538	0.058	2.54671e-15
1.48639	0.058	2.89707e-14
1.4874	0.058	6.90704e-15
1.48841	0.058	9.55793e-17
1.48942	0.058	7.92323e-16
1.49042	0.058	1.10428e-16
1.49143	0.058	6.23772e-18
1.49244	0.058	9.44704e-18
1.49345	0.058	1.20032e-18
1.49446	0.058	1.22546e-19
1.49546	0.058	7.29032e-20
1.49647	0.058	1.16214e-23
1.49748	0.058	9.21853e-23
1.49849	0.058	6.04076e-23
1.4995	0.058	1.32736e-32
1.4501	0.062	0
1.45111	0.062	3.23529e-19
1.45212	0.062	6.21996e-18
1.45313	0.062	8.55434e-19
1.45414	0.062	3.17179e-15
1.45514	0.062	2.79921e-17
1.45615	0.062	2.29638e-13
1.45716	0.062	3.92161e-17
1.45817	0.062	7.58271e-13
1.45918	0.062	1.15439e-15
1.46018	0.062	3.30131e-12
1.46119	0.062	1.94052e-14
1.4622	0.062	1.07531e-11
1.46321	0.062	1.52166e-13
1.46422	0.062	1.63539e-11
1.46522	0.062	9.63481e-13
1.46623	0.062	4.12261e-12
1.46724	0.062	6.7432e-12
1.46825	0.062	4.66911e-12
1.46926	0.062	3.8366e-11
1.47026	0.062	2.21338e-13
1.47127	0.062	6.99827e-12
1.47228	0.062	5.76653e-13
1.47329	0.062	1.77286e-12
1.4743	0.062	4.93791e-12
1.4753	0.062	3.47231e-13
1.47631	0.062	3.21719e-12
1.47732	0.062	3.93506e-14
1.47833	0.062	2.23457e-13
1.47934	0.062	1.16233e-13
1.48034	0.062	3.49338e-14
1.48135	0.062	1.1354e-13
1.48236	0.062	6.1245e-15
1.48337	0.062	3.48566e-15
1.48438	0.062	3.56544e-15
1.48538	0.062	6.07708e-17
1.48639	0.062	2.42981e-15
1.4874	0.062	1.50644e-15
1.48841	0.062	8.69564e-18
1.48942	0.062	3.26294e-17
1.49042	0.062	5.9983e-18
1.49143	0.062	2.74226e-19
1.49244	0.062	1.29529e-17
1.49345	0.062	6.8238e-20
1.49446	0.062	1.0717e-20
1.49546	0.062	1.27502e-20
1.49647	0.062	3.12605e-25
1.49748	0.062	4.76175e-23
1.49849	0.062	3.49823e-24
1.4995	0.062	6.04542e-33
1.4501	0.066	0
1.45111	0.066	1.25055e-20
1.45212	0.066	2.62077e-19
1.45313	0.066	7.56381e-21
1.45414	0.066	1.00394e-15
1.45514	0.066	1.6366e-19
1.45615	0.066	1.08531e-14
1.45716	0.066	1.15307e-18
1.45817	0.066	5.03059e-14
1.45918	0.066	1.63235e-16
1.46018	0.066	4.55159e-13
1.46119	0.066	5.29516e-16
1.4622	0.066	4.24534e-13
1.46321	0.066	2.8887e-15
1.46422	0.066	2.15981e-13
1.46522	0.066	3.22458e-14
1.46623	0.066	2.19392e-12
1.46724	0.066	2.73578e-13
1.46825	0.066	3.21272e-14
1.46926	0.066	3.33162e-13
1.47026	0.066	1.88228e-14
1.47127	0.066	9.70495e-13
1.47228	0.066	8.18027e-15
1.47329	0.066	3.76952e-13
1.4743	0.066	7.61459e-14
1.4753	0.066	2.91576e-14
1.47631	0.066	1.92816e-13
1.47732	0.066	1.13893e-15
1.47833	0.066	2.98943e-14
1.47934	0.066	1.50728e-14
1.48034	0.066	6.10521e-16
1.48135	0.066	7.10498e-15
1.48236	0.066	2.86558e-16
1.48337	0.066	3.79114e-15
1.48438	0.066	2.40933e-15
1.48538	0.066	1.58879e-17
1.48639	0.066	5.48451e-17
1.4874	0.066	9.63122e-18
1.48841	0.066	1.02602e-18
1.48942	0.066	5.00866e-18
1.49042	0.066	5.17807e-19
1.49143	0.066	4.15084e-20
1.49244	0.066	6.02564e-20
1.49345	0.066	2.00773e-21
1.49446	0.066	3.56968e-22
1.49546	0.066	2.18368e-21
1.49647	0.066	4.25091e-27
1.49748	0.066	3.43527e-24
1.49849	0.066	5.09811e-26
1.4995	0.066	4.80497e-32
1.4501	0.07	0
1.45111	0.07	7.44365e-23
1.45212	0.07	4.41094e-20
1.45313	0.07	1.00412e-22
1.45414	0.07	5.02612e-17
1.45514	0.07	3.37285e-21
1.45615	0.07	2.7857e-16
1.45716	0.07	2.70704e-18
1.45817	0.07	1.48421e-15
1.45918	0.07	5.08322e-17
1.46018	0.07	5.06755e-15
1.46119	0.07	1.5972e-16
1.4622	0.07	1.63179e-14
1.46321	0.07	8.92794e-17
1.46422	0.07	3.21118e-14
1.46522	0.07	1.66175e-15
1.46623	0.07	1.93213e-14
1.46724	0.07	7.67534e-15
1.46825	0.07	2.14519e-14
1.46926	0.07	2.15565e-14
1.47026	0.07	4.13755e-15
1.47127	0.07	3.8666e-14
1.47228	0.07	6.78719e-16
1.47329	0.07	1.67094e-14
1.4743	0.07	3.46973e-15
1.4753	0.07	2.29445e-15
1.47631	0.07	1.3498e-14
1.47732	0.07	2.4881e-16
1.47833	0.07	1.267e-14
1.47934	0.07	4.24414e-16
1.48034	0.07	9.87851e-17
1.48135	0.07	3.11441e-16
1.48236	0.07	1.63006e-17
1.48337	0.07	3.60718e-17
1.48438	0.07	5.16437e-17
1.48538	0.07	8.24061e-19
1.48639	0.07	7.6806e-18
1.4874	0.07	6.68083e-19
1.48841	0.07	1.40761e-19
1.48942	0.07	2.37052e-19
1.49042	0.07	1.39314e-20
1.49143	0.07	1.70118e-20
1.49244	0.07	4.09233e-21
1.49345	0.07	4.45631e-22
1.49446	0.07	1.1933e-22
1.49546	0.07	1.28133e-22
1.49647	0.07	7.30448e-27
1.49748	0.07	3.57268e-25
1.49849	0.07	1.82136e-27
1.4995	0.07	1.83529e-32
1.4501	0.074	0
1.45111	0.074	9.43926e-25
1.45212	0.074	2.12574e-20
1.45313	0.074	5.59042e-25
1.45414	0.074	1.76674e-18
1.45514	0.074	4.30803e-23
1.45615	0.074	2.49142e-17
1.45716	0.074	1.83888e-20
1.45817	0.074	1.79054e-16
1.45918	0.074	1.07595e-17
1.46018	0.074	6.86592e-16
1.46119	0.074	3.35878e-17
1.4622	0.074	7.15125e-16
1.46321	0.074	1.67265e-17
1.46422	0.074	2.14373e-15
1.46522	0.074	1.7134e-17
1.46623	0.074	6.61821e-15
1.46724	0.074	2.23866e-16
1.46825	0.074	7.70033e-16
1.46926	0.074	3.85082e-15
1.47026	0.074	1.96724e-16
1.47127	0.074	6.61384e-15
1.47228	0.074	2.56805e-17
1.47329	0.074	3.80049e-15
1.4743	0.074	9.11057e-17
1.4753	0.074	8.7939e-16
1.47631	0.074	3.54856e-16
1.47732	0.074	2.2198e-17
1.47833	0.074	3.11423e-16
1.47934	0.074	8.60005e-18
1.48034	0.074	4.06411e-17
1.48135	0.074	1.07202e-16
1.48236	0.074	1.21888e-18
1.48337	0.074	3.31475e-18
1.48438	0.074	1.65141e-18
1.48538	0.074	8.42548e-20
1.48639	0.074	2.54682e-18
1.4874	0.074	2.84828e-20
1.48841	0.074	4.65395e-21
1.48942	0.074	3.16314e-20
1.49042	0.074	4.1657e-22
1.49143	0.074	1.46032e-22
1.49244	0.074	6.45228e-22
1.49345	0.074	1.34631e-24
1.49446	0.074	1.08574e-23
1.49546	0.074	4.57943e-24
1.49647	0.074	6.76172e-28
1.49748	0.074	1.63775e-26
1.49849	0.074	6.83021e-29
1.4995	0.074	3.43885e-32
1.4501	0.078	0
1.45111	0.078	2.00548e-26
1.45212	0.078	7.11134e-22
1.45313	0.078	5.4077e-27
1.45414	0.078	2.67578e-19
1.45514	0.078	3.80653e-24
1.45615	0.078	1.20038e-18
1.45716	0.078	5.07775e-20
1.45817	0.078	1.52633e-17
1.45918	0.078	5.45626e-19
1.46018	0.078	4.8889e-17
1.46119	0.078	1.61431e-18
1.4622	0.078	5.89796e-17
1.46321	0.078	9.79757e-19
1.46422	0.078	1.17653e-16
1.46522	0.078	1.37675e-18
1.46623	0.078	2.96238e-16
1.46724	0.078	4.62065e-17
1.46825	0.078	1.66301e-16
1.46926	0.078	7.64033e-17
1.47026	0.078	3.77546e-17
1.47127	0.078	6.92905e-17
1.47228	0.078	4.11158e-18
1.47329	0.078	7.53896e-17
1.4743	0.078	1.29337e-17
1.4753	0.078	8.85529e-18
1.47631	0.078	1.55284e-17
1.47732	0.078	4.99236e-19
1.47833	0.078	2.26841e-17
1.47934	0.078	4.36548e-19
1.48034	0.078	1.66693e-18
1.48135	0.078	1.08177e-18
1.48236	0.078	4.58855e-20
1.48337	0.078	9.04603e-19
1.48438	0.078	1.47836e-19
1.48538	0.078	1.37471e-20
1.48639	0.078	1.45185e-19
1.4874	0.078	1.80054e-21
1.48841	0.078	6.04684e-22
1.48942	0.078	3.5182e-21
1.49042	0.078	5.67537e-23
1.49143	0.078	1.79494e-22
1.49244	0.078	5.37571e-23
1.49345	0.078	7.99598e-26
1.49446	0.078	3.99614e-25
1.49546	0.078	1.42435e-26
1.49647	0.078	2.36564e-28
1.49748	0.078	3.06837e-27
1.49849	0.078	1.84813e-32
1.4995	0.078	3.90505e-33
