-148.165	-3065.02	1.51428
-147.574	-3058.02	1.58245
-147.012	-3050.52	1.59433
-146.385	-3043.52	1.5559
-144.452	-3023.53	1.53366
-143.804	-3016.95	1.56896
-143.165	-3009.93	1.57863
-142.499	-3003.11	1.5278
-141.798	-2997	1.505
-141.174	-2990.01	1.53834
-140.591	-2983.14	1.45182
-139.957	-2977.09	1.40763
-139.312	-2970.66	1.50073
-138.699	-2963.55	1.55829
-138.075	-2956.51	1.5236
-137.396	-2950.05	1.48063
-136.701	-2943.91	1.47756
-136.017	-2937.57	1.50097
-135.382	-2931.03	1.50453
-134.768	-2924.1	1.50621
-134.143	-2917.43	1.47481
-133.513	-2910.96	1.52383
-132.902	-2904.14	1.57498
-132.242	-2897.18	1.59582
-131.547	-2890.59	1.58695
-130.856	-2883.91	1.5882
-130.204	-2877.14	1.57287
-129.568	-2870.61	1.55213
-128.961	-2863.56	1.57282
-128.338	-2856.48	1.59376
-127.734	-2849	1.66149
-127.157	-2841.07	1.67601
-126.566	-2833.47	1.59092
-125.914	-2827	1.58738
-125.312	-2819.43	1.71604
-124.753	-2811.01	1.79344
-124.159	-2802.73	1.77669
-107.16	-2604.63	1.57887
-106.49	-2597.86	1.61563
-105.845	-2590.58	1.64135
-105.177	-2583.23	1.64914
-104.476	-2576.2	1.66419
-103.777	-2569.1	1.68885
-103.087	-2561.95	1.70178
-102.426	-2554.55	1.66259
-96.2484	-2477.78	1.85041
-95.6765	-2469.31	1.85617
-95.1	-2460.8	1.8857
-94.4914	-2452.55	1.891
-93.8767	-2444.42	1.91799
-93.2673	-2436	1.94454
-92.6508	-2427.66	1.99711
-92.0594	-2418.7	1.98106
-91.4198	-2410.48	1.96269
-90.7877	-2402.09	1.96436
-90.1518	-2393.63	1.97529
-89.4911	-2385.54	1.96815
-88.8454	-2377.1	1.92789
-88.2031	-2368.73	1.90791
-87.5592	-2360.51	1.90636
-86.9373	-2351.79	1.91038
-86.2915	-2343.41	1.88136
-85.6447	-2335.01	1.851
-84.9791	-2327.06	1.8867
-84.3551	-2318.05	1.94593
-83.7257	-2309.18	1.89375
-83.0674	-2300.97	1.88365
-82.4201	-2292.39	1.91075
-81.7654	-2283.99	1.94034
-81.1019	-2275.63	1.99382
-80.4583	-2266.35	2.03008
-79.7973	-2257.53	2.01309
-79.122	-2249.17	1.99682
-77.8393	-2231.06	2.03684
-74.0887	-2176.99	2.15855
-73.4643	-2167.46	2.16058
-72.8382	-2157.97	2.20093
-72.2555	-2147.85	2.28976
-71.6784	-2137.89	2.33076
-71.0885	-2127.58	2.37553
-70.4136	-2117.53	2.38975
-69.7495	-2107.15	2.45366
-69.1345	-2096.09	2.39792
-68.5355	-2086.22	2.37079
-67.9803	-2075.27	2.3404
-67.3435	-2065.16	2.29113
-66.69	-2055.45	2.35215
-66.052	-2045.16	2.39682
-65.3979	-2034.48	2.40489
-64.7387	-2023.96	2.39066
-64.0906	-2013.22	2.35415
-63.4317	-2003.15	2.31211
-62.7881	-1992.63	2.27344
-62.1338	-1982.5	2.22456
-61.4829	-1972.39	2.17594
-60.823	-1962.54	2.17472
-60.1785	-1952.4	2.20668
-59.547	-1942.05	2.15625
-58.8812	-1932.66	2.13671
-58.2079	-1923.29	2.12928
-57.5258	-1914.06	2.19735
-56.8778	-1903.84	2.18895
-56.1729	-1895.33	2.21953
-55.5344	-1884.95	2.28126
-54.8758	-1875.15	2.29055
-50.556	-1800.7	2.60687
-49.9845	-1788.61	2.60799
-49.3264	-1777.82	2.59828
-48.6997	-1765.98	2.71228
-48.0812	-1754.08	2.75502
-47.4902	-1742.12	2.7377
-46.8654	-1731.15	2.74958
-46.2318	-1719.15	2.79887
-45.579	-1707.07	2.75208
-44.9127	-1695.46	2.73541
-44.2597	-1684.22	2.672
-43.637	-1672.3	2.69433
-43.0162	-1660.35	2.67229
-42.4174	-1648.35	2.65366
-41.7969	-1637	2.72173
-41.1605	-1624.82	2.84192
-40.4996	-1611.92	2.88528
-39.8221	-1599.65	2.98473
-39.207	-1585.86	2.95137
-38.5651	-1573.71	2.83544
-37.9235	-1561.55	2.80688
-37.3028	-1549.07	2.86922
-36.7127	-1535.69	2.87827
-36.0928	-1523.09	2.87155
-35.4623	-1510.25	3.06654
-34.8551	-1496.6	3.30792
-34.1737	-1483.4	3.4656
-33.4849	-1468.78	3.6374
-32.8211	-1452.98	3.6167
-32.1559	-1439.16	3.5301
-31.5901	-1424.08	3.33503
-31.0156	-1409.34	3.24872
-30.4925	-1393.98	3.36141
-29.9439	-1379.44	3.50931
-29.3109	-1362.98	3.72127
-28.6572	-1346.66	3.8077
-27.9941	-1330.78	3.87873
-27.3466	-1313.97	3.76584
-26.6626	-1298.89	3.47251
-25.973	-1284.08	3.43941
-25.3068	-1269.02	3.33278
-24.6199	-1254.96	3.39564
-23.9669	-1239.38	3.53273
-23.2888	-1224.23	3.47571
-22.5981	-1209.59	3.54574
-21.3422	-1177.14	3.81685
-20.8007	-1159.14	3.88442
-20.223	-1141.59	3.95637
-19.6528	-1122.85	4.38731
-19.0939	-1102.62	4.61659
-18.4473	-1083.44	4.53146
-17.7931	-1064.67	4.54605
-17.1112	-1047.55	4.39801
-16.4611	-1029.01	4.49962
-15.8438	-1008.73	4.56048
-15.2161	-988.651	4.56479
-14.593	-968.071	4.7522
-13.9975	-945.981	4.97224
-13.3631	-924.831	4.94122
-12.7314	-903.521	5.15442
-12.1208	-880.781	5.3173
-11.5021	-858.071	5.31052
-10.8856	-835.231	5.55875
-10.269	-809.901	6.07626
-9.66517	-782.631	6.05494
-9.041	-756.431	6.37704
-8.41165	-727.921	6.61184
-7.79282	-698.601	7.12234
-7.16873	-666.161	7.21118
-6.4866	-635.071	7.23826
-5.83002	-601.481	7.4398
-5.16349	-569.631	7.48121
-4.53408	-535.121	8.18215
-3.92444	-498.771	10.0118
-3.37231	-454.191	12.4303
-2.85238	-405.781	17.4719
-2.49344	-349.461	38.2866
-2.20655	-289.581	81.4988
-2.0883	-200.401	161.34
-1.81445	-14.9312	247.428
52.1107	1824.73	2.35319
52.7536	1835.42	2.41108
53.3971	1846.38	2.42787
54.0461	1857.17	2.4262
54.7157	1867.15	2.46018
55.3379	1878.53	2.46145
55.9932	1888.91	2.45108
56.6178	1900.19	2.49551
57.2415	1911.5	2.51148
72.2774	2146.19	1.9815
72.944	2154.9	1.9441
73.6026	2163.52	1.92884
74.2581	2172.22	1.94405
74.9092	2180.95	1.90989
75.5642	2189.36	1.92476
76.1938	2198.39	1.96506
76.8136	2207.4	1.95072
77.4263	2216.3	1.98802
78.0151	2225.75	2.0328
78.624	2235.3	2.07643
79.2217	2245.15	2.01292
79.8763	2253.59	1.97749
80.4964	2262.85	2.04001
81.1254	2271.89	2.09035
81.7476	2281.69	2.11711
82.4025	2290.91	2.05038
83.0814	2299.49	2.05529
83.7092	2308.97	2.06153
84.351	2317.97	1.99657
85.0094	2326.55	1.9645
85.6731	2335.38	1.9304
86.3631	2343.53	1.91743
87.0223	2352.49	1.94894
87.6662	2361.27	1.88034
88.3302	2369.52	1.82874
88.9882	2377.9	1.83584
89.623	2386.35	1.88947
90.2207	2395.66	1.85813
90.8934	2403.42	1.79134
91.5629	2411.65	1.78895
92.2456	2419.55	1.79906
92.9048	2427.86	1.79107
93.5693	2435.59	1.75501
94.2225	2443.58	1.80236
94.8468	2452.21	1.77387
95.5092	2459.93	1.70403
96.1769	2467.53	1.7276
96.8214	2475.61	1.75602
97.4699	2483.55	1.76945
98.1074	2491.74	1.70707
98.7753	2499.01	1.68742
99.4131	2506.82	1.75019
100.043	2514.79	1.79784
100.679	2523.06	1.76569
101.359	2530.38	1.76525
102.033	2537.82	1.79316
105.245	2577.52	1.76821
105.865	2585.38	1.75349
106.483	2593.39	1.78239
107.078	2601.89	1.76283
107.698	2609.56	1.73832
108.297	2617.56	1.75205
108.915	2625.37	1.75906
109.556	2633.36	1.78801
110.189	2641.52	1.76116
110.842	2649.04	1.75513
111.468	2656.9	1.7615
112.112	2664.35	1.77049
112.762	2672.37	1.84276
113.39	2681.23	1.82504
114.065	2688.96	1.77552
114.701	2697.3	1.78743
115.344	2705.41	1.69745
116.013	2712.93	1.63751
116.659	2720.52	1.60372
117.322	2727.75	1.57669
117.986	2734.94	1.60723
118.633	2742.75	1.64202
119.29	2750.34	1.62119
119.952	2757.84	1.57552
120.643	2764.76	1.52251
121.365	2771.01	1.54938
122.033	2778.46	1.56128
122.725	2784.96	1.51964
123.4	2791.76	1.53776
