qbic/ba1a1_gamma
2.662e-05
2.724e-05
3.02215e-12
9.18815e-12
2.99124e-11
1.52127e-10
5.96194e-10
2.92523e-09
9.45225e-09
5.33493e-08
4.33501e-07
1.79277e-06
4.25401e-05
0.000117767
0.000369527
0.00136479
0.0043288
0.0120364
0.0364925
0.0827777
0.255204
0.775428
2.16575
15.5298
30.3203
135.391
896.76
2513.27
22125.1
17797.5
30087.1
41788.5
62765.8
92657.7
149087
154461
193065
242669
290599
354915
412429
621420
651397
992295
1.72035e+06
1.81802e+06
4.547e+06
8.04942e+06
2.4879e+07
2.65198e+07
2.64603e+07
1.35179e+07
2.47362e+07
7.1807e+06
5.3899e+06
3.46028e+06
2.15556e+06
1.66172e+06
1.18576e+06
1.44408e+06
681324
547224
340141
331314
139729
79040.9
40172.1
30958.6
12881.1
13978.6
9445.51
2683.67
1304.72
398.379
270.458
111.173
49.3738
28.3045
32.6159
8.56922
3.6663
2.26264
0.733592
0.140029
0.0521834
0.0136922
0.00320317
0.000813713
0.00031068
9.83019e-05
2.32821e-05
5.66522e-06
5.57906e-07
6.38508e-08
1.68583e-08
1.81969e-09
3.31581e-10
5.69905e-11
9.49504e-12
1.88076e-12
5.77695e-13
1.03807e-13
