qbic/ba1a2_gamma
2.676e-05
2.726e-05
7.582e-17
8.05956e-16
5.17036e-15
7.09384e-14
9.33743e-13
1.28752e-11
2.04052e-10
7.26551e-09
4.35898e-08
2.19399e-07
1.13169e-06
8.85513e-06
0.000100345
0.000711195
0.00406991
0.0314144
0.174536
0.945577
2.73881
10.5576
40.0772
131.273
450.026
1050.91
2324.11
4967.42
9742.72
17783.9
32133
58409.4
113293
207728
392351
658354
1.02652e+06
1.50861e+06
2.12021e+06
2.59968e+06
3.48199e+06
4.47793e+06
5.08444e+06
6.40409e+06
7.19632e+06
7.29286e+06
7.89189e+06
8.66808e+06
9.28722e+06
9.98153e+06
1.14106e+07
1.12083e+07
1.25765e+07
1.18879e+07
1.25407e+07
1.30024e+07
1.10606e+07
9.59475e+06
9.27902e+06
6.22165e+06
4.83511e+06
3.10542e+06
1.88365e+06
1.27929e+06
727025
409672
207025
119411
66984.6
35470
16534.5
6840.53
3117.54
1231.55
462.252
178.322
57.4477
17.4336
4.57256
1.22651
0.376756
0.101413
0.0205056
0.00420911
0.000844267
0.000162333
2.54288e-05
4.46369e-06
7.37562e-07
1.19362e-07
1.932e-08
3.50816e-09
6.82341e-10
1.23535e-10
2.40968e-11
5.18983e-12
8.21171e-13
1.57524e-13
3.17482e-14
7.6471e-15
1.82994e-15
4.03856e-16
