qbic/ba1a3_gamma
2.65e-05
2.702e-05
1.06753e-17
7.15146e-17
4.35432e-16
2.83656e-15
2.79841e-14
2.76516e-13
2.60054e-12
1.3493e-11
8.60082e-11
5.85426e-10
3.16622e-09
1.22907e-08
6.46732e-08
2.48234e-07
1.17568e-06
5.37165e-06
2.14113e-05
8.84641e-05
0.000384792
0.00182651
0.00630691
0.0256644
0.122596
0.467963
1.72832
4.78891
26.8315
138.516
318.149
792.311
1694.78
4683.1
9350.53
23676.6
42046.2
106847
249670
447961
863299
2.5954e+06
4.50152e+06
6.67845e+06
7.09731e+06
8.11341e+06
9.11053e+06
1.29822e+07
1.86385e+07
1.30388e+07
1.25494e+07
1.29843e+07
1.24005e+07
1.19778e+07
1.04603e+07
8.5582e+06
8.53329e+06
7.77365e+06
4.63279e+06
3.76965e+06
3.08942e+06
2.45145e+06
2.39549e+06
1.69349e+06
1.68163e+06
1.16038e+06
684736
433690
246068
144680
82399.8
40604.8
27632.8
16112.8
6859.02
3287.4
1581.15
944.282
394.899
106.276
68.4822
15.625
3.16313
0.537106
0.0944495
0.0274725
0.00416431
0.000581004
0.000100835
1.7704e-05
2.22214e-06
3.81384e-07
6.7484e-08
1.24361e-08
2.37985e-09
3.85828e-10
8.54657e-11
1.48923e-11
2.57737e-12
8.12464e-13
9.08768e-14
1.49487e-14
