qbic/ba2a2_gamma
2.668e-05
2.722e-05
6.83381e-25
4.55325e-23
8.45965e-21
1.47558e-19
4.35451e-18
2.50989e-17
1.76661e-16
2.67172e-15
1.20046e-14
1.05527e-13
3.22954e-11
9.18521e-11
3.20745e-09
6.51621e-09
9.28947e-08
2.73767e-07
1.13289e-06
9.10162e-06
3.24836e-05
0.000418591
0.00196384
0.00894913
0.0239613
0.0577232
0.170012
0.547858
1.63202
4.61683
15.9007
29.9961
72.2267
120.026
285.213
540.537
1410.39
3454.62
6311.49
13688.1
29049.4
53065.8
106932
217956
422913
732032
1.71438e+06
2.9884e+06
4.26258e+06
6.74322e+06
1.01048e+07
1.4986e+07
1.61459e+07
2.0693e+07
2.13724e+07
2.14743e+07
1.87985e+07
1.53186e+07
1.13401e+07
6.42397e+06
4.24977e+06
2.67605e+06
1.28816e+06
898366
651676
461444
428088
266449
177038
81484
26076.7
9884.03
8831.08
4207.95
2240.87
893.106
286.75
60.763
11.5883
3.97167
1.16634
0.128623
0.00719677
0.00101588
6.75325e-05
1.11833e-05
3.39287e-06
1.12017e-06
2.99502e-07
8.80046e-08
2.97968e-08
7.54058e-09
2.17154e-09
7.43693e-10
1.93231e-10
6.10797e-11
1.19806e-11
3.94355e-12
1.04437e-12
1.82008e-13
5.00971e-14
1.3824e-14
