qbic/ba2a1_gamma
2.652e-05
2.722e-05
9.69369e-15
1.73564e-13
2.24993e-12
1.02884e-10
4.41984e-10
3.24155e-09
4.32127e-08
1.5751e-07
6.26234e-07
1.04754e-06
1.4317e-06
1.51348e-06
5.72137e-06
1.99986e-05
4.74968e-05
0.000123002
0.000379752
0.00133243
0.010993
0.0395702
0.211045
0.540759
1.45868
2.95581
8.46187
25.9397
70.7954
126.321
475.754
988.316
2206.63
5486.19
11615.7
32694.5
93549.2
355651
730704
1.74842e+06
2.38783e+06
4.15558e+06
7.66128e+06
7.35718e+06
6.04608e+06
5.64273e+06
5.13583e+06
4.82772e+06
5.50567e+06
5.56492e+06
6.67855e+06
6.15073e+06
8.28455e+06
8.93094e+06
1.37126e+07
5.85928e+06
5.05325e+06
4.16267e+06
3.23232e+06
3.93621e+06
3.36011e+06
4.51391e+06
4.28324e+06
2.22243e+06
1.07926e+06
1.20803e+06
1.02103e+06
868929
469094
298111
144973
78736.9
29275.5
9197.47
2007.97
613.321
164.478
52.8128
22.386
9.55071
3.18908
1.19875
0.481264
0.104559
0.0434476
0.0111162
0.00352624
0.00133336
0.000400724
0.000191001
7.04403e-05
1.55094e-05
5.27362e-06
9.88769e-07
2.99384e-07
5.19717e-08
2.87127e-08
5.13631e-10
3.86907e-11
2.83895e-12
1.63907e-13
2.18697e-14
