qbic/ba2a3_gamma
2.658e-05
2.702e-05
4.97039e-19
7.4637e-18
8.28464e-17
7.59217e-16
8.08482e-15
5.46564e-14
3.79631e-13
2.19965e-12
1.28315e-11
8.08804e-11
4.45541e-10
2.12168e-09
8.8398e-09
3.61832e-08
1.55974e-07
4.91619e-07
1.75271e-06
6.41852e-06
2.91683e-05
0.000104125
0.000369507
0.00165643
0.006971
0.0299435
0.136158
0.59896
2.72406
12.1424
51.2359
231.179
822.47
3495.23
12161.2
51094.7
143642
467904
1.49772e+06
2.82292e+06
5.57871e+06
5.86322e+06
5.53388e+06
7.32308e+06
8.7932e+06
1.06103e+07
1.11754e+07
1.27599e+07
1.5311e+07
1.48233e+07
1.44939e+07
1.27027e+07
1.15109e+07
9.68036e+06
8.38981e+06
7.39902e+06
6.56215e+06
6.30348e+06
6.82239e+06
6.53611e+06
6.93176e+06
7.49404e+06
6.72897e+06
5.22303e+06
3.89821e+06
2.00439e+06
1.1529e+06
408077
152270
65878
22991.5
9043.56
3679.31
2039.92
1243.4
703.759
388.493
140.463
51.1394
10.0562
1.6582
0.407778
0.0609851
0.0105107
0.00241977
0.000429156
9.18096e-05
2.31572e-05
3.14332e-06
4.68672e-07
1.15152e-07
2.37972e-08
3.86946e-09
9.38966e-10
1.36628e-10
3.01467e-11
2.86166e-12
4.43165e-13
2.59766e-14
2.88557e-15
2.14144e-16
1.00609e-17
