-69.11385661027406	Qbic	-2365.8425779328627	9.83678595000796	8.69244228562599
-68.47244212613361	Qbic	-2355.8025779328627	9.389683509453784	8.557190554757446
-67.8103125424714	Qbic	-2346.3425779328627	8.76295634764292	7.862554608950151
-67.16978914533152	Qbic	-2337.892577932863	8.487115954503665	7.9260600540177455
-66.68635718626751	Qbic	-2328.3425779328627	8.391690843863351	8.565837083867962
-66.15910539641928	Qbic	-2318.3425779328627	8.42110283211746	8.96522211263213
-65.55672121622734	Qbic	-2307.8425779328627	8.79836468205157	8.546289686233232
-64.89753477606286	Qbic	-2298.8425779328627	9.069961419215096	8.754337584464027
-64.36956226587128	Qbic	-2287.8425779328627	8.983715894411109	9.0119459970377
-63.79285306219265	Qbic	-2278.3425779328627	8.804818012029807	8.791201087071975
-63.24965693144743	Qbic	-2267.8425779328627	9.01319564951407	9.848980377009688
-62.76168970154473	Qbic	-2255.8425779328627	9.34574390625572	9.927496995254282
-62.201070194951825	Qbic	-2245.3425779328627	9.655930553498997	9.876590699338603
-61.6715332942809	Qbic	-2233.8425779328627	9.661237431125675	9.642116158170506
-61.0834304032087	Qbic	-2223.8425779328627	9.522470779988017	9.363749026147609
-60.54905857794625	Qbic	-2212.8425779328627	9.339348764490017	9.79883737725235
-60.01465511490611	Qbic	-2201.8425779328627	9.408134130500368	9.358777179517451
-59.432817733702294	Qbic	-2191.942577932863	9.478362881068005	9.644837046407106
-58.923208441199684	Qbic	-2180.3325779328625	9.598628408499842	10.313511951141667
-58.38558283548885	Qbic	-2168.8425779328627	9.680179638130864	10.020311111713175
-57.824109386278195	Qbic	-2157.8425779328627	9.89538808562247	10.208064210067183
-57.2881759084502	Qbic	-2145.8425779328627	9.919040266533122	9.957981268877592
-56.68694541967272	Qbic	-2135.3425779328627	10.11528122067228	9.705793959376358
-56.11878990056733	Qbic	-2123.8325779328625	10.188439903625621	10.085382612374731
-55.53657769781842	Qbic	-2112.3425779328627	9.86495625165621	9.760287086329416
-54.936548609024875	Qbic	-2101.3425779328627	9.674230726389412	9.304274780556815
-54.340277301086196	Qbic	-2090.7625779328628	9.634074015169409	8.998084193563342
-53.7419873611694	Qbic	-2080.3325779328625	9.47925003029963	9.328003381980775
-53.17832799245895	Qbic	-2068.8425779328627	9.470407566899082	9.991159844758826
-52.624989199933076	Qbic	-2056.8425779328627	9.799901603955636	10.192453177765863
-52.06296479933933	Qbic	-2044.8425779328627	9.927967160886096	10.1002604344757
-51.45548082707713	Qbic	-2032.8425779328627	10.129271691456664	9.80498117739206
-50.83164202032585	Qbic	-2021.3425779328627	10.193083119027113	9.354153559531317
-50.18722881051156	Qbic	-2010.3425779328627	10.196685026979697	9.755023651663793
-49.587088060055734	Qbic	-1997.8425779328627	9.934357981918101	9.994330193452537
-48.95495856963637	Qbic	-1986.3425779328627	9.90022004203076	10.055047593419859
-48.418185788169296	Qbic	-1973.8425779328627	10.190348571029233	10.133078886313134
-47.85175538551509	Qbic	-1962.3425779328627	10.241172966303845	10.517508213087057
-47.2926608095128	Qbic	-1948.8425779328627	10.44034165992994	9.703725250723764
-46.58324289130402	Qbic	-1939.3425779328627	10.591554888856397	9.695797156845366
-45.9961753233231	Qbic	-1925.8425779328627	10.657985438080653	10.263900352863446
-45.36698814988027	Qbic	-1914.8425779328627	10.456631163579354	9.845881295881567
-44.788815167057066	Qbic	-1902.3425779328627	9.936690017443482	10.674023999241005
-44.24502852427411	Qbic	-1889.3425779328627	9.704556690134723	11.127451774846017
-43.735669992564134	Qbic	-1875.8425779328627	9.428394187613213	11.794879010897782
-43.27365518745133	Qbic	-1861.3425779328627	9.449667943380412	10.696602906260871
-42.690179857071534	Qbic	-1850.3425779328627	9.71103924697343	9.440401809261907
-42.10689992413822	Qbic	-1838.8425779328627	10.254164694712992	9.372787139899058
-41.44519491737232	Qbic	-1828.3425779328627	10.597524850610691	9.58580502944222
-40.83181776678272	Qbic	-1816.3425779328627	11.142862598765964	9.809185742594236
-40.17974747622223	Qbic	-1805.3425779328627	11.156693982886361	10.013488033850322
-39.56847741775725	Qbic	-1792.8425779328627	10.996001870226806	11.468557812786715
-39.02072818568209	Qbic	-1778.3425779328627	10.704495054005315	11.823499035051762
-38.46920337005522	Qbic	-1764.8425779328627	10.291920283395516	10.99682379604765
-37.901068362414534	Qbic	-1751.8425779328627	10.211340823333837	10.420153127155343
-37.284169745893585	Qbic	-1739.3425779328627	10.175118736301677	10.591030227792329
-36.687058608254816	Qbic	-1725.8425779328627	10.823876889646376	10.944775426210375
-36.075803879067735	Qbic	-1712.8425779328627	11.47256912244222	10.667938724502697
-35.45271860587994	Qbic	-1700.3425779328627	12.093298081089229	11.663753363937447
-34.90501627805459	Qbic	-1685.3425779328627	12.54607133254536	12.330709366001612
-34.28670224726251	Qbic	-1671.3425779328627	12.25572053416315	10.784528126046988
-33.59058132981192	Qbic	-1659.8425779328627	12.081258327121548	10.111159060132053
-32.9208846804091	Qbic	-1647.3425779328627	12.008784213180771	11.585513257516666
-32.3945991565861	Qbic	-1632.3925779328629	11.53916460833551	12.500197718021344
-31.874813025030605	Qbic	-1617.8425779328627	11.143960859344523	12.764758070912881
-31.37131945716196	Qbic	-1602.3425779328627	11.543466509689516	13.253265143948605
-30.86294594790035	Qbic	-1586.8425779328627	12.339572176371195	12.668158622872706
-30.2611136248355	Qbic	-1572.8425779328627	12.75496935142456	12.477011894489413
-29.665775327651943	Qbic	-1557.8425779328627	14.12381587915416	14.010191084495233
-29.11201525464311	Qbic	-1541.3425779328627	14.669285533055719	14.11204780157499
-28.52073460069216	Qbic	-1526.3425779328627	14.370927179742102	13.576556518905239
-27.94307792494284	Qbic	-1510.8425779328627	13.849026702550024	13.906672759404072
-27.38872631323429	Qbic	-1494.8425779328627	13.748271631333223	13.99892546942886
-26.83582853197905	Qbic	-1478.8425779328627	13.702215730731425	13.754848127222209
-26.2513897627237	Qbic	-1463.3425779328627	14.241373085154384	14.520126322315969
-25.708463965455696	Qbic	-1445.8425779328627	14.528052346150472	14.775429440532234
-25.124538827847765	Qbic	-1429.8425779328627	14.73315493984417	14.767619998199823
-24.575024064803003	Qbic	-1412.3425779328627	14.80451395982664	14.796692743695207
-23.98689628144779	Qbic	-1396.3425779328627	14.834283966298312	14.784502793196456
-23.43308931090442	Qbic	-1378.8425779328627	15.281353587252601	15.652153383614356
-22.891898446304094	Qbic	-1360.8425779328627	15.040101528749801	15.407652647499765
-22.314958278089414	Qbic	-1343.8425779328627	15.326942964817793	14.866198269605649
-21.73460774735626	Qbic	-1326.8425779328627	15.562119143680992	15.271149705806687
-21.169328657916424	Qbic	-1308.8425779328627	15.937700331300437	15.73446161064954
-20.58979116667606	Qbic	-1290.8425779328627	16.399940279808757	16.63135951898051
-20.05146570680317	Qbic	-1270.8425779328627	16.79758384193716	16.760069728692567
-19.441843423621062	Qbic	-1252.3425779328627	16.530706543459534	16.02991624580387
-18.832221140438957	Qbic	-1233.8425779328627	16.553160805361735	16.698104536009414
-18.28244162788097	Qbic	-1213.8425779328627	16.59807187370423	16.74421468453913
-17.71610313749185	Qbic	-1195.3425779328627	16.721471617161296	16.519259933709957
-17.15545886483068	Qbic	-1175.8425779328627	16.877281606819565	16.725543946457197
-16.55520639270781	Qbic	-1156.8425779328627	17.301740658068233	16.960886360114063
-15.975993264157422	Qbic	-1136.8425779328627	17.665944258070777	17.926680292360942
-15.413125854907474	Qbic	-1115.8425779328627	17.60389694533993	18.76017051980722
-14.870791758797631	Qbic	-1093.8425779328627	17.87986481988059	18.155546342102546
-14.289501571392025	Qbic	-1073.8425779328627	17.693806969847483	17.730981173163865
-13.731030019848886	Qbic	-1052.8125779328625	18.660866771782896	17.72494132670641
-13.12829677142298	Qbic	-1032.8425779328627	19.225536362476106	18.573401567282197
-12.540483151351294	Qbic	-1009.8425779328628	20.03803219930183	19.556835844434868
-11.934748384326205	Qbic	-987.8425779328628	20.796175553502405	20.37042230986626
-11.380594437729904	Qbic	-962.8425779328628	20.567958765162334	20.251615348181264
-10.763702064244516	Qbic	-941.3425779328628	21.51204897524374	22.090441255674516
-10.27563852618918	Qbic	-912.3425779328628	22.33777395688212	24.657467103596215
-9.745691065593737	Qbic	-885.5025779328627	24.251207822304387	24.189341940530486
-9.189740968950847	Qbic	-858.7925779328626	25.85973291630487	24.938247703165384
-8.621714817020585	Qbic	-831.0425779328626	26.981374195853654	26.371731924516354
-8.078727960027344	Qbic	-801.5525779328628	27.140204549547736	28.157996726858286
-7.567424667658963	Qbic	-769.3425779328628	26.10072015313055	27.388182496284738
-6.996949777657444	Qbic	-741.0325779328629	27.50318594471362	27.668459526054782
-6.467600851891848	Qbic	-707.9825779328627	29.880381850180985	28.87210761228613
-5.9080278981551935	Qbic	-677.0425779328626	29.05293540191085	28.604243615375527
-5.311674719393615	Qbic	-643.7525779328627	32.195160557849405	31.479305122034926
-4.75207899448655	Qbic	-605.8425779328628	35.38482473032297	33.16041007671123
-4.165723049807236	Qbic	-568.5125779328629	35.757567250590846	36.25538499847095
-3.6239527347160263	Qbic	-524.3025779328628	42.515785591685024	43.32237699340918
-3.116408804821419	Qbic	-472.0525779328628	47.56184151715815	47.55779490642379
-2.517196091597917	Qbic	-417.07257793286277	59.997408995739356	47.05459151672885
-1.8950208473932215	Qbic	-365.24257793286284	80.01103622184168	56.29036386383341
-1.475354216283919	Qbic	-303.4225779328627	148.21837051376264	94.75681090301136
-1.3477916880898422	Qbic	-216.39257793286293	290.1893703445656	205.7969144344704
-0.4113486054163318	Qbic	-61.91257793286293	229.9178135502081	182.0901770785054
0.652456712460197	Qbic	141.5974220671373	226.9471941880531	153.51635945180172
1.1491445402272418	Qbic	251.00742206713716	117.36683715168036	83.92877889538275
1.7198440847937433	Qbic	334.02742206713714	86.46774258455768	63.23012788988029
2.335424617433132	Qbic	403.4574220671372	75.20356192864165	51.73241588098149
3.0072035886971817	Qbic	462.7374220671372	47.211910617312924	44.56095186787529
3.587203283933988	Qbic	512.3274220671373	43.55618110551406	39.98192840483976
4.189784921820806	Qbic	558.8174220671373	37.94095730712739	38.731030147739396
4.77801309639531	Qbic	606.1074220671372	39.02277892826375	37.93529272091988
5.3877281910688195	Qbic	650.2174220671371	33.632739074098104	35.088892251661754
6.019651744422207	Qbic	691.8174220671373	35.46590410032557	32.162092520275294
6.595676442151715	Qbic	729.4774220671371	28.911372192008628	27.39892614409868
7.257056932739277	Qbic	759.1574220671372	26.590160188983816	26.084797075338443
7.827514734466699	Qbic	794.1574220671372	24.36590077132129	26.302902669144682
8.40560299010372	Qbic	824.6574220671372	23.637650581707437	22.24008412359591
9.07208521447777	Qbic	848.7674220671371	21.729948124829345	19.79370645588336
9.694398183738192	Qbic	872.7974220671373	20.33107929412398	19.555208376018296
10.31635336399152	Qbic	896.0774220671373	20.379178079788396	20.234856311963405
10.891646370652541	Qbic	922.0174220671371	19.5215712470945	20.77682221026854
11.47577655015262	Qbic	946.8074220671373	20.95683849915547	20.794046646080922
12.05302868905549	Qbic	972.0074220671371	22.26347862793923	21.301951243779417
12.665176692966622	Qbic	996.6574220671372	21.841079093015505	20.89403135312965
13.292474916712337	Qbic	1020.5774220671373	20.711587328737703	19.80842201290945
13.898885093888838	Qbic	1043.6074220671373	19.164489484662806	18.185550209049065
14.406719851723594	Qbic	1064.3374220671374	19.03663431373409	17.981620332876183
14.91774499323919	Qbic	1086.8874220671373	19.88687269084974	18.159009026795157
15.601715849341193	Qbic	1107.7074220671373	20.228876638388655	18.06941316417889
16.26853430714326	Qbic	1129.6574220671373	20.48937680887416	18.514694373272498
16.92023070586726	Qbic	1151.0274220671372	19.973833802867045	18.61963888560729
17.429554209770117	Qbic	1173.6574220671373	17.83660400742898	17.280575816981823
18.02049089667385	Qbic	1192.5234220671373	16.295193949816703	16.79490987796564
18.565908499991515	Qbic	1214.0574220671374	16.874268205697412	18.089903110716946
19.126102470052658	Qbic	1234.9174220671373	17.232053376537714	16.626957342588426
19.76090168972846	Qbic	1252.5234220671373	17.347492985525353	17.306157834246207
20.29948663419576	Qbic	1274.9574220671373	16.095676622304723	16.417535144095993
20.949830419518026	Qbic	1291.7254220671373	15.866479155185592	15.59182492395393
21.483338034885154	Qbic	1312.2464220671372	15.953059261182737	18.23452545545533
21.964529369292848	Qbic	1335.3444220671372	15.992559204483403	17.137317164680095
22.612983774238753	Qbic	1353.5404220671373	15.68062093200348	14.568482211907224
23.28230371241495	Qbic	1370.6564220671373	15.4566656544016	14.689830265961977
23.907863468799384	Qbic	1389.1824220671374	16.06002752334819	14.979459868947655
24.497764598742894	Qbic	1406.6034220671372	16.029547434922204	15.253755157829447
25.055933148648723	Qbic	1425.3724220671374	14.730571173232914	14.348826976371814
25.697728176296085	Qbic	1441.1814220671372	13.98676383782479	13.466440215647607
26.315774980976546	Qbic	1458.1554220671374	13.309200556655929	13.831854916709702
26.922385599335538	Qbic	1474.6884220671373	12.55162313455206	13.90940790887784
27.395499539105796	Qbic	1491.6594220671373	12.494393508437465	12.682968039816677
27.98079454522612	Qbic	1505.1584220671373	12.180229674465343	12.228429113020542
28.579505690032793	Qbic	1521.0374220671374	12.552476167686159	12.245709479739629
29.24008188411922	Qbic	1534.4684220671375	13.06452969995982	11.382380485645609
29.883612226516604	Qbic	1548.1584220671373	13.050518036893584	12.0549793733485
30.47041778207216	Qbic	1563.0334220671373	12.623977564706871	12.122124852152933
31.08716778207216	Qbic	1576.8304220671373	12.000937740781296	11.60227529591797
31.688915432988505	Qbic	1590.8564220671374	11.550875646946052	12.349991036915842
32.23748686155994	Qbic	1606.6564220671373	11.182147085496814	12.832224965919746
32.7858220941671	Qbic	1622.1434220671372	10.871802816275258	11.870892937475606
33.37591164640591	Qbic	1635.8754220671372	11.145510630457064	11.435519117739426
33.95553351050903	Qbic	1650.1804220671374	11.445295928066285	11.91651343893264
34.568572471547995	Qbic	1665.0784220671374	11.758972415763752	11.161855453917656
35.246312731288256	Qbic	1677.4854220671373	12.046841476586414	10.965124793875235
35.870439456290356	Qbic	1691.6974220671373	12.363441581626072	12.093213288710919
36.458192880947884	Qbic	1706.7444220671373	12.078685916235674	10.992249264041961
37.14213808642734	Qbic	1718.2804220671374	11.868653544957512	10.115256485158554
37.78335324379149	Qbic	1731.1594220671373	11.658183907106812	11.300130649241126
38.37498704660839	Qbic	1745.6564220671373	11.266491659916797	11.373464506834438
39.006310990270364	Qbic	1758.7444220671373	11.361827415285726	11.608403658443324
39.53791819240395	Qbic	1773.6534220671374	11.138242697592052	12.289400703354746
40.0868798034801	Qbic	1787.9874220671372	11.330837476038523	12.043553718724601
40.638534277853864	Qbic	1802.0334220671373	11.201582286073922	11.966281256453168
41.18712492487501	Qbic	1816.1264220671374	11.330195705493104	11.21192245379377
41.80434500483118	Qbic	1828.2294220671374	11.594556267971239	10.8344994542995
42.399595004831184	Qbic	1841.1814220671372	11.288075992424979	11.200764003772715
42.99745600562174	Qbic	1854.0384220671372	11.07794351150307	11.828102683111021
43.477601460167186	Qbic	1868.3344220671374	11.119424670943566	11.442429268160389
44.04716509653082	Qbic	1880.1714220671374	11.039016230625561	10.92416535276998
44.61880774692251	Qbic	1893.2854220671372	11.226667982354925	11.142074436803227
45.21932387595477	Qbic	1905.6694220671372	11.188876306455548	10.912899885806214
45.80484218019223	Qbic	1918.3544220671374	11.15966055902878	11.013032186579258
46.38461671600125	Qbic	1931.0284220671374	10.941077291002754	10.768785228263816
46.97721434362098	Qbic	1943.2514220671374	10.48754893568982	10.35819534770803
47.54382004954637	Qbic	1955.1004220671373	10.276730669280566	10.727862080161712
48.05965765013159	Qbic	1968.3374220671374	10.233003177181295	11.056305964445448
48.63080133848659	Qbic	1981.0444220671372	10.783992035187326	10.941554588187167
49.197501338486596	Qbic	1994.0434220671373	11.08000288920023	10.954528959091398
49.80154130928585	Qbic	2007.0554220671372	11.247043876903177	11.316814135258738
50.41792327512175	Qbic	2020.7544220671373	11.12102012702206	10.88879024340606
51.080818822587446	Qbic	2032.7924220671373	11.00198595435773	9.982967636845954
51.69356805071042	Qbic	2044.3474220671374	10.612552665513233	9.84901603314486
52.2812668842205	Qbic	2056.011422067137	10.192242268857344	10.725180359082009
52.814904521116055	Qbic	2069.7064220671373	9.915786249661641	10.760768273108823
53.43154968240638	Qbic	2081.5904220671373	9.804482631730897	9.614826014654223
54.073552908212825	Qbic	2092.6883220671375	9.960852005533502	9.187591524635293
