-47.002957433774824	Qbic	-1937.6350467201462	10.039461500245029	9.968880925263141
-46.399006614102696	Qbic	-1925.5555467201461	10.134718992515868	10.975588687543173
-45.869055794430565	Qbic	-1911.219046720146	10.217088910049863	10.352187113146996
-45.22403865719762	Qbic	-1900.840146720146	10.256800098124256	9.63805122020581
-44.66442813088183	Qbic	-1888.2890467201462	10.202098819406695	10.818597765687057
-44.1181233910044	Qbic	-1875.1815467201461	10.277120859207168	9.900196993160947
-43.46080672433774	Qbic	-1864.901046720146	10.229600954057176	9.90019699316085
-42.897723391004405	Qbic	-1851.7935467201462	10.335713834929573	9.848284079105019
-42.23868141458075	Qbic	-1841.6841467201461	10.425361136761207	9.288783293738827
-41.63651192305533	Qbic	-1829.948146720146	10.623101387648465	11.451423214423565
-41.14498649932652	Qbic	-1814.948146720146	10.51484540106568	11.785792451077333
-40.56874921119092	Qbic	-1802.447146720146	10.519086051277943	10.873532939314233
-40.00441730103904	Qbic	-1789.5971467201462	10.607258980809496	10.865353002664234
-39.429831094142486	Qbic	-1777.2601467201462	10.824001019999985	11.113825806170647
-38.8905207493149	Qbic	-1763.900146720146	11.342933124947766	11.28111185046663
-38.292130213654985	Qbic	-1751.523146720146	11.911145865430363	12.312427440859105
-37.78051116603594	Qbic	-1736.139146720146	12.495607720035672	13.49556866794697
-37.24334692906663	Qbic	-1721.438146720146	12.709938288197826	12.51175177031807
-36.65319067906663	Qbic	-1708.323146720146	12.57044842563852	11.502600533735594
-36.04539037839136	Qbic	-1695.8181467201462	12.624893316594887	13.00808415031302
-35.57174521710104	Qbic	-1679.5011467201462	12.496492550076963	13.529802994868367
-35.01609846762325	Qbic	-1665.718146720146	12.101575684556606	12.407118008495093
-34.464638150162926	Qbic	-1651.5891467201461	12.07154419735685	13.210202103922533
-33.964542912067685	Qbic	-1635.842146720146	12.140448584025604	12.860323223658218
-33.38890942906663	Qbic	-1622.2801467201461	12.372728655188979	12.717986174148416
-32.87137817906663	Qbic	-1606.841146720146	13.131179989001575	14.031754788961951
-32.33273247919276	Qbic	-1590.4141467201462	13.352683543551331	12.974854465982126
-31.68675950621979	Qbic	-1577.315146720146	13.631832775261323	11.60473915339768
-31.05146220892249	Qbic	-1563.821146720146	13.71118208206066	12.517153523906211
-30.464867614327897	Qbic	-1548.525146720146	13.242392608879927	13.277100624542586
-29.883921668381948	Qbic	-1533.0201467201462	12.674941042553852	13.091635207723117
-29.315452224061804	Qbic	-1517.842146720146	12.635077538593546	12.702668724418952
-28.744785557395133	Qbic	-1503.0301467201461	12.398064922200433	12.58764261470974
-28.16973247919276	Qbic	-1487.945146720146	12.528281874559987	13.01666313399534
-27.59705680351709	Qbic	-1472.134146720146	13.048230653220491	13.191825380889437
-27.009652543253303	Qbic	-1456.8391467201461	13.591464719773043	13.321562857012482
-26.409077543253307	Qbic	-1440.862146720146	14.043607738606552	12.986869453320468
-25.772152543253306	Qbic	-1426.3391467201461	14.207206006270274	14.050391483602686
-25.21663027279377	Qbic	-1407.9101467201463	14.8415413782832	15.437325859628915
-24.626211668142606	Qbic	-1390.2981467201462	14.56433414605975	14.68693925251862
-24.016231601153596	Qbic	-1373.576146720146	14.708902968516298	14.192118208179796
-23.42805955814284	Qbic	-1357.1071467201461	14.713629515308373	14.346868375263135
-22.852190590901035	Qbic	-1340.1461467201461	15.11955764051389	15.59214001277264
-22.30837689320471	Qbic	-1321.1261467201462	15.540846588940008	17.515601218657597
-21.805530504119787	Qbic	-1299.9921467201461	15.267864914687904	15.996689181843124
-21.18234819086746	Qbic	-1284.340146720146	15.5230170100088	15.725959577947464
-20.688471647657586	Qbic	-1263.842146720146	15.949404153871056	16.35076391340774
-20.096633378181533	Qbic	-1246.779146720146	16.134834951267578	16.299983341100283
-19.540884627909847	Qbic	-1226.3391467201461	16.558929869392596	17.31252862878987
-18.96466206759687	Qbic	-1206.841146720146	16.656272857412745	16.186313796058364
-18.354917223706863	Qbic	-1188.715146720146	16.689206405854947	15.99321940513778
-17.76474729468987	Qbic	-1169.6621467201462	17.32261541686823	16.35496646778532
-17.15906203460264	Qbic	-1150.772146720146	17.114779168947365	17.15942480885584
-16.579082034602642	Qbic	-1129.7711467201461	17.536668949465056	18.18313520412003
-16.0033916153712	Qbic	-1108.5641467201463	17.47165368688007	17.794170714622464
-15.426802141686991	Qbic	-1088.4521467201462	18.17711995022459	18.14842468334034
-14.881812668002782	Qbic	-1066.8391467201461	19.042653615915476	18.939185996690185
-14.306985412276497	Qbic	-1045.268146720146	18.975166779072566	19.49918229840554
-13.74967490823648	Qbic	-1022.257146720146	19.609640478229856	19.82224380148432
-13.173978390083537	Qbic	-999.5981467201461	20.22859998571787	20.603415452076394
-12.620488759785975	Qbic	-974.8391467201461	20.787023929662205	21.451356445125953
-12.060493456208508	Qbic	-950.2521467201461	20.845825232421305	19.539345842847954
-11.41309717825051	Qbic	-929.6001467201461	20.622205605637816	19.601231136265486
-10.837546555064574	Qbic	-904.7401467201462	20.545313944207003	21.85788346335509
-10.274108794320327	Qbic	-878.3401467201461	21.757680380327837	23.03718262817656
-9.728654248865784	Qbic	-850.3401467201461	21.486278004128632	21.92252388024761
-9.100595163354491	Qbic	-826.3401467201461	24.955338421915354	23.101342805461346
-8.507388866751343	Qbic	-796.8801467201461	26.82888393062353	25.081072424915547
-7.904240565177192	Qbic	-768.140146720146	25.574654765378213	27.382220443645178
-7.375945682307917	Qbic	-732.8401467201461	26.23544078025102	29.83946179275337
-6.833467219749932	Qbic	-698.3201467201461	27.86089133214198	28.435432219847986
-6.223565639554842	Qbic	-667.3401467201461	30.85652691865811	28.66541864538864
-5.64240745089392	Qbic	-632.8401467201461	31.17033692186358	31.490299964396822
-5.098166938681702	Qbic	-594.3401467201461	33.310540264989825	32.693776322689324
-4.494086191991883	Qbic	-557.8601467201461	38.03979388363207	34.93871656583652
-3.950565462666943	Qbic	-515.8001467201461	42.98561245259948	42.54507734520667
-3.4112138436249344	Qbic	-462.360146720146	54.6576481706838	51.26282967104213
-2.8726875986720395	Qbic	-407.5001467201461	103.27258103871604	76.50634835274953
-2.6292692192420284	Qbic	-339.84014672014604	253.17247955577506	123.11909081984017
-2.479874227029257	Qbic	-268.84014672014604	438.2459059034496	157.78804582628086
-2.2100840993154955	Qbic	-168.84014672014607	479.6357430685818	206.46701533628482
-0.8067166709243989	Qbic	-8.140146720146014	120.56541029701046	86.82071301205808
0.7960975636075216	Qbic	98.83985327985377	147.6068959294475	78.88546115249395
1.3375035670603421	Qbic	222.35985327985375	164.9297723133676	94.41713556614715
1.9791448595090633	Qbic	316.54985327985383	139.02030593400002	75.00806683792045
2.467527287137301	Qbic	397.139853279854	85.28004186118869	57.41326467623738
3.1087157076553313	Qbic	453.65985327985396	50.398845325804004	43.13745499301434
3.7281701527192643	Qbic	503.65985327985396	41.274259098847864	39.81670561354966
4.323672054488736	Qbic	552.579853279854	38.39303316286795	37.06720809676359
4.9853635723596925	Qbic	593.1598532798539	39.88687854206481	35.34586768528956
5.544466071084832	Qbic	636.3898532798539	35.356667356150766	38.200904561345574
6.0500244596620885	Qbic	684.8698532798539	30.396631020894812	35.262700588656344
6.664066193095873	Qbic	723.1598532798539	29.76707314071652	29.471758636582305
7.316913848559749	Qbic	757.6598532798539	27.47588768042195	25.211393274987586
8.025104631413441	Qbic	786.6598532798539	23.78873040184105	24.009913842868386
8.561978893555047	Qbic	818.6598532798539	23.106630109754494	22.086073684739976
9.213107159588299	Qbic	842.1598532798539	21.912452446860904	19.72204537464509
9.820927237734397	Qbic	868.1598532798539	20.662245583993183	20.36891634680695
10.459555563122679	Qbic	891.6598532798539	21.961035212992982	20.150415023337047
11.082806370442377	Qbic	916.1598532798539	21.25761027472237	21.264713880617105
11.631280598638309	Qbic	942.1598532798539	20.98321311328972	22.499003862757995
12.148361621711105	Qbic	969.1598532798539	21.404418300200057	22.830989449113336
12.70984756260026	Qbic	995.1598532798539	21.3777961510899	21.86799337991996
13.308339860207601	Qbic	1019.6598532798539	20.58264866207631	20.160099975035408
13.937912246975982	Qbic	1041.659853279854	20.826265291969577	19.904859044540782
14.47455942046526	Qbic	1065.429853279854	19.09258747736471	19.476571284255687
15.050972675825884	Qbic	1087.159853279854	17.676056503093655	17.052878937297198
15.673798492332626	Qbic	1106.159853279854	17.190320644897593	18.017225330843143
16.186042171408875	Qbic	1130.659853279854	17.27845307380541	19.043206591873624
16.784522217157736	Qbic	1152.159853279854	17.39908837636719	17.24715925877943
17.421111474381632	Qbic	1172.659853279854	17.295054655236278	16.05959373568266
18.09315543821783	Qbic	1191.159853279854	17.358136620736843	16.336106076446924
18.68784493001324	Qbic	1212.159853279854	16.892131627020298	16.260608099063916
19.321072527158364	Qbic	1230.659853279854	15.902370980626129	14.93615469226964
19.95997557139396	Qbic	1248.659853279854	15.81040188386482	15.549969268664281
20.51651659134962	Qbic	1268.659853279854	15.888710573952501	16.907517773052525
21.050884662303055	Qbic	1289.659853279854	16.085956627881032	16.85263564710576
21.663305249899565	Qbic	1309.159853279854	16.525884399715043	16.6005148928462
22.271915817414243	Qbic	1329.159853279854	16.33904868782465	16.658795255661413
22.870976522745117	Qbic	1348.6698532798541	16.32306065744357	16.721010121272897
23.411647478627476	Qbic	1368.659853279854	15.205825582109965	15.022564142254346
24.044000419803947	Qbic	1384.659853279854	15.008039544997729	14.601012394131493
24.613152909993612	Qbic	1403.659853279854	14.658182020482542	15.74400651120642
25.18838216392772	Qbic	1422.4198532798541	14.999927459166821	15.061536624294561
25.799010798987585	Qbic	1439.659853279854	14.425510804362833	14.13230260160867
26.427230082014102	Qbic	1456.159853279854	14.3547058929331	13.737468385490093
27.05837854644708	Qbic	1472.5298532798538	13.463190364259932	13.5120462654181
27.632530464911316	Qbic	1488.6998532798539	13.388832326390215	12.699875259314354
28.2412225873371	Qbic	1503.159853279854	12.796862395667109	12.651774172222908
28.81227213346362	Qbic	1518.7998532798538	12.4972717583205	12.580637035155597
29.411479479468248	Qbic	1533.159853279854	12.921795848861198	12.292512787631722
30.001755512849037	Qbic	1547.8398532798537	12.880673711826265	12.492340866907492
30.594904003717623	Qbic	1562.4898532798538	12.417284524635582	11.46271657772162
31.259432316083977	Qbic	1574.5698532798538	12.062693745610241	11.91052649956928
31.79095648130977	Qbic	1590.159853279854	12.16615276869307	12.215346036901199
32.36672014018093	Qbic	1602.8398532798537	12.269000945508486	12.573251820731215
32.85436827821049	Qbic	1619.159853279854	12.722135538267601	14.427944309580239
33.39701889371635	Qbic	1635.9898532798538	13.146561975739415	13.937669186967181
33.98448256738794	Qbic	1651.159853279854	13.745738858640031	13.631014762865808
34.54120787560238	Qbic	1667.159853279854	12.98475294129393	13.37560467644217
35.125637852053416	Qbic	1682.159853279854	12.667827565087752	13.07115280342064
35.66788153066818	Qbic	1697.4198532798541	12.27689952188868	12.720446530300544
36.2269190929882	Qbic	1711.659853279854	11.753223609867913	11.843252579157333
36.81004509493956	Qbic	1724.9198532798541	11.54618136861263	11.09017258263456
37.402090949754005	Qbic	1737.659853279854	11.486350602928757	11.91431564211931
37.919254253062306	Qbic	1753.159853279854	11.872587795702106	11.367888494543054
38.603744911242224	Qbic	1764.659853279854	11.577589885028338	10.10905634308953
39.26079997448127	Qbic	1777.159853279854	11.197072190183984	11.624598772084829
39.792682773144634	Qbic	1792.289853279854	10.592945406482709	10.814957143304696
40.387197665506775	Qbic	1803.289853279854	10.301891457187603	10.654544724608723
40.87292328627591	Qbic	1818.159853279854	10.100659001484445	10.76253876162265
41.54316020344223	Qbic	1829.4898532798538	10.144325882847463	9.855200552901158
42.17352285551742	Qbic	1842.189853279854	10.216858339290686	10.935104137274928
42.72079874189942	Qbic	1856.1698532798541	10.48462789869385	10.315422032808662
43.337763711604836	Qbic	1867.1698532798541	10.519564530896082	10.353241920014664
43.874119862374435	Qbic	1881.0498532798538	10.571518315743047	10.012477687038665
44.57087054747095	Qbic	1891.119853279854	10.673768199329928	9.668178774416877
45.18089253078773	Qbic	1904.0698532798538	10.926793936253919	10.939382803894333
45.764516714979486	Qbic	1917.159853279854	10.928543694790893	10.20288434419686
46.393493742141295	Qbic	1928.3198532798538	10.830843709852461	10.140051827108206
46.96538336657555	Qbic	1941.269853279854	10.789394915785923	11.357398172273406
47.53349174340876	Qbic	1955.1698532798541	10.572385472585667	12.61111409070389
48.03790387365982	Qbic	1971.119853279854	10.246160127609969	11.447499604725168
48.63019883130269	Qbic	1982.3798532798537	10.257059872368012	10.507241201101882
49.130382993365295	Qbic	1995.9498532798539	10.590945357051673	11.551806101440716
49.68120746806749	Qbic	2009.1998532798539	10.865088353747032	10.976489225572317
50.286250312546954	Qbic	2021.229853279854	11.434681088324446	10.545042252653824
50.89267608955732	Qbic	2033.459853279854	11.689738509827688	11.087908233908552
51.48735742839272	Qbic	2046.7198532798539	11.532213582484497	11.227353038847516
52.100990318504294	Qbic	2059.3598532798537	11.118460982739315	10.095058265990435
52.73271688028762	Qbic	2070.049853279854	10.691367399260242	10.303018766285918
53.25830130527133	Qbic	2083.159853279854	10.095878323356958	11.405986221308403
53.7621233910681	Qbic	2096.559853279854	9.769187756835551	11.013444359985996
54.29336745564551	Qbic	2108.8998532798537	10.139260641934436	9.721268681386238
54.91129392634933	Qbic	2119.279853279854	10.194167138134084	9.94806083954444
55.48130127094438	Qbic	2132.159853279854	10.436631313397013	10.399562824564203
56.10171924517153	Qbic	2143.529853279854	10.30370928020714	9.616159883490443
56.682117521478396	Qbic	2154.529853279854	10.208991077937863	9.6170565552869
57.23046078060145	Qbic	2165.829853279854	10.319161438710193	9.557198718456897
57.82699990408137	Qbic	2176.5198532798536	10.393485494037993	9.317307366150791
