-47.489643473817004	Qbic	-1917.0721613070318	10.86360714754122	11.87262666439232
-46.958010820755774	Qbic	-1903.3021613070318	10.91630422938492	11.034691838981432
-46.340188235694015	Qbic	-1891.372161307032	10.676127863107352	10.319080074675854
-45.73140960973982	Qbic	-1879.0721613070318	10.362099149775457	10.577815436290019
-45.15261979375118	Qbic	-1866.432161307032	10.22393571810387	10.464295506982378
-44.59205231466787	Qbic	-1854.352161307032	10.015661829994707	10.288500231442448
-44.03720384532891	Qbic	-1842.0721613070318	9.69561034138368	10.126739952599609
-43.44781837046858	Qbic	-1830.3121613070316	9.97268213521886	9.705494530278308
-42.84167311907192	Qbic	-1819.0321613070319	10.242186636172113	10.16328180667397
-42.262984941569364	Qbic	-1806.082161307032	10.135749014086779	10.342012377547423
-41.637984941569364	Qbic	-1794.082161307032	10.23437235751133	9.65912798340488
-40.99860994156938	Qbic	-1782.5421613070316	10.49217269194492	10.321060834018262
-40.41463875659158	Qbic	-1768.8021613070318	10.311416572738114	10.655700210924456
-39.792174330312434	Qbic	-1756.332161307032	10.440790182018315	10.56688419697669
-39.196391829861454	Qbic	-1742.6921613070317	10.4545830034011	10.609673564453823
-38.56218893131072	Qbic	-1730.0721613070318	11.062812939483283	10.168811313982522
-37.92711646754261	Qbic	-1717.4821613070317	11.558055185890732	10.19890973930508
-37.25634223114481	Qbic	-1704.8421613070318	11.426993174679993	10.083001612409776
-36.56697514253722	Qbic	-1692.5721613070318	11.479090230244308	10.832987098525836
-35.93355742101822	Qbic	-1678.0921613070318	11.3786806338211	10.840554053612692
-35.29407067470183	Qbic	-1665.8221613070318	11.1601444181447	10.603023320768125
-34.713277991775	Qbic	-1652.0721613070318	10.66213841729912	11.523595629652988
-34.16200372650536	Qbic	-1637.5321613070319	10.6399439935817	11.707572021691666
-33.602382275401254	Qbic	-1623.5721613070318	11.301624905561063	11.41755327722348
-33.02388048347253	Qbic	-1610.0721613070318	12.117202827456614	12.005045426087108
-32.42388048347253	Qbic	-1595.0721613070318	12.334638149656897	11.934317718689652
-31.770547150139198	Qbic	-1582.0721613070318	12.65580953656202	12.466526767854278
-31.227554404006767	Qbic	-1566.0721613070318	12.725402511836446	13.326431040425867
-30.680477480929838	Qbic	-1551.352161307032	12.774337140918146	13.278078061214975
-30.156391829861445	Qbic	-1535.5721613070318	12.646458035625004	13.988951245008424
-29.634652699426663	Qbic	-1519.0721613070318	13.301841353353861	13.842450898215274
-29.07190261063372	Qbic	-1503.5721613070318	13.845034990802935	13.178204149154306
-28.4443883320144	Qbic	-1488.5721613070318	14.36187054455208	13.921122144392271
-27.86653881624584	Qbic	-1471.5721613070318	14.57501835505744	14.908860391476654
-27.30796074517139	Qbic	-1454.5721613070318	14.810346145670007	13.996447468207046
-26.705311738548872	Qbic	-1439.5721613070318	14.148896172552705	13.702249310575983
-26.132794420212942	Qbic	-1423.0721613070318	14.002172639864723	14.132779845713324
-25.540403115865118	Qbic	-1406.5721613070318	13.916328639237754	13.71456054020658
-24.935660032861165	Qbic	-1390.5721613070318	13.634385697163367	13.917630065271842
-24.369115849492818	Qbic	-1373.5721613070318	14.231230078870707	14.79976385428953
-23.830654311031278	Qbic	-1355.5721613070318	14.3454251185425	15.173178269868444
-23.24591105158006	Qbic	-1337.5721613070318	15.083710964839565	14.114814329657055
-22.58039529845101	Qbic	-1322.0721613070318	15.34919729452493	13.922644424236646
-21.95803880298273	Qbic	-1304.5721613070318	15.636544082468848	15.387217546249063
-21.381469875424283	Qbic	-1285.5721613070318	15.363622004874568	15.539735669768872
-20.78406437329948	Qbic	-1267.5721613070318	15.347783129504933	15.234717801228424
-20.198999283019567	Qbic	-1249.0721613070318	15.234130653075194	15.565668458427528
-19.626445852198422	Qbic	-1230.0721613070318	15.691290802301133	16.08071353736432
-19.05677486529843	Qbic	-1210.5721613070318	16.324637573273847	15.986682650252208
-18.419519963337645	Qbic	-1192.0721613070318	16.618317234682518	16.85540956098429
-17.841088590788626	Qbic	-1170.5721613070318	16.92144594650953	17.259233744719637
-17.238649594350157	Qbic	-1151.0721613070318	16.30610621705076	16.37722495559223
-16.64702655770094	Qbic	-1131.5721613070318	16.245095710935672	16.132964383181008
-16.05161986595551	Qbic	-1112.0721613070318	15.930124249708193	15.861242963464196
-15.43210767083356	Qbic	-1092.5721613070318	16.689677514792994	17.225307131440193
-14.880888158638436	Qbic	-1069.5721613070318	18.267347786925786	17.816368247623114
-14.227412490537708	Qbic	-1048.5721613070318	18.718231287771175	16.872497981941677
-13.540389589774348	Qbic	-1028.0721613070318	19.682325436517466	17.42496519188381
-12.87626745236977	Qbic	-1006.0721613070317	19.906813918174922	19.25753675771148
-12.295414741085043	Qbic	-981.5721613070317	19.808707530616967	19.548077718547653
-11.700820146490448	Qbic	-959.0721613070317	19.05644836195213	19.990208240265552
-11.168061933312298	Qbic	-933.5721613070317	19.995046065973774	21.290194419291947
-10.63093742925033	Qbic	-909.0721613070317	21.23537860102751	21.31909052390767
-10.073097572945974	Qbic	-884.5721613070317	22.819871676555362	23.509253581831267
-9.507368145594288	Qbic	-855.0721613070317	25.50492573106843	25.012972314890803
-8.92691768188164	Qbic	-826.5721613070317	25.394997416510453	24.660452955262485
-8.31760984681307	Qbic	-797.4121613070319	26.840373465486252	23.715538408192817
-7.663369888818848	Qbic	-771.0721613070317	25.037619565917034	24.578049862653405
-7.083698086481131	Qbic	-739.5721613070317	25.716031111641065	26.623268847581603
-6.541102317470267	Qbic	-707.5721613070317	26.988186325413526	27.028355722345925
-6.004175655935599	Qbic	-675.0721613070317	27.554798069735142	28.463519382431084
-5.373685791070734	Qbic	-640.0721613070317	29.712835187874095	29.43040681446782
-4.738022784313981	Qbic	-605.5621613070315	33.05968489720852	30.19908856509188
-4.1356994344627065	Qbic	-565.9021613070316	30.193236879377835	31.897846904649224
-3.4995934015559422	Qbic	-526.0921613070317	36.04890118214056	33.42951556593656
-2.900873109051372	Qbic	-482.1921613070316	41.59440278689679	37.85951183271734
-2.2534326587605085	Qbic	-431.0721613070317	50.2351149841835	41.01085203380517
-1.5853606728556504	Qbic	-378.3221613070317	57.920555043064034	43.52799633449944
-0.9792066330872142	Qbic	-315.73216130703156	57.08543633175313	45.987735434300596
-0.18764002720815331	Qbic	-248.08216130703173	60.07707747839017	64.84010186228095
1.4455688844913686	Qbic	-122.30216130703175	55.26763662229068	97.69203847773751
2.896448276382201	Qbic	59.48783869296822	95.2961405827503	139.60269558935192
3.3297899427512587	Qbic	218.15783869296828	96.9262221073646	95.29388082563557
4.040228855647227	Qbic	299.23783869296824	82.992991653362	64.85543736911433
4.567410960473605	Qbic	372.7778386929682	72.98971671478279	61.06769916591899
5.123746053555017	Qbic	436.6478386929683	61.05183471384118	55.458779779263644
5.654683462156863	Qbic	493.4278386929683	45.69679040035119	46.899108255648144
6.211400938229179	Qbic	543.4478386929683	38.93897865328375	40.199143056658045
6.820024427852169	Qbic	585.5878386929684	42.382870343916004	37.83748406975488
7.392760648324609	Qbic	628.9978386929682	38.09429619091745	39.04812395985358
7.947808343499064	Qbic	673.3678386929683	40.69743276654588	38.60281681959371
8.467326810072233	Qbic	714.4778386929682	35.541324176720536	36.53621960533665
9.016532046163867	Qbic	753.0478386929683	31.345964216159526	32.33395490192279
9.558724764550528	Qbic	785.1618386929683	30.97699669771269	28.980003158685157
10.10933566005146	Qbic	816.4258386929683	26.496018620239735	26.542644881395834
10.665764902083133	Qbic	843.2508386929683	25.153857905138565	23.915607506706408
11.218912728170089	Qbic	868.9448386929683	24.011398439943846	23.81634962320675
11.746606609879592	Qbic	896.0948386929683	22.299214843020103	23.449427845661045
12.300077986249875	Qbic	921.7568386929682	21.496073297255414	22.290303287132307
12.864420338501944	Qbic	947.0408386929684	21.171922512923118	21.16930771153491
13.46315536970451	Qbic	970.8318386929683	21.675801724140996	20.96780485927756
14.04510848152775	Qbic	995.6178386929683	21.96231414637328	21.933712208398198
14.614559113264354	Qbic	1021.1258386929682	21.374146618442424	20.20167758886787
15.262364650063812	Qbic	1041.989838692968	20.78667938613395	19.076542310145964
15.83922786673435	Qbic	1064.9278386929682	20.459013218395246	19.95581614197942
16.351206127603916	Qbic	1087.3768386929682	19.87151558917708	19.652954254462504
16.897424186222263	Qbic	1108.9688386929683	20.64073185950596	20.33380712150996
17.454839280561888	Qbic	1132.4258386929682	20.137902051870043	21.074574171353337
18.02085814848642	Qbic	1155.4268386929682	19.512220877096652	20.38011998702849
18.525488224313186	Qbic	1177.4108386929681	18.714363662531717	19.189767811273278
19.053510951585913	Qbic	1198.1778386929682	17.073869531978676	18.951291433938895
19.55968438847348	Qbic	1220.786838692968	17.52151154185077	17.303219992208902
20.188966997169132	Qbic	1237.8398386929682	17.737398572408654	16.22289264181807
20.774303566074117	Qbic	1258.0428386929682	18.374349230384812	17.870116960590614
21.367676115093726	Qbic	1278.7808386929682	18.165251635180002	17.0251507805907
22.010538860191765	Qbic	1296.9948386929682	18.17297738960176	16.579699916781138
22.58302111547914	Qbic	1316.9218386929683	16.847353159596036	17.54099346795522
23.13269853483398	Qbic	1337.8618386929681	16.742758373923948	18.42117874589572
23.62828004560439	Qbic	1359.2728386929682	16.776508672004887	17.680779038046502
24.173304435848294	Qbic	1377.9268386929682	17.2056940549359	16.415697320334697
24.75351047543	Qbic	1396.3708386929682	16.61404349983996	15.895646500634765
25.37748873629957	Qbic	1413.6678386929682	17.33029748295515	16.289990233980078
25.955680051938334	Qbic	1432.6278386929682	16.461909980773143	16.692897463253964
26.461624496382782	Qbic	1450.413838692968	15.4800388525366	15.794146544955776
26.976457829716114	Qbic	1467.8798386929682	13.958830567552997	14.437681779880172
27.556291163049448	Qbic	1483.0058386929682	13.361943429890077	13.230691910602507
28.14204116304945	Qbic	1497.9188386929682	13.053347495547648	13.794976603111447
28.642202558430625	Qbic	1514.4818386929683	12.37440698943607	14.331004782835262
29.128296308430627	Qbic	1530.9268386929682	12.332191534763846	13.054862629712844
29.729013767708004	Qbic	1544.5168386929681	12.269205025766738	11.655057813536871
30.34398519627943	Qbic	1557.9928386929682	12.255230347262922	12.016501573295987
30.92634281305939	Qbic	1572.6368386929682	12.177143519654251	11.907030289016387
31.5381923605707	Qbic	1586.3618386929681	12.240148092233783	11.172843155056352
32.17232697595531	Qbic	1599.2988386929683	12.155531010807854	10.832658748913293
32.80635697405638	Qbic	1612.2608386929683	12.73237568179343	12.578258650718094
33.33060281561262	Qbic	1629.1358386929683	13.154154986360943	13.36579751549605
33.92885918989563	Qbic	1643.806838692968	13.342056931675689	12.34702681828168
34.57428078931578	Qbic	1658.4828386929682	12.76493102532788	11.998657291215759
35.237469965445285	Qbic	1672.4234386929681	12.508123664011094	12.007057619173155
35.836651445373576	Qbic	1687.0972386929682	12.099620579207013	11.951439742070239
36.37491847167162	Qbic	1700.792238692968	11.268323009786553	11.710663672439242
36.90508201921687	Qbic	1714.7266386929682	10.693957675699917	11.82322159416423
37.434711024275884	Qbic	1728.6731386929682	10.847021815651951	11.926056554175666
37.95908108896663	Qbic	1742.8500386929682	11.202230713498212	10.453843621575226
38.623580612322215	Qbic	1753.408238692968	11.240758751630636	9.971245951071356
39.2132552230626	Qbic	1766.3211786929683	11.469451414698842	11.116538504392667
