-47.7940778870486	Qbic	-1937.6350467201462	9.935104046296324	10.037061892642472
-47.20109294956141	Qbic	-1925.5555467201461	10.161083501277984	11.06650853103278
-46.688729003983184	Qbic	-1911.219046720146	10.315855934796172	10.414265538425076
-46.03904366148555	Qbic	-1900.840146720146	10.417962589326612	9.649257798286243
-45.43825167675272	Qbic	-1888.2890467201462	10.291643234962551	10.776978449502208
-44.855156893037716	Qbic	-1875.1815467201461	10.049010292562318	9.808519366450335
-44.208316941327965	Qbic	-1864.901046720146	9.903055007926831	9.80851936645024
-43.68512669032759	Qbic	-1851.7935467201462	9.690899243773956	9.72089133017355
-43.05075184068106	Qbic	-1841.6841467201461	9.48780153017656	9.147357357966802
-42.46052837699391	Qbic	-1829.948146720146	9.905204268002693	11.223109613614472
-41.98427139375369	Qbic	-1814.948146720146	10.043257176572716	11.483812918451026
-41.37657914740955	Qbic	-1802.447146720146	10.32064682671109	10.519594162772929
-40.77814164740955	Qbic	-1789.5971467201462	10.688129490070345	10.440277858390976
-40.15856895904044	Qbic	-1777.2601467201462	11.005128738395904	10.647594799383032
-39.56304973409342	Qbic	-1763.900146720146	11.106170179578085	10.705337734383395
-38.93776968565261	Qbic	-1751.523146720146	11.532944697038976	11.600574357871379
-38.38633428165524	Qbic	-1736.139146720146	11.914330065461117	12.604328204854417
-37.81245022368422	Qbic	-1721.438146720146	12.571674006843631	11.698366384452378
-37.168216018154574	Qbic	-1708.323146720146	12.407187644679217	10.721808100254826
-36.48479829663559	Qbic	-1695.8181467201462	12.589428810686613	12.135532328963597
-35.89788690423052	Qbic	-1679.5011467201462	12.466213159882818	12.666928527295346
-35.297241851131275	Qbic	-1665.718146720146	12.030447182427638	11.720244529345727
-34.72800404625322	Qbic	-1651.5891467201461	11.60580399527223	12.61108545904948
-34.215316489498605	Qbic	-1635.842146720146	11.539173836499264	12.422382247503325
-33.64313983334718	Qbic	-1622.2801467201461	12.007659556848948	12.349260924692997
-33.11004087245615	Qbic	-1606.841146720146	12.892674040226712	13.804063119736139
-32.54809420578948	Qbic	-1590.4141467201462	12.936246161977078	12.87143510940488
-31.897400872456153	Qbic	-1577.315146720146	12.991271379420722	11.561745679754102
-31.296816391295557	Qbic	-1563.821146720146	12.734750034340935	12.485889839764193
-30.76746254514171	Qbic	-1548.525146720146	12.444473306150293	13.275302828688782
-30.23036326716248	Qbic	-1533.0201467201462	12.391252677784617	13.130757912700329
-29.67030529614799	Qbic	-1517.842146720146	12.855611483029378	12.772914410181372
-29.085362123593384	Qbic	-1503.0301467201461	13.302860241092608	12.713635746020179
-28.45995859739522	Qbic	-1487.945146720146	13.593381243437666	13.219579063422817
-27.852583380111888	Qbic	-1472.134146720146	13.988823248317631	13.411584580931175
-27.247908151446506	Qbic	-1456.8391467201461	14.221131818910754	13.446994300703462
-26.67113993952598	Qbic	-1440.862146720146	13.522690603029654	13.022047012117635
-26.05208825882178	Qbic	-1426.3391467201461	13.621208528523512	13.973700087265986
-25.507350116529285	Qbic	-1407.9101467201463	14.031767587860196	15.281913364026087
-24.942429167912685	Qbic	-1390.2981467201462	13.746416118672157	14.550019222841952
-24.369013659412968	Qbic	-1373.576146720146	14.30158851464521	14.085492467478666
-23.791295710695014	Qbic	-1357.1071467201461	14.595399024681667	14.230039376595743
-23.190365401750228	Qbic	-1340.1461467201461	15.461469808128378	15.365814601223448
-22.60080994210413	Qbic	-1321.1261467201462	15.956664647900233	17.221500559424697
-22.058947276159817	Qbic	-1299.9921467201461	15.953208454782299	15.634729618085258
-21.409025558423295	Qbic	-1284.340146720146	15.399257225493322	15.20786343085103
-20.867491226059173	Qbic	-1263.842146720146	15.33655432459294	15.691609313009371
-20.25058566292701	Qbic	-1246.779146720146	15.190047795284146	15.661290334745377
-19.71042818261205	Qbic	-1226.3391467201461	15.977380149794685	16.753503254318524
-19.129932014060895	Qbic	-1206.841146720146	16.176203328863718	15.738644942757768
-18.485343778766776	Qbic	-1188.715146720146	16.401010171470084	15.592292419543984
-17.85893201406089	Qbic	-1169.6621467201462	16.960297074671185	15.959651028201687
-17.24493262234776	Qbic	-1150.772146720146	16.249123760274124	16.694645082505286
-16.684744140672368	Qbic	-1129.7711467201461	16.396783524403286	17.47894393306531
-16.12006893106547	Qbic	-1108.5641467201463	16.371520331018775	16.86996957092325
-15.512498199358157	Qbic	-1088.4521467201462	17.636827763930114	17.13387264572846
-14.93421527252889	Qbic	-1066.8391467201461	19.624117403070485	17.923678799856244
-14.277855461329858	Qbic	-1045.268146720146	19.719843073043293	18.491873638455232
-13.629168438429094	Qbic	-1022.257146720146	20.091273855178844	18.869030094366856
-12.975107369726802	Qbic	-999.5981467201461	20.220483239442807	19.73456163136743
-12.416730319227126	Qbic	-974.8391467201461	19.85141521291341	20.620130845934025
-11.859739328236135	Qbic	-950.2521467201461	19.205166099205336	18.901572990972195
-11.243104717874656	Qbic	-929.6001467201461	19.85582353779711	19.253401369047065
-10.712781649671369	Qbic	-904.7401467201462	20.321205805635568	21.8146432095186
-10.164839286281548	Qbic	-878.3401467201461	22.065852678044063	23.156613660349105
-9.577028304388422	Qbic	-850.3401467201461	24.285804725703912	22.007714553885496
-8.930333177051455	Qbic	-826.3401467201461	25.729486157947598	22.912787409345196
-8.324593498518055	Qbic	-796.8801467201461	26.90678022297294	24.80800354717514
-7.701857872369461	Qbic	-768.140146720146	24.578047191989178	27.130965504951018
-7.179924710078695	Qbic	-732.8401467201461	26.457016432802455	29.74792203798458
-6.673349524258226	Qbic	-698.3201467201461	29.37662750667177	28.124400227972394
-6.085805877503226	Qbic	-667.3401467201461	30.298897157326266	28.13554875633297
-5.4500372964221455	Qbic	-632.8401467201461	30.124771062263488	30.166424438355833
-4.856498445070795	Qbic	-594.3401467201461	34.51459021052434	30.517027908694008
-4.209209622642648	Qbic	-557.8601467201461	33.06996503786234	32.056139284389175
-3.593670317341002	Qbic	-515.8001467201461	38.322147605034495	39.06281490898
-3.056553817751735	Qbic	-462.360146720146	44.67108614679478	44.378189298939056
-2.401758952410682	Qbic	-407.5001467201461	58.7237709103787	49.75733472561301
-1.827507756840584	Qbic	-339.84014672014604	63.97939421244681	53.37294154235859
-1.1271070008080764	Qbic	-268.84014672014604	78.25837515175861	62.358091170406574
-0.4187202050539647	Qbic	-168.84014672014607	90.70045153596442	90.86231894418353
1.1126573757228928	Qbic	-8.140146720146014	38.30614115291396	83.18737268189336
2.7559103863536825	Qbic	98.83985327985377	45.54347526580343	76.8376252756541
3.3147832837502036	Qbic	222.35985327985375	118.34955061928177	96.34885425157701
3.9579915760134368	Qbic	316.54985327985383	88.51272686518959	78.08980203728072
4.398183295935638	Qbic	397.139853279854	65.3865623688183	61.53669313181724
5.005574237863954	Qbic	453.65985327985396	46.504605696323985	46.366763209466725
5.564006268015728	Qbic	503.65985327985396	41.355441123730145	42.318621457904605
6.130472060287973	Qbic	552.579853279854	38.60686018759271	38.910099941196435
6.745496725225342	Qbic	593.1598532798539	41.27528388559632	37.10448076836012
7.320004599241088	Qbic	636.3898532798539	36.426188646587846	40.45226860750623
7.813376195452249	Qbic	684.8698532798539	37.1762016684153	38.303015709622805
8.365853988813635	Qbic	723.1598532798539	30.195688664778302	32.17534719279386
8.954038627036002	Qbic	757.6598532798539	27.677613043236445	27.764639131810597
9.537192285222002	Qbic	786.6598532798539	27.155190892858812	26.454465095498186
10.07722390804793	Qbic	818.6598532798539	23.815973452418543	24.112142389857123
10.684738561441645	Qbic	842.1598532798539	22.498597585121846	21.49277994420332
11.232564648398165	Qbic	868.1598532798539	22.45655229206375	21.685620221253387
11.82377705381755	Qbic	891.6598532798539	21.65475457620666	21.085284842493476
12.397467675011217	Qbic	916.1598532798539	21.759700500221335	22.15606967795946
12.946744261813032	Qbic	942.1598532798539	21.44612767660772	23.009366013905375
13.491355494735954	Qbic	969.1598532798539	22.288666425722816	23.169211992359667
14.05283297829136	Qbic	995.1598532798539	22.148316432352704	22.165390189642295
14.63930565973826	Qbic	1019.6598532798539	21.47101339231506	20.36147337902246
15.26793496426223	Qbic	1041.659853279854	21.001293715272304	20.046660411978777
15.828314506149878	Qbic	1065.429853279854	20.04267594068082	19.84640433816726
16.35592320180205	Qbic	1087.159853279854	18.788911257160706	17.73451461932887
16.950423910998005	Qbic	1106.159853279854	19.156198902895742	19.0000233323526
17.48815976005461	Qbic	1130.659853279854	18.766437131810303	20.23491203628814
18.08249938269612	Qbic	1152.159853279854	17.797163260686823	18.277659517236614
18.633465165520327	Qbic	1172.659853279854	17.221247972731497	16.82040796436646
19.21301062006578	Qbic	1191.159853279854	16.609599519011525	16.95857770774216
19.74722754962814	Qbic	1212.159853279854	16.566246331247402	16.93126464718002
20.34505363658466	Qbic	1230.659853279854	16.855562423769847	15.653600386773476
20.958283672213618	Qbic	1248.659853279854	17.600716637963846	16.29689903280526
21.566126809468518	Qbic	1268.659853279854	17.739979824952954	17.679191297491453
22.154362103586166	Qbic	1289.659853279854	17.565948686561637	17.39147571489598
22.74994553296547	Qbic	1309.159853279854	16.938320587522856	16.886021510354336
23.31983800608375	Qbic	1329.159853279854	16.01267485256776	16.861105904798528
23.886889445924247	Qbic	1348.6698532798541	16.293924154669018	17.083374374256085
24.399328470314497	Qbic	1368.659853279854	16.71933118437952	15.720068416803365
25.009084567875473	Qbic	1384.659853279854	16.562325226590687	15.353593757811387
25.59505363658466	Qbic	1403.659853279854	16.7576154779353	16.62498357943903
26.187227549628133	Qbic	1422.4198532798541	16.10346301849705	15.973837076851028
26.760346313413734	Qbic	1439.659853279854	15.489913888458293	14.981084317221132
27.3020129800804	Qbic	1456.159853279854	14.543347292347697	14.518293796173205
27.84729075785818	Qbic	1472.5298532798538	13.464310131120069	14.232445392338919
28.398124091191512	Qbic	1488.6998532798539	13.181119305361495	13.33837449050562
28.99601460259045	Qbic	1503.159853279854	12.576741914381527	12.995480055824501
29.507264602590453	Qbic	1518.7998532798538	12.31892079953098	12.966056663832738
30.05851460259045	Qbic	1533.159853279854	12.510137321754009	12.62477499371988
30.634070493796987	Qbic	1547.8398532798537	12.470557585850024	12.724632982948991
31.215499065225554	Qbic	1562.4898532798538	12.569269391729826	11.49691096172619
31.871676110941586	Qbic	1574.5698532798538	12.598380614864194	11.787490710515524
32.43078244578321	Qbic	1590.159853279854	12.741415495526542	12.064252619151947
33.072185160715335	Qbic	1602.8398532798537	12.899757430295269	12.500077867686201
33.61185416641935	Qbic	1619.159853279854	13.498625602615666	14.246995101458433
34.137368685731445	Qbic	1635.9898532798538	13.852812365805216	13.759209103456818
34.751207230801995	Qbic	1651.159853279854	14.02221892636808	13.470429212433727
35.36464042722625	Qbic	1667.159853279854	13.382929348717264	13.387140994845042
36.002234048873994	Qbic	1682.159853279854	13.366703940565817	13.161905617349262
36.488619935363936	Qbic	1697.4198532798541	12.144538152952032	12.842347904968674
37.00851204595059	Qbic	1711.659853279854	11.205546799789754	11.965121194045736
37.561297378849716	Qbic	1724.9198532798541	11.044454000425866	11.227552185092616
38.13161778357147	Qbic	1737.659853279854	10.991854470499014	12.128826196471753
38.63147338045422	Qbic	1753.159853279854	11.374302452171385	11.670695777486037
39.26604598928803	Qbic	1764.659853279854	11.37920823184161	10.359856300889946
39.86685378331917	Qbic	1777.159853279854	11.371971212789102	11.960492695833878
40.378789267190136	Qbic	1792.289853279854	11.075081317163905	11.16730315242726
41.02395055751272	Qbic	1803.289853279854	10.899073352426509	10.970422411573022
41.55150689786966	Qbic	1818.159853279854	10.61483740783051	11.050311501754097
42.19182435818713	Qbic	1829.4898532798538	10.379303837915646	10.075793333985454
42.77432092484387	Qbic	1842.189853279854	10.212388812632724	11.14989352341772
43.300422619759125	Qbic	1856.1698532798541	10.209770560391085	10.480948604727578
43.92874890942981	Qbic	1867.1698532798541	10.12900557738765	10.467403147045804
44.46608224276315	Qbic	1881.0498532798538	10.144931931795817	10.030730066609852
45.13041557609648	Qbic	1891.119853279854	10.12848241195401	9.615447022499856
45.70368745189818	Qbic	1904.0698532798538	10.346021574315035	10.917331634454461
46.27450712402933	Qbic	1917.159853279854	10.487657716365526	10.176407590334867
46.91217603285742	Qbic	1928.3198532798538	10.606066489945766	10.117553534595203
47.504173512378514	Qbic	1941.269853279854	10.829246705794471	11.313354765321167
48.06624030506912	Qbic	1955.1698532798541	11.172027707875404	12.59384377946563
48.577303641113986	Qbic	1971.119853279854	11.06414719409117	11.543675764407096
49.233591797402156	Qbic	1982.3798532798537	11.234378141980816	10.574985271861644
49.80598253386539	Qbic	1995.9498532798539	11.33698930300138	11.530051241280304
50.37155630435719	Qbic	2009.1998532798539	11.100285542429242	10.836120725001201
50.97674890942981	Qbic	2021.229853279854	10.916587821573138	10.454614689008762
51.56908224276314	Qbic	2033.459853279854	10.765405879674306	11.085431533456774
52.127082242763144	Qbic	2046.7198532798539	10.490518910257284	11.273905107086193
52.66047951088056	Qbic	2059.3598532798537	10.417359362907453	10.127834198862752
53.24932566472671	Qbic	2070.049853279854	10.56935464302384	10.329690260744195
53.78620862202885	Qbic	2083.159853279854	10.554580983166987	11.581777025206447
54.35395055751272	Qbic	2096.559853279854	11.00042308131782	11.241524808139756
54.94740258780364	Qbic	2108.8998532798537	11.211648094395551	9.922589108039439
55.54817181857287	Qbic	2119.279853279854	10.789741780463526	10.176085426516979
56.052787203188245	Qbic	2132.159853279854	10.598342637192019	10.647291028530484
56.615479510880554	Qbic	2143.529853279854	10.489334559861335	9.831318247766506
57.192402587803635	Qbic	2154.529853279854	10.483757720862275	9.767403280863379
57.75778720318824	Qbic	2165.829853279854	10.266494775560066	9.623048281475763
58.34663335703441	Qbic	2176.5198532798536	9.795210137279367	9.350345510124471
