-146.75349508387475	Qbic	-3054.9576194640604	5.0366545992116825	4.861554021387692
-146.10771176560684	Qbic	-3048.7176194640606	5.118808366059158	4.978418300748049
-145.45602691092455	Qbic	-3042.1776194640606	5.218770045471773	5.114085050136758
-144.8070050160689	Qbic	-3035.5876194640605	5.276844115917938	5.099530559770592
-144.15461502392964	Qbic	-3029.0776194640603	5.3706520987531725	5.055353152315532
-143.500667296036	Qbic	-3022.61761946406	5.477947093592351	5.056195135356422
-142.84779093740582	Qbic	-3016.1376194640607	5.6055144334340685	4.986972777662355
-142.16704026199338	Qbic	-3009.8876194640607	5.601614349230665	5.109681238023604
-141.49880705493075	Qbic	-3003.11761946406	5.508277301501433	5.377761396600182
-140.83792466307344	Qbic	-2996.197619464061	5.393746558164775	5.4361526944334555
-140.21894397065623	Qbic	-2989.277619464061	5.2933017842233285	5.206994368886314
-139.60377846152326	Qbic	-2982.9276194640606	5.191496253781533	5.185366108289106
-139.01808900423816	Qbic	-2976.0576194640607	5.067587686286418	5.374012510035518
-138.38955679220737	Qbic	-2969.237619464061	5.282343463075775	5.450733510770502
-137.77300741204658	Qbic	-2962.197619464061	5.461485454506753	5.460348535242282
-137.13212122281715	Qbic	-2955.36761946406	5.58460431642075	5.609442939481253
-136.49982666148327	Qbic	-2947.9576194640604	5.5979197575646245	5.686625721853971
-135.8466904963384	Qbic	-2940.9676194640606	5.606744847168	5.42653659133609
-135.20242580887714	Qbic	-2934.2476194640603	5.536267006007958	5.46048217106901
-134.59606952228663	Qbic	-2927.187619464061	5.426235952724047	5.586942587102028
-133.98636782170118	Qbic	-2920.187619464061	5.309496696338031	5.602850650231095
-133.38892415442882	Qbic	-2913.1276194640604	5.606498247656728	5.447054048202973
-132.76269726559067	Qbic	-2906.5776194640603	5.867064555047677	5.554769594175907
-132.1443271168028	Qbic	-2899.2976194640605	5.969205086463716	5.893616206732869
-131.48601381922555	Qbic	-2891.907619464061	5.9757276636838	6.002321666671935
-130.83602306649766	Qbic	-2884.3376194640605	6.031688227622461	5.871977691656136
-130.19721531965234	Qbic	-2877.2576194640606	5.91454684765564	5.645454314398117
-129.58958011286546	Qbic	-2870.227619464061	5.710276129924981	5.688120483445586
-128.99199123079813	Qbic	-2863.0176194640608	5.56559955252349	5.645890246525503
-128.35930256682605	Qbic	-2856.0876194640605	5.56570110555659	5.691807492666381
-127.74737965280659	Qbic	-2848.7576194640606	5.6037869779377205	5.781508549575432
-127.12903523145098	Qbic	-2841.5876194640605	5.589683661898411	5.846393046342223
-126.53252135152846	Qbic	-2834.0876194640605	5.613479460287257	5.864535415619981
-125.92094398978972	Qbic	-2826.86761946406	5.619718767139074	5.926421888120894
-125.32594856825587	Qbic	-2819.1676194640604	5.671420712181613	6.151780728228894
-124.73609766582324	Qbic	-2811.3276194640603	5.901264570747441	5.929455843744755
-124.09587442229552	Qbic	-2804.147619464061	6.0899688676664745	5.612108958378058
-123.41283590204772	Qbic	-2797.0876194640605	6.082741263040506	5.915114843268492
-122.77065219009657	Qbic	-2789.11761946406	6.19303333331834	6.3258267882486034
-122.14211680313498	Qbic	-2781.0076194640606	6.2289330103275	6.219784399697341
-121.50812059101375	Qbic	-2773.277619464061	6.1117261737544215	6.031770879248491
-120.87080998495318	Qbic	-2765.61761946406	6.067656200460015	6.125986221548336
-120.24882761820473	Qbic	-2757.6376194640607	5.990366506370279	6.029301855660159
-119.60087689562715	Qbic	-2750.2076194640604	5.9918888494800475	5.6797024188005185
-118.9382377105999	Qbic	-2743.0876194640605	5.9302493179002	5.769349516538762
-118.29742371783709	Qbic	-2735.3776194640604	5.979678163410302	5.775981535742128
-117.6312213037238	Qbic	-2728.187619464061	5.96338014335269	5.694906128885891
-116.98219623408593	Qbic	-2720.6276194640604	5.917196928813777	5.730762383989661
-116.3109887291435	Qbic	-2713.2876194640603	5.960267149465055	5.853584045777277
-115.66549720068892	Qbic	-2705.357619464061	5.956081738390245	5.960182292570235
-115.00855563708949	Qbic	-2697.6776194640606	6.040807164656156	5.857878975353317
-114.33950647096431	Qbic	-2690.0376194640603	5.948834458776308	5.977694645301936
-113.68475230159022	Qbic	-2682.067619464061	5.803289970245033	5.751121046463232
-112.99144495916008	Qbic	-2674.987619464061	5.660623675162061	5.6948814958812175
-112.38520391507272	Qbic	-2667.107619464061	5.658454214327358	5.9068308178502695
-111.770783538017	Qbic	-2659.4176194640604	5.625103369691138	5.722553397931388
-111.12006497321113	Qbic	-2651.987619464061	5.666349307063077	5.736553626835383
-110.44600583342618	Qbic	-2644.227619464061	5.773216992035708	5.85405182833564
-109.77236672052297	Qbic	-2636.4576194640604	5.916928155741786	5.906729851270799
-109.10729300065793	Qbic	-2628.5576194640607	5.960270109920227	5.767976042108236
-108.42694350457248	Qbic	-2621.1676194640604	5.890803316294504	5.77135388008257
-107.76822124149878	Qbic	-2613.277619464061	5.789957793857093	5.6987080572976625
-107.08681384348768	Qbic	-2606.1376194640607	5.713530552890581	5.427637594211865
-106.43475010390387	Qbic	-2598.9976194640603	5.782770954649001	5.685192917254122
-105.81484853965257	Qbic	-2591.197619464061	5.856671554765841	5.850762935258179
-105.15844157495056	Qbic	-2583.6676194640604	5.914894522044765	5.686172431878972
-104.46933560765389	Qbic	-2576.3476194640607	6.057341920032702	5.483674788654653
-103.76409033264855	Qbic	-2569.407619464061	6.144450759645214	5.499941912370807
-103.08093457789543	Qbic	-2562.0876194640605	6.171333965975873	5.661238409526645
-102.418332579179	Qbic	-2554.727619464061	6.0364254634515015	5.49198108382395
-101.73326794179015	Qbic	-2547.857619464061	5.901050941784667	5.2593625156954085
-101.0457124815552	Qbic	-2541.1276194640604	5.746922358236228	5.647239006196654
-100.43939352468456	Qbic	-2533.277619464061	5.658326173324295	5.631347592178059
-99.7728940261891	Qbic	-2526.6276194640604	5.64806736031649	5.741452701860271
-99.18069855209768	Qbic	-2518.527619464061	5.5527919581849305	6.412802612270533
-98.60316250352697	Qbic	-2510.1776194640606	5.557599574725937	6.024662558887971
-97.96137145875085	Qbic	-2503.0976194640607	5.59281615337497	5.6876344470406766
-97.34147183717977	Qbic	-2495.6276194640604	5.551537834133893	6.0052274752762225
-96.74371216304533	Qbic	-2487.727619464061	5.518557021084145	6.104156506867394
-96.13885272407535	Qbic	-2479.947619464061	5.547459698005607	6.17427123397383
-95.54886283529882	Qbic	-2471.8376194640605	5.617960286653543	6.17609306371027
-94.9401671831249	Qbic	-2464.0976194640607	5.741861579707788	6.1585242817889005
-94.32412795762426	Qbic	-2456.0776194640603	5.919430471747068	6.2832821619174535
-93.70484102418979	Qbic	-2448.0476194640605	6.02242069764761	6.219821425227847
-93.07324667564936	Qbic	-2440.227619464061	6.196172239549276	6.424009571463661
-92.46325080996877	Qbic	-2431.737619464061	6.326006715776489	6.309889122313406
-91.80961490570124	Qbic	-2424.197619464061	6.3839368518060295	6.165591727401522
-91.1747569447606	Qbic	-2416.067619464061	6.4113325018395155	6.271371153291694
-90.51940309051176	Qbic	-2408.2076194640604	6.544683973234451	6.2647068206118055
-89.87588822600243	Qbic	-2400.0776194640603	6.555552589545288	6.418115568210552
-89.22740461909245	Qbic	-2391.8276194640603	6.636392877159243	5.784317356328316
-88.5014059618249	Qbic	-2385.2976194640605	6.639449222917129	5.668225766262671
-87.83666947307026	Qbic	-2377.3076194640607	6.496523881885517	6.353736737680149
-87.19191620642437	Qbic	-2368.987619464061	6.524876163988194	6.2944745869440375
-86.53348534383227	Qbic	-2361.107619464061	6.455213074058336	6.384089165451923
-85.90539691730432	Qbic	-2352.527619464061	6.471038525949723	6.537507203147799
-85.2576314699887	Qbic	-2344.2176194640606	6.455932156042097	6.348746529351557
-84.59903745720698	Qbic	-2336.0976194640607	6.435553229037567	6.38251137096816
-83.95305696612054	Qbic	-2327.6776194640606	6.523348035421082	6.559387765333055
-83.31113319762107	Qbic	-2319.107619464061	6.488173240569958	6.693248983975434
-82.67722102530519	Qbic	-2310.3376194640605	6.586255322751272	6.870092955423547
-82.0512891864577	Qbic	-2301.357619464061	6.691218159246197	6.970634943975065
-81.42089819850393	Qbic	-2292.36761946406	6.812468868831957	7.085252164829518
-80.8007855479263	Qbic	-2283.1276194640604	7.180126473906516	7.2565873454022345
-80.16688460347292	Qbic	-2273.937619464061	7.358054120732281	7.322182483641073
-79.52489174825072	Qbic	-2264.61761946406	7.474863565583983	7.495906230134575
-78.89211796113435	Qbic	-2255.0576194640607	7.620764103228394	7.2458518217210095
-78.23060952631162	Qbic	-2246.4276194640606	7.614341698356882	7.091654298023035
-77.59148735866782	Qbic	-2237.317619464061	7.612686609230891	7.268561493374504
-76.9472154524723	Qbic	-2228.3376194640605	7.524980032849705	7.529753521909586
-76.34780926450507	Qbic	-2218.607619464061	7.482743856067046	7.810898415266689
-75.74873703123802	Qbic	-2208.9276194640606	7.411171255841605	7.4602401059474435
-75.1204008503286	Qbic	-2200.0176194640608	7.368278615981512	7.3431796159028
-74.51884265072661	Qbic	-2190.607619464061	7.3880204292889395	7.680965452492749
-73.93168086049077	Qbic	-2180.857619464061	7.535849732395032	8.097005115820576
-73.3454236527133	Qbic	-2170.477619464061	7.58155994812889	8.159416233099762
-72.73275175862761	Qbic	-2160.647619464061	7.633597539352919	8.172403006144426
-72.15234868703118	Qbic	-2150.277619464061	7.816185923216401	8.073908058357095
-71.5591772924329	Qbic	-2140.697619464061	8.040620292221167	7.910364497976494
-70.98384180746604	Qbic	-2130.697619464061	8.435136716802575	7.8630497845281235
-70.29499601740991	Qbic	-2121.197619464061	8.482134775244148	8.265922862505057
-69.65243924701464	Qbic	-2110.147619464061	8.369880581227035	8.249362931600851
-68.961684249279	Qbic	-2100.5876194640605	8.325024604353178	7.927125543011037
-68.37027812503905	Qbic	-2090.2876194640603	8.193345293172083	8.261016574383277
-67.79760772126942	Qbic	-2079.7676194640608	7.867452879038359	8.214447767044408
-67.19013229415457	Qbic	-2069.4576194640604	7.826213056872867	8.277418888987842
-66.57378682663138	Qbic	-2058.7076194640604	8.167697359202833	7.831948906802584
-65.90355128059284	Qbic	-2049.4676194640606	8.243347316803154	7.374550205762758
-65.22570479048304	Qbic	-2039.7976194640605	8.33392770851033	7.853872707303477
-64.56843235770039	Qbic	-2029.2176194640606	8.313934421629078	8.209325539079549
-63.91180780311666	Qbic	-2018.6176194640602	8.411682136077669	8.003181985303385
-63.246528010915014	Qbic	-2008.6176194640602	8.360372065632395	8.119692272006692
-62.61509169655184	Qbic	-1997.737619464061	8.163685286829036	8.013170151153895
-61.94571500278491	Qbic	-1987.9776194640608	8.00951385152381	7.700033821010835
-61.296529933778004	Qbic	-1977.7876194640603	7.875519152678216	8.013808658681942
-60.66531446416472	Qbic	-1967.107619464061	7.5730522693129485	8.04918689676601
-60.02554314283412	Qbic	-1956.697619464061	7.507419761831239	7.769841257235887
-59.380473723111805	Qbic	-1946.7276194640608	7.6000809412588675	7.544615218031426
-58.727216336141346	Qbic	-1936.987619464061	7.683432339117752	7.753289664135115
-58.097399479235655	Qbic	-1926.4976194640603	7.716223508951416	7.937300933591703
-57.4466933132005	Qbic	-1916.357619464061	7.871426563632984	7.687387335608864
-56.78186382646266	Qbic	-1906.6276194640604	8.007858651020229	7.562025855711153
-56.11868710840163	Qbic	-1896.8876194640607	8.087090174476105	7.741474793887328
-55.47152584055071	Qbic	-1886.7576194640606	8.145132760667526	7.746674247656087
-54.80869059150857	Qbic	-1877.0776194640603	8.23875592222896	7.567128947384005
-54.140889346930734	Qbic	-1867.4176194640604	8.221266447453203	7.421982292415949
-53.455967102170746	Qbic	-1858.0976194640607	8.095193719824543	7.937797925149129
-52.82750192299562	Qbic	-1847.107619464061	7.90587504770765	8.449043585154572
-52.21457872295905	Qbic	-1836.5076194640606	7.895988350068037	8.161649273796867
-51.6119245465344	Qbic	-1826.3276194640603	7.7215005178988765	8.302143034819375
-51.035714529677804	Qbic	-1815.3776194640604	7.752323094498012	8.51958435045525
-50.41501265091141	Qbic	-1804.6776194640606	8.16604960392592	8.624194994984249
-49.81238946764306	Qbic	-1793.4676194640606	8.582680086423	8.861578296239367
-49.18970702655139	Qbic	-1782.157619464061	8.715826884609733	8.906056849054382
-48.5459491450886	Qbic	-1770.857619464061	8.917979382366248	8.870192005457085
-47.89588609338622	Qbic	-1759.7576194640606	9.161483353714157	8.789781799721823
-47.260174653974374	Qbic	-1748.8476194640607	9.510480712951601	8.941415550083752
-46.646631562319115	Qbic	-1737.5476194640605	9.641222977062242	9.40335735361327
-46.04821807652231	Qbic	-1725.5376194640603	9.797013219417021	9.275378245919992
-45.3681375936249	Qbic	-1714.407619464061	9.710016627126107	9.290477498938152
-44.71852563616588	Qbic	-1702.2176194640606	9.908475861258662	9.288296231371167
-44.044555456860095	Qbic	-1691.0176194640608	9.817867999054592	9.27566386915193
-43.430753620836036	Qbic	-1678.817619464061	9.538916936708553	9.8885075283899
-42.83309613428966	Qbic	-1666.107619464061	9.379527043982096	10.33959444281005
-42.26638271087299	Qbic	-1652.8676194640602	9.512210474027935	10.437708347688451
-41.69633924714847	Qbic	-1640.0076194640606	10.103667162026989	10.001445569902394
-41.07801017040512	Qbic	-1627.9576194640604	10.611803151017215	9.930360761803417
-40.40950333549449	Qbic	-1615.3476194640607	10.85700640901818	10.30696897889784
-39.748094292381985	Qbic	-1602.4676194640606	11.22255816554191	10.739749522178277
-39.116637397058966	Qbic	-1588.9276194640606	11.315649322402217	11.061739700720123
-38.51304175898056	Qbic	-1575.4776194640608	10.870447058440975	10.727449409543924
-37.89765714359595	Qbic	-1562.4276194640606	10.385287735072067	10.49642621786252
-37.30047508830302	Qbic	-1549.1476194640609	10.138606791695654	10.890246786829486
-36.73705597065596	Qbic	-1534.8976194640609	10.135234088516956	11.23914922275051
-36.1607915649557	Qbic	-1520.7276194640608	10.637673699109074	10.859190316293803
-35.53546782394852	Qbic	-1507.7076194640604	11.730056719649282	10.62302673000884
-34.92251818366074	Qbic	-1494.2576194640606	12.917924435752145	11.706602902249442
-34.26915315774018	Qbic	-1478.9176194640604	13.28093560833461	11.017554664351174
-33.51537575829349	Qbic	-1467.3476194640607	13.376788268148148	11.130552957287719
-32.8467228534201	Qbic	-1451.777619464061	13.248924009619143	12.529411608792179
-32.22998868074319	Qbic	-1436.5876194640605	12.548883769107729	12.165742684544071
-31.664771289438825	Qbic	-1421.487619464061	10.690053057862736	12.651972789435215
-31.16074221925523	Qbic	-1404.6676194640604	10.3550830925265	12.419567322406225
-30.620537313946304	Qbic	-1389.857619464061	11.276745663195294	11.465530549899913
-30.048748289459173	Qbic	-1375.3376194640605	12.040052843484437	12.703776015075384
-29.423244364146203	Qbic	-1357.6876194640608	13.353562263949701	12.774068969411731
-28.725811731003837	Qbic	-1343.4276194640606	13.936815885105823	11.30379804659172
-28.024051705768404	Qbic	-1329.357619464061	13.942450372487421	11.799312716056857
-27.35731517254687	Qbic	-1313.4576194640604	13.556478644086182	12.281459770099268
-26.688901842008192	Qbic	-1297.6376194640607	12.507459293112774	12.03634175787608
-26.019766300271947	Qbic	-1281.907619464061	12.452795642799462	12.357145569291205
-25.397049151051466	Qbic	-1264.9676194640606	11.921558214246941	12.611874094614178
-24.76185984147463	Qbic	-1248.5876194640605	12.331154263853916	11.614040937441505
-24.07053057654714	Qbic	-1234.5576194640607	12.54649596066658	10.943590556161734
-23.37336236014815	Qbic	-1220.2276194640608	12.772404819672882	11.895240120644058
-22.71592364501713	Qbic	-1204.0176194640608	12.343922505416355	12.642784217640546
-22.068708784569814	Qbic	-1187.8776194640604	12.291881687591687	12.489509107459035
-21.46758805099875	Qbic	-1172.2176194640606	12.230048939442058	12.808475154600146
-20.90187230978632	Qbic	-1155.1676194640604	12.003119603277122	13.153837746277002
-20.294896946839692	Qbic	-1138.4576194640608	12.452131743068179	12.957927200710367
-19.67127309362869	Qbic	-1122.0476194640605	13.793133666609638	13.979999688887034
-19.085268230739104	Qbic	-1103.0876194640605	15.252036898140517	14.731050181237839
-18.415100550621162	Qbic	-1085.1876194640608	15.218769066823768	14.17360759750127
-17.73829937133242	Qbic	-1067.6476194640609	15.975711427571467	14.217216875705745
-17.075061462204392	Qbic	-1049.4676194640606	15.430518580405986	15.449391717677953
-16.469852932293087	Qbic	-1028.5476194640605	15.589636409207268	15.7314519983596
-15.825957857750723	Qbic	-1009.6776194640605	16.047306112449007	15.560320840350693
-15.206143689474654	Qbic	-989.1976194640605	16.044093211023466	16.474132345444826
-14.591604227837589	Qbic	-968.1476194640608	16.572201016151876	17.03680043734957
-13.985305015239167	Qbic	-946.6476194640608	17.656514762715794	18.05872330846187
-13.381156158324018	Qbic	-923.7876194640606	18.097094663865697	19.057856099317604
-12.789657972735625	Qbic	-900.1476194640608	18.66494129272456	18.860407163774024
-12.167688161219122	Qbic	-877.9876194640605	19.44544987494207	18.438588317509343
-11.545626374785268	Qbic	-855.4776194640607	19.60387086059391	19.677390907632006
-10.971247597082119	Qbic	-830.1276194640603	20.12113292369416	21.521179989457316
-10.369715340436015	Qbic	-802.9676194640605	21.232005554738027	21.588006811000877
-9.749927457245548	Qbic	-776.7976194640604	20.354015863651874	20.6087730955515
-9.10618183674221	Qbic	-751.4176194640607	22.07939989689017	22.547259125390084
-8.518298321401598	Qbic	-719.7176194640605	22.103763144317956	21.194685945868738
-7.819650375483759	Qbic	-696.5376194640606	23.69527610801854	22.710106077035327
-7.229194426768333	Qbic	-660.2476194640607	24.362429188202565	25.09966444956867
-6.531515252859737	Qbic	-630.6776194640605	24.010570854012823	23.145707659846916
-5.850194324529301	Qbic	-599.5076194640604	25.4841732351962	25.059116700977032
-5.213246422704153	Qbic	-564.9976194640607	26.43602272190282	26.701970005906375
-4.579547969095907	Qbic	-530.8876194640605	28.579161323712864	28.924252929529207
-3.994281646071852	Qbic	-492.2676194640607	35.288437370586585	35.072398889770895
-3.415484994865243	Qbic	-449.8376194640604	44.56994280613442	40.231042130908094
-2.8884124046232706	Qbic	-402.1476194640608	65.69364868141923	51.27635145128441
-2.505269821152922	Qbic	-348.46761946406053	168.18031448008344	84.62542578913862
-2.2675658792689126	Qbic	-284.45761946406077	389.38124573779453	152.4753992186912
-2.10581800944428	Qbic	-195.92761946406057	743.3478068451566	365.76985735921966
-1.8805180074866814	Qbic	1.9423805359393287	1223.4397597089996	412.8357491888199
-1.6337627268649482	Qbic	194.3323805359392	114.8013962082392	107.68096782453773
-0.9648317713611618	Qbic	278.8923805359396	99.18575052316382	54.99443916821063
-0.29243791087015447	Qbic	338.5923805359394	65.32416932958544	42.582122671613284
0.38293543860801993	Qbic	394.8923805359396	58.193788783996226	39.032387358525085
1.0937121208429277	Qbic	445.05238053593945	39.93905377082314	34.36384577565874
1.7766777250336725	Qbic	488.0923805359394	37.75662470185484	31.63990759274913
2.4245309972304234	Qbic	530.3323805359393	31.75222470500084	30.745382565163894
3.099645628326712	Qbic	569.3023805359395	31.262769809864814	28.43323091104557
3.7480548306967796	Qbic	603.9223805359394	28.0132748534403	26.91529384569175
4.3560352686205315	Qbic	639.1923805359394	24.470663284352533	25.760165223713162
4.996363862748852	Qbic	671.5523805359395	22.959873510154576	24.042406451414497
5.649633541887299	Qbic	702.7823805359395	22.762035107047236	22.508477830168353
6.334656301962799	Qbic	731.1523805359394	19.956381370208142	20.507121802182006
7.038775320503932	Qbic	757.8023805359395	20.238082462962574	19.362622344140085
7.7050941950588685	Qbic	783.0323805359395	19.792946159774846	18.72443812566167
8.370132860097533	Qbic	807.7223805359396	18.881244816086802	17.537012058786914
9.072615562580237	Qbic	829.6523805359394	17.50744376578867	16.780969927429705
9.719654230189539	Qbic	852.4423805359394	16.43048818698577	17.475100470055033
10.337499889353525	Qbic	876.2123805359394	16.797516072738652	17.38935450387696
10.97514118096516	Qbic	898.8323805359395	16.09221751201619	16.546035088016485
11.646746496376801	Qbic	920.3323805359395	15.756999566976187	15.855664728288781
12.330265665461878	Qbic	941.0523805359395	16.44704223608685	15.53662945060361
13.0200472448112	Qbic	961.3623805359395	16.069384363043234	14.984565915157583
13.703854930126948	Qbic	980.6123805359395	15.867287216294612	15.615666858317551
14.340308620072465	Qbic	1002.6323805359394	15.47956647491015	15.215664495421404
15.041811013996849	Qbic	1020.7123805359394	14.890608986972875	14.674892963884092
15.660806043792437	Qbic	1041.0423805359394	14.921905712225758	15.330783718792372
16.287259255151312	Qbic	1060.6423805359393	14.2847701614741	14.73124691679428
16.931981585332352	Qbic	1079.2123805359392	14.508605517205087	14.410336939713424
17.569282246553666	Qbic	1097.8623805359393	14.01236875381482	14.358007246974616
18.20950006063379	Qbic	1116.3623805359393	13.647611598888776	14.439147596114767
18.833419332598503	Qbic	1135.1923805359393	13.763059033187433	14.443995143456286
19.4501239015462	Qbic	1153.7323805359392	13.348830886987034	13.255062599791142
20.12037405660098	Qbic	1169.6823805359393	13.216857383964879	12.897050770555783
20.768829134005646	Qbic	1187.3523805359393	13.681115850008506	12.919670800292899
21.458780353517838	Qbic	1203.2423805359394	13.592733157803833	13.428750742763421
22.09175596327394	Qbic	1222.0523805359394	13.518399236974068	13.107173845813236
22.781295956117795	Qbic	1237.1323805359393	13.226343138144474	12.069649979945316
23.440726936096716	Qbic	1253.2923805359394	12.758259129095865	13.401439779718837
24.051053595738445	Qbic	1271.7823805359394	12.311780545608707	13.425116233293458
24.67244857219335	Qbic	1287.9423805359393	12.191021588798014	13.079768180469143
25.253755200710273	Qbic	1305.5023805359394	11.890631014599984	12.22540109786254
25.923009412042703	Qbic	1319.4423805359393	11.64149187049916	11.644604605044993
26.546637709964724	Qbic	1335.5623805359394	11.892861270928103	12.21907671196441
27.186609692220163	Qbic	1350.9823805359392	11.940691820884094	12.076267995553671
27.823505955586	Qbic	1366.7723805359394	11.409708477051648	11.832428931837367
28.480364262512207	Qbic	1381.9323805359393	11.095728659088538	11.377007922632739
29.144239319098894	Qbic	1396.7823805359394	10.900736970085008	11.133058594348265
29.799001758484582	Qbic	1411.5123805359394	10.59460046450354	10.787213542150072
30.461098920581744	Qbic	1425.5623805359394	10.585579876287717	10.472160227061211
31.125601085083908	Qbic	1439.5123805359394	10.354240354287525	9.962390923109387
31.81846380520421	Qbic	1452.1923805359393	10.139766249187215	9.620529943349913
32.501764681543065	Qbic	1465.2023805359393	10.496516740436375	9.49722678659367
33.202835762360976	Qbic	1477.4823805359392	10.292093684948155	9.37990028254069
33.88869354977332	Qbic	1490.0923805359394	10.110940289162299	9.612161472572952
34.556921496689796	Qbic	1502.8423805359394	10.065038795168435	9.492326849277651
35.23868053910458	Qbic	1515.0723805359394	9.973499855479337	9.54941796862854
35.89751831965422	Qbic	1527.9823805359392	9.66568220069889	10.38459779641222
36.50212484556593	Qbic	1542.4023805359393	9.28081220011579	10.234995171075239
37.15718379812968	Qbic	1554.9823805359392	9.143754531910586	9.621522547762835
37.78381032950927	Qbic	1567.8123805359394	9.05990208882305	9.7844830606678
38.38965863898231	Qbic	1580.7523805359394	9.040268865259588	9.926565182410847
38.992473075908535	Qbic	1593.8123805359394	9.159296085627794	9.605868511433501
39.65482535503065	Qbic	1605.8123805359394	9.516288184032863	9.237998100396185
40.3166148879513	Qbic	1617.8323805359394	9.724273146848182	9.351024182156095
40.973985593197824	Qbic	1630.0723805359394	9.96940592164846	9.34873462873592
41.65707305368254	Qbic	1642.1023805359393	9.887117897458667	9.106107773023908
42.35122479235483	Qbic	1653.7123805359392	9.689065397958773	8.877865802174137
43.04932805895125	Qbic	1665.1723805359393	9.508772354227254	9.253117059186009
43.670624980624865	Qbic	1677.7923805359394	9.171798486358156	9.208856228970083
44.319414438179265	Qbic	1689.2523805359394	8.84113615373915	9.08649646923529
44.9399116717651	Qbic	1701.6523805359393	8.75325798080906	9.007993973556097
45.59746256814918	Qbic	1712.9223805359393	8.747726190787775	8.866463714818734
46.233743333873875	Qbic	1724.8923805359393	8.7604859710468	9.025504867183605
46.883343104393575	Qbic	1736.4823805359392	9.093600503093901	8.970730840391777
47.531651993947605	Qbic	1748.2323805359392	9.13703562924341	9.142456032739066
48.17457327500118	Qbic	1760.1623805359393	9.250313983132573	8.929826383041133
48.844241410441946	Qbic	1771.2423805359394	9.229006834791086	8.601669872462297
49.51595408482604	Qbic	1782.3023805359394	8.932842214698995	9.060026560642893
50.15175105722142	Qbic	1794.5723805359394	8.668770730825118	8.901621932936626
50.80264535219423	Qbic	1805.2423805359394	8.485610392346759	8.27599893491481
51.42373910219423	Qbic	1815.9123805359393	8.32311298497705	8.391519414088897
52.03559989764878	Qbic	1826.8423805359394	8.249407060903826	8.355080588877122
52.690712202920935	Qbic	1837.3523805359393	8.428375779526073	8.709896638148157
53.30814876765743	Qbic	1849.1123805359393	8.518477584054054	8.884674238691034
53.95061398133431	Qbic	1860.0723805359394	8.535767393282296	8.267360118685348
54.610640541759274	Qbic	1870.3123805359394	8.614216989744461	8.263784080223573
55.24742673033828	Qbic	1881.2523805359394	8.510611792830614	8.421625016103725
55.894259338362374	Qbic	1891.8823805359393	8.390431385731608	8.315488445778124
56.537853348345735	Qbic	1902.5923805359394	8.265485997785568	8.23721747281273
57.189101268478844	Qbic	1913.0723805359394	8.12281997540855	8.62073929133454
57.78597859322008	Qbic	1924.8223805359394	8.041936046089678	8.762959277944036
58.40114614172096	Qbic	1935.7323805359392	7.998989560086309	8.623833677070566
58.998214060215886	Qbic	1947.1593805359394	7.983971149133124	8.14243875492384
59.680193090360056	Qbic	1956.8653805359395	8.082851511290286	7.760210622844293
60.33710658970475	Qbic	1967.3363805359395	8.248424124734903	8.230240110023825
60.979663199678804	Qbic	1978.2713805359394	8.36393215915944	8.128501375505822
61.6574549580934	Qbic	1988.5143805359394	8.23121005022315	7.870823875373015
62.333044766209156	Qbic	1998.8273805359395	8.16239808506994	7.961314354918577
63.00265785208523	Qbic	2009.3303805359392	7.938391194201038	7.760517434503098
63.66237957135265	Qbic	2019.2463805359394	7.7414073181812055	7.707877950897881
64.30362270322078	Qbic	2029.6933805359395	7.631240489668351	7.616024456537227
64.96929568640948	Qbic	2039.4593805359393	7.468371752239596	7.515176154425046
65.62924254791727	Qbic	2049.6983805359396	7.413490323432398	7.828756013732249
66.2771668255659	Qbic	2060.2993805359392	7.540262230310289	7.7873390753321585
66.93994821710615	Qbic	2070.392380535939	7.462977894917828	7.359474069506994
67.61482794219205	Qbic	2079.8533805359393	7.63525054060192	7.2310324798474825
68.28066986659069	Qbic	2089.5773805359395	7.610966568027596	7.522648153172637
68.93286321731621	Qbic	2099.7213805359393	7.509713135624635	7.1655123969061485
69.63768658688144	Qbic	2108.4113805359393	7.574201140531105	6.891964376656989
70.31754392383795	Qbic	2117.8363805359395	7.579017966972831	7.176753994507116
71.00039039122927	Qbic	2127.1733805359395	7.5954042822191346	6.991357471657484
71.66344080295778	Qbic	2136.0363805359393	7.374155703287857	7.029089049891791
72.30610239991594	Qbic	2145.4343805359395	7.247734783272968	7.121539340446344
72.96053438090253	Qbic	2154.4813805359395	7.0901183835177015	6.975527710137695
73.60362348981343	Qbic	2163.493380535939	6.930315312922719	6.826877462591938
74.26132646011047	Qbic	2172.136380535939	6.937678652806305	6.945188405536711
74.88935574724319	Qbic	2181.4323805359395	6.815081131601694	7.349717509079725
75.49239102205861	Qbic	2191.1103805359394	6.637890523886767	6.940865250015686
76.15326058727601	Qbic	2199.3783805359394	6.5915407774523365	6.853866931729816
76.74832433062616	Qbic	2208.8983805359394	6.477914637785151	7.380741633696232
77.33065679363747	Qbic	2218.4963805359394	6.458054540303577	7.271517775033148
77.93380282343911	Qbic	2227.7153805359394	6.52024334434031	6.891103553670637
78.58241393455023	Qbic	2236.3173805359393	6.5595772325952835	6.692944515108338
79.22583713716458	Qbic	2245.0463805359395	6.618515159241684	7.17790766883116
79.8213989789819	Qbic	2254.9273805359394	6.688088786488565	6.965665396721871
80.48471453088999	Qbic	2263.1323805359393	6.7721109126598025	6.565659637530512
81.12119380869056	Qbic	2271.9913805359392	6.885803231829158	6.763658584421763
81.78459929333044	Qbic	2280.700380535939	6.968643079998742	6.858009471488627
82.44391815560589	Qbic	2289.803380535939	6.943520961350509	6.643473203213998
83.13744360470767	Qbic	2297.9923805359394	6.955756794333038	6.135645361209424
83.83636517188651	Qbic	2305.7753805359393	6.940453486607996	6.040866710824322
84.52000370691835	Qbic	2313.7223805359395	6.870633650275543	6.494851809390461
85.16068842029415	Qbic	2322.7483805359393	6.8088530622607655	6.581829124168799
85.84049041908669	Qbic	2330.9783805359393	6.783669132680574	6.54408913334185
86.50104576332404	Qbic	2339.9023805359393	6.782909103179642	6.7192131140991895
87.1720233213309	Qbic	2348.5523805359394	6.7451660914974365	6.538840186022458
87.84014228585701	Qbic	2356.999380535939	6.714727011103756	6.4448841573684925
88.49830929196698	Qbic	2365.3913805359393	6.567308165915381	6.775257738420354
89.11965348748633	Qbic	2374.687380535939	6.450479287780914	6.646001468868985
89.77936443897102	Qbic	2382.7303805359393	6.442677648320647	6.274479298259328
90.42106711831414	Qbic	2391.0213805359394	6.454255299905983	6.434448915106558
91.05710860491743	Qbic	2399.4433805359395	6.566262296760073	6.691229052240063
91.69604390031283	Qbic	2408.3333805359393	6.666082608629771	6.760979738492463
92.3539153862566	Qbic	2416.852380535939	6.717001598528824	6.851593328798226
92.98838945823738	Qbic	2425.9323805359395	6.661928652274007	6.990506124325647
93.60310299990404	Qbic	2434.8093805359395	6.612658436375015	6.990922505708268
94.21000404157073	Qbic	2443.8663805359392	6.494131295210218	6.8472227818915234
94.84033638468688	Qbic	2452.3563805359395	6.410228014592347	6.709294421082284
95.4602314437162	Qbic	2461.0493805359392	6.456709365779332	6.482786063510745
96.11563153116698	Qbic	2468.9303805359395	6.460221738518251	6.430103609809889
96.7391984558561	Qbic	2477.466380535939	6.388360543025462	6.597718967378317
97.37253178918942	Qbic	2485.7493805359395	6.434223282436724	6.324990515341863
98.02737906674587	Qbic	2493.5463805359395	6.377044460105215	6.252554507558637
98.65452194423884	Qbic	2501.6133805359395	6.421176308882725	6.39317795085054
99.27748112791231	Qbic	2509.7423805359394	6.512079458084146	6.376404812523948
99.91310691981573	Qbic	2517.7103805359393	6.557434908720599	6.307743853452055
100.56772398764943	Qbic	2525.602380535939	6.68580448738827	6.2180599584629315
101.22929947999077	Qbic	2533.3353805359393	6.803728401037096	6.42141493512861
101.86441046617375	Qbic	2541.7503805359393	6.79523915948232	6.503252709050592
102.52487161049484	Qbic	2549.7023805359395	6.71647372805066	6.357280517654153
103.18161798111825	Qbic	2557.7413805359392	6.55866276432125	6.555284211639634
103.79501183054934	Qbic	2566.2073805359396	6.403676821443185	6.398640082936829
104.42279771862721	Qbic	2573.8563805359395	6.25791091717675	6.185116398634893
105.0355957721552	Qbic	2581.8133805359394	6.083294168404792	6.392341742235851
105.64315982448949	Qbic	2590.031380535939	6.025721967827067	6.477046472436424
106.25259738407003	Qbic	2598.225380535939	5.9444184822337816	6.325928163588204
106.87181829247439	Qbic	2606.0833805359393	5.924128573360529	6.506573509855198
107.43659785159264	Qbic	2614.7703805359392	5.9462840795729885	6.520841651781053
108.03820105800546	Qbic	2622.7223805359395	5.9963304030445315	6.2363792948405745
108.67534800529388	Qbic	2630.7083805359393	6.03940980476459	6.3009093605271325
109.31076373563096	Qbic	2638.8203805359394	6.107823699789365	6.495858421098857
109.9246777833948	Qbic	2647.3143805359396	6.124554805654577	6.520554920027706
110.53316610003765	Qbic	2655.524380535939	6.1999473954735995	5.962612810973562
111.19630391596515	Qbic	2662.5883805359395	6.203370006395891	6.1253337327593425
111.80854654001635	Qbic	2671.263380535939	6.254705413805134	6.096427455971663
112.51304045013816	Qbic	2678.2993805359392	6.307541654654544	6.229005807597603
113.13307404946617	Qbic	2687.3463805359393	6.313915534428106	6.230771347229493
113.82714632839232	Qbic	2694.4403805359393	6.251256348143433	6.085927276504842
114.4438350117917	Qbic	2703.1453805359392	6.141609679022915	6.0992773906034365
115.129348001664	Qbic	2710.2873805359395	5.934760159386266	5.4761059171010755
115.80361948238158	Qbic	2717.4293805359393	5.796522134920953	5.500191554634492
116.46359145809386	Qbic	2724.7093805359395	5.772097452963564	5.663554001273026
117.10824348985471	Qbic	2732.3173805359393	5.696702570667228	5.647105424629058
117.77759914637384	Qbic	2739.5543805359393	5.719872456503545	5.574186562155808
118.44211090044257	Qbic	2746.975380535939	5.746007099792684	5.851622259408628
119.08139661472826	Qbic	2754.9543805359394	5.720806935369065	5.7985113669884525
119.75345334749505	Qbic	2762.2873805359395	5.713330230433901	5.37632816096228
120.44694710863588	Qbic	2769.165380535939	5.678968467470883	5.682122274256322
121.08433570043623	Qbic	2777.3023805359394	5.617975700226335	5.8044500341613645
121.74818582901139	Qbic	2784.4703805359395	5.630322932899425	5.378054031174141
122.41601399130258	Qbic	2791.4293805359393	5.638415228018089	5.718871032148539
123.03467747578944	Qbic	2799.4183805359394	5.647476922927914	5.910930143627096
123.67493877826541	Qbic	2806.8183805359395	5.506070563809627	5.365155540875917
124.35750088250313	Qbic	2813.3353805359393	5.56817444726523	5.148428364793667
125.02749601158253	Qbic	2820.1103805359394	5.43507502021234	5.034161425936884
125.68560693942261	Qbic	2826.343380535939	5.3876076011772245	5.064144203295917
126.30474171479698	Qbic	2833.2103805359393	5.347228352864969	5.077065199969921
126.95992427727585	Qbic	2839.502380535939	5.389025922865704	5.07081484232575
127.61566297074317	Qbic	2846.3531805359394	5.437750588305118	5.07805406584821
128.29921070943664	Qbic	2852.6505805359393	5.466614378890915	4.950082851381885
128.97030394112218	Qbic	2859.1708805359394	5.578812851202633	5.123987850389078
129.61642146473184	Qbic	2865.9158805359393	5.472156474045236	5.322239555771471
130.2492598697686	Qbic	2872.913980535939	5.344678023230308	5.42814734854226
130.8720997790432	Qbic	2879.9120805359394	5.296225904843252	5.60639376344806
131.44765470220767	Qbic	2887.3695805359393	5.16336958979185	5.894548780216015
132.0085482707905	Qbic	2895.0846805359392	5.003829908990167	5.53542122396289
132.62030280129545	Qbic	2901.6213805359394	5.011190987175544	5.352237399465421
133.1879365706177	Qbic	2908.893780535939	4.973763605587908	5.893625680622847
