-148.16548723493946	Qbic	-3065.0181809159685	5.083684176040736	5.375127440071756
-147.57424093243156	Qbic	-3058.0245809159683	5.163272441625614	5.76037313840883
-147.01155433930916	Qbic	-3050.5230809159684	5.257944771180974	5.750583090680278
-146.38450718894248	Qbic	-3043.5204809159686	5.247887009637328	5.498831223551477
-145.7581311044521	Qbic	-3036.5052809159683	5.287017087759986	5.282461790611362
-145.10370026464443	Qbic	-3030.0280809159685	5.372482168772211	5.083628576350351
-144.45158457819136	Qbic	-3023.5338809159684	5.465148058149875	5.1333415785600565
-143.8044239745819	Qbic	-3016.9471809159686	5.5668637346906324	5.343243829474576
-143.16514074019295	Qbic	-3009.9263809159684	5.5658782205444775	5.437082668668343
-142.49895105975736	Qbic	-3003.1146809159686	5.469357677789461	5.080279198031448
-141.7984428733995	Qbic	-2997.0032809159684	5.339172645609029	5.1373957477655265
-141.1743539889642	Qbic	-2990.0133809159684	5.207555516048135	5.419823541405061
-140.59110853122326	Qbic	-2983.1366809159686	5.078193863036203	5.040927319785168
-139.95736793997207	Qbic	-2977.0931809159683	4.94408591055641	4.867049478973786
-139.31207354355774	Qbic	-2970.6601809159683	5.092952336587658	5.277982399088493
-138.69911901295796	Qbic	-2963.5541809159686	5.255521513575413	5.507720282404377
-138.07527518014604	Qbic	-2956.5131809159684	5.379123686917474	5.240319356825733
-137.3959381416387	Qbic	-2950.0511809159684	5.3362864044829825	4.886907178167395
-136.70067216307578	Qbic	-2943.9101809159683	5.351240152701275	4.850845782336081
-136.01711432563718	Qbic	-2937.5711809159684	5.353257538170954	5.015776073511929
-135.38187596489007	Qbic	-2931.0291809159685	5.230901333681932	5.248780893474757
-134.76810401061073	Qbic	-2924.1021809159683	5.099470827940547	5.304986766446422
-134.14328608938047	Qbic	-2917.4321809159683	5.135068403896344	5.142801017082915
-133.5125510973695	Qbic	-2910.9611809159683	5.401588481121284	5.218194427735
-132.90195990814328	Qbic	-2904.137180915968	5.564679771919442	5.412849148085806
-132.2421372956493	Qbic	-2897.1821809159683	5.688014904367557	5.339318612816377
-131.54697361893392	Qbic	-2890.5891809159684	5.720938655189013	5.235314710297193
-130.85583250556238	Qbic	-2883.9091809159686	5.6757651505094495	5.291126952544202
-130.20360246862214	Qbic	-2877.1431809159685	5.635837407802142	5.226043437521846
-129.5681166171961	Qbic	-2870.6121809159686	5.483296268612787	5.334956019247157
-128.96148604288123	Qbic	-2863.5641809159683	5.3225271189375825	5.542997644272154
-128.33830714899952	Qbic	-2856.4841809159684	5.30058038592716	5.707575452330691
-127.7344316725065	Qbic	-2849.0021809159684	5.400164807817283	6.062489325867404
-127.15676487143871	Qbic	-2841.0721809159686	5.4386012239442225	6.125305550630058
-126.56552321015188	Qbic	-2833.474180915968	5.46973563567326	5.555906419908473
-125.91392002530142	Qbic	-2826.9981809159685	5.493464799345226	5.541211652397683
-125.31221268272577	Qbic	-2819.4301809159683	5.550576879226889	6.28811888409617
-124.75286138793109	Qbic	-2811.0071809159685	5.815305161545892	6.559139873035537
-124.15942109321644	Qbic	-2802.7321809159685	6.039890339449365	6.23815356760258
-123.50192805200246	Qbic	-2795.1031809159686	6.0933708614851785	6.019147765906556
-122.84681446665633	Qbic	-2787.4211809159683	6.257395877853407	6.092725048332284
-122.20634211317723	Qbic	-2779.6511809159683	6.277610680329458	6.219146739429572
-121.58333074954086	Qbic	-2771.6891809159683	6.204662602726119	6.0124796761018295
-120.9278856737833	Qbic	-2764.4121809159683	6.16918469723341	5.629705443389116
-120.25965152477151	Qbic	-2757.4091809159686	6.119478846693975	5.775343220158884
-119.62169843308709	Qbic	-2749.7681809159685	6.123200242722787	6.164768725294808
-119.00148307475872	Qbic	-2741.7521809159684	6.044264407867835	5.924908229608386
-118.33100953715427	Qbic	-2734.6541809159685	6.068242124435963	5.9140395559753385
-117.70570777299457	Qbic	-2726.5831809159686	6.081399539124227	5.886142910257013
-117.03415197059783	Qbic	-2719.4801809159685	6.022105499311615	5.773270474007362
-116.38365351291087	Qbic	-2711.6621809159683	6.048848660495954	6.083166882756591
-115.74084426797367	Qbic	-2703.6721809159685	5.97919490447426	6.12411435420352
-115.09720361404821	Qbic	-2695.6311809159683	5.963298646794531	6.19282910874807
-114.45228266971208	Qbic	-2687.434180915968	5.8396979741490265	6.156891867741784
-113.79653218238262	Qbic	-2679.4871809159686	5.679357326180406	5.703924885047389
-113.11862943393015	Qbic	-2672.4241809159685	5.599343809462424	5.734043662417727
-112.52296156389404	Qbic	-2664.3601809159686	5.61704897193166	5.940369454444773
-111.90678627307977	Qbic	-2656.7051809159684	5.60183583719825	5.774602617929781
-111.24302526168947	Qbic	-2649.0601809159684	5.6698984124696965	5.868469992859028
-110.5768206245927	Qbic	-2641.1131809159683	5.803081742787892	5.798119336753362
-109.89087472405507	Qbic	-2633.6361809159685	5.931716945811483	5.485867976439621
-109.19498877245137	Qbic	-2626.5301809159682	5.905156786807167	5.525058744184473
-108.52181951772582	Qbic	-2618.974180915968	5.862340756901688	5.656836870501996
-107.84242161989286	Qbic	-2611.5621809159684	5.728023453189938	5.431148716663744
-107.1603209117637	Qbic	-2604.6291809159684	5.696197681708086	5.202619021417605
-106.49012940062877	Qbic	-2597.8611809159684	5.806682237432736	5.344546659123032
-105.84503413236699	Qbic	-2590.5781809159685	5.824188967731144	5.5740591413574085
-105.17689298918256	Qbic	-2583.233180915968	5.890696179959451	5.498210235760475
-104.47551265365485	Qbic	-2576.2021809159683	6.052241049319511	5.434531108475866
-103.77727523594407	Qbic	-2569.0971809159682	6.155671823445307	5.498792058166329
-103.08737257863314	Qbic	-2561.947180915968	6.150049715873543	5.597858636465776
-102.42642089622733	Qbic	-2554.5511809159684	6.031494917431422	5.443746972169069
-101.73425073027886	Qbic	-2547.8361809159683	5.906822746432488	5.5693406828880825
-101.09438041275341	Qbic	-2540.157180915968	5.773121657474517	5.788421287897684
-100.45681772468922	Qbic	-2532.9301809159683	5.726161439543071	5.9197743523933966
-99.85536336159996	Qbic	-2524.983180915968	5.736364209208685	6.091497900800007
-99.23829726437154	Qbic	-2517.389180915968	5.694971299585543	5.986082014629986
-98.62408021403002	Qbic	-2509.764180915968	5.7275812739439855	6.157908295753406
-98.02825587730666	Qbic	-2501.7791809159685	5.79512300906354	6.051163752872123
-97.40045546997467	Qbic	-2494.4691809159685	5.772223231352905	6.060178558794097
-96.80671819909892	Qbic	-2486.4901809159683	5.826447936662389	6.619503905235408
-96.248430001532	Qbic	-2477.7801809159682	5.9282990190144185	6.830109130292263
-95.67653920274535	Qbic	-2469.3121809159684	6.027073099331248	6.778011681735511
-95.10003534185014	Qbic	-2460.804180915968	6.2804087356058345	6.7446116450449765
-94.491415960094	Qbic	-2452.5491809159685	6.4747545884778726	6.615120197170424
-93.87672792671643	Qbic	-2444.4221809159685	6.599117417265591	6.7003708156559485
-93.26725827692145	Qbic	-2436.0041809159684	6.721523451087248	6.7880808214143284
-92.65078531077694	Qbic	-2427.6551809159682	6.830351248698673	6.989560068037837
-92.05941179647036	Qbic	-2418.6981809159684	6.808450647807707	6.919841665477176
-91.41984326187419	Qbic	-2410.4781809159686	6.963442984976987	6.6860514790553225
-90.7876850578928	Qbic	-2402.0891809159684	6.9270642869865755	6.764446944431578
-90.15181039905602	Qbic	-2393.6291809159684	7.032956812023807	6.618941883661978
-89.49114406807247	Qbic	-2385.5421809159684	7.016732189013412	6.577911497677228
-88.84537367532323	Qbic	-2377.1001809159684	6.789405758177452	6.6479073288889285
-88.20307522454715	Qbic	-2368.7301809159685	6.766578962316745	6.523077058650502
-87.55920873126585	Qbic	-2360.514180915968	6.6524730343784295	6.634757080591121
-86.93727548462519	Qbic	-2351.7921809159684	6.571223612695563	6.67295378770152
-86.29149619199055	Qbic	-2343.4121809159683	6.589877457731555	6.52313111858183
-85.64471684453007	Qbic	-2335.0111809159685	6.557648437570335	6.343725956993874
-84.97905925959903	Qbic	-2327.059180915968	6.589250126931653	6.560931516882544
-84.35510708925962	Qbic	-2318.054180915968	6.532061109891955	6.910131098456379
-83.72574492529233	Qbic	-2309.175180915968	6.586126609722446	6.60613335880877
-83.06738253629499	Qbic	-2300.9661809159684	6.641009028261194	6.487976939655
-82.4200528483453	Qbic	-2292.3881809159684	6.745209019674226	6.572604766927207
-81.7653638708343	Qbic	-2283.9891809159685	6.905225882398208	6.50900774835399
-81.10190701917962	Qbic	-2275.6291809159684	7.0329662516123586	6.863893266556091
-80.4582624142551	Qbic	-2266.3521809159683	7.096800297361005	7.052740303522966
-79.79725523106453	Qbic	-2257.5271809159685	7.196030711097796	6.705900996564383
-79.12204664198632	Qbic	-2249.1681809159686	7.158673866991801	6.6255812039775055
-78.46379121495417	Qbic	-2240.541180915968	7.1542761825433026	7.092865316714829
-77.83932599549607	Qbic	-2231.0611809159686	7.156964294990937	7.039689909702132
-77.18004247143402	Qbic	-2222.6581809159684	7.055203308111459	7.015152604902541
-76.56933173584753	Qbic	-2213.2591809159685	6.9846362897138095	7.108668233054838
-75.92929694459505	Qbic	-2204.5681809159682	6.97179849350427	6.8145614590217685
-75.29372678283875	Qbic	-2195.9241809159685	7.0006285181932775	7.0620268072747026
-74.68590191092446	Qbic	-2186.6621809159683	7.112510451687039	7.476886287631603
-74.0886932278775	Qbic	-2176.9931809159684	7.283419928993182	7.628302887623333
-73.46427934238162	Qbic	-2167.4611809159683	7.337830996084146	7.58849015831279
-72.83821054534468	Qbic	-2157.9711809159685	7.3712993383690035	7.8298626190468426
-72.25551832131403	Qbic	-2147.8481809159684	7.751860945881208	8.065200350766238
-71.67844171183553	Qbic	-2137.889180915968	8.030951657578987	8.13941903170832
-71.08846947759278	Qbic	-2127.5821809159684	8.386152486544278	8.171178950540687
-70.41359725141693	Qbic	-2117.5311809159684	8.462012630266726	8.194451068632523
-69.74952919163819	Qbic	-2107.1461809159687	8.406997470640205	8.57885110684712
-69.13449286823881	Qbic	-2096.0921809159686	8.336112346532907	8.36611499217936
-68.53550026120331	Qbic	-2086.2201809159683	8.129567830660275	8.288582638874777
-67.98025613089214	Qbic	-2075.2711809159687	7.813058543529074	8.35324756023358
-67.3434670032228	Qbic	-2065.1611809159685	8.123221150343205	7.8412552776766535
-66.69000519023209	Qbic	-2055.4511809159685	8.377577965027166	7.880646455375072
-66.05195806382584	Qbic	-2045.161180915968	8.483527829370773	8.222192357683143
-65.39792502203768	Qbic	-2034.4811809159683	8.496207242190945	8.26579632200075
-64.73870895465835	Qbic	-2023.9611809159683	8.399775854714076	8.262994275791405
-64.09058080725958	Qbic	-2013.2211809159683	8.342590704915839	8.065480160311257
-63.43170546850621	Qbic	-2003.151180915968	8.16199747404514	7.9532926963482895
-62.788074032191844	Qbic	-1992.6311809159681	7.901453470501044	7.931728922302897
-62.133768833919305	Qbic	-1982.5011809159682	7.770792193783919	7.734300690791954
-61.482871043864066	Qbic	-1972.391180915968	7.528846296742081	7.595603008001939
-60.822995353256324	Qbic	-1962.5411809159682	7.468586144266456	7.601698638867056
-60.17849574333582	Qbic	-1952.401180915968	7.4513296802368645	7.790542065030211
-59.54695426950172	Qbic	-1942.0511809159682	7.491995891703672	7.5229143394292235
-58.88123693237107	Qbic	-1932.661180915968	7.597204714040182	7.182427748753063
-58.20785206442657	Qbic	-1923.2911809159682	7.5925877302556435	7.1216037549724
-57.52579901585612	Qbic	-1914.0611809159682	7.796185052705123	7.475966082026177
-56.8778486197142	Qbic	-1903.8411809159682	7.884083832335644	7.229811985207571
-56.17289952735295	Qbic	-1895.3311809159682	7.996484735297475	7.326319089012959
-55.53444602683048	Qbic	-1884.9511809159683	8.057364054419846	7.842887733690142
-54.875790506106	Qbic	-1875.151180915968	8.130436606455573	7.743274492850605
-54.22122871637266	Qbic	-1865.0411809159682	8.129906060252726	7.92544453321073
-53.56673243510153	Qbic	-1854.8211809159682	7.928825542941495	8.13190877355844
-52.92575880426989	Qbic	-1844.2011809159683	7.850273031910895	8.463977098920898
-52.3444162931422	Qbic	-1833.181180915968	7.8369355186506295	8.314739467823342
-51.74137179665508	Qbic	-1823.0111809159682	7.856345351479867	8.2507626757318
-51.14406045481401	Qbic	-1812.3211809159682	8.049070792580238	8.846601992330527
-50.555971124789195	Qbic	-1800.7011809159683	8.56722652218292	9.429667600465633
-49.984542553360626	Qbic	-1788.6111809159681	8.929778678908606	9.1232724137297
-49.326416942947766	Qbic	-1777.8211809159682	9.075780404902266	9.034142017813954
-48.699683021131875	Qbic	-1765.9811809159683	9.238047350009234	9.509913817181934
-48.08118828421009	Qbic	-1754.0811809159682	9.481647230257852	9.625210054265729
-47.49021701198028	Qbic	-1742.1211809159681	9.721256243698763	9.251265179319276
-46.86538801061229	Qbic	-1731.151180915968	9.77960718087496	9.234753196037065
-46.231789175921335	Qbic	-1719.151180915968	9.871194693035607	9.636776677563228
-45.57901539035077	Qbic	-1707.0711809159682	9.759278493187312	9.413737437509539
-44.912731975576406	Qbic	-1695.4611809159683	9.862772593921699	9.022582820831406
-44.25970071004441	Qbic	-1684.2211809159683	9.476619341619381	9.135326219361149
-43.637035309601245	Qbic	-1672.3011809159682	9.253176819527356	9.417892245855485
-43.01618005450696	Qbic	-1660.3511809159681	9.021299229173776	9.4416045984991
-42.41738366533946	Qbic	-1648.3511809159681	9.294032103276908	9.201866736363616
-41.79685541391852	Qbic	-1637.0011809159682	9.656665426711946	9.24865671716804
-41.16046123633815	Qbic	-1624.8211809159682	9.930114375648431	9.877918853181907
-40.49957795558105	Qbic	-1611.921180915968	10.179541954905451	9.93072511836231
-39.82213316062837	Qbic	-1599.651180915968	10.480531448138079	10.32293819928913
-39.20701283319491	Qbic	-1585.8611809159681	10.272467618753247	10.293257292850928
-38.5651030188713	Qbic	-1573.7111809159683	10.063796766330173	9.608101293122607
-37.92348792898035	Qbic	-1561.5511809159682	9.872404896145053	9.691444146959961
-37.30281695558527	Qbic	-1549.0711809159682	9.702393877247872	10.118301645275311
-36.71274342617351	Qbic	-1535.691180915968	9.749350570614899	10.136331067434307
-36.09277540806628	Qbic	-1523.0911809159682	10.015301975884745	9.999281395368278
-35.462271810943975	Qbic	-1510.2511809159682	10.879237583433376	10.453955512440093
-34.85507756633966	Qbic	-1496.6011809159681	12.109768250802828	10.70768541460405
-34.17373793211967	Qbic	-1483.401180915968	12.696883483323441	11.20471390452562
-33.48486795978513	Qbic	-1468.7811809159682	12.910063220109363	12.331171538781236
-32.82110971334971	Qbic	-1452.9811809159683	12.969701376362694	11.99823596792907
-32.155886709769746	Qbic	-1439.161180915968	12.731079071124537	11.640476776665992
-31.590093447460504	Qbic	-1424.0811809159682	11.089252618783613	11.944744564697848
-31.015645620313666	Qbic	-1409.3411809159682	10.411752454115614	11.989799204037404
-30.492516157413945	Qbic	-1393.9811809159683	11.373879956672692	11.85215615012276
-29.943928762195075	Qbic	-1379.441180915968	11.961138198574737	12.304892572598833
-29.310926064721052	Qbic	-1362.9811809159683	12.753140191324547	13.008124323143319
-28.6572023218821	Qbic	-1346.661180915968	13.559327760398913	12.76680325762262
-27.994142699560857	Qbic	-1330.7811809159682	13.89795877784889	12.887689216293106
-27.346550941737647	Qbic	-1313.9711809159683	13.602455487959102	12.395502902600354
-26.66262723601558	Qbic	-1298.891180915968	12.530491492860584	11.439921898113823
-25.973044339348213	Qbic	-1284.0811809159682	12.441757128838248	11.302194496706045
-25.30676938597557	Qbic	-1269.0211809159682	11.976699960931983	11.02697311959983
-24.61990969777958	Qbic	-1254.9611809159683	12.131112282163974	11.319089717336274
-23.966903016265107	Qbic	-1239.3811809159681	12.57775785759206	11.838164141993582
-23.288756243243938	Qbic	-1224.2311809159683	12.515864630365758	11.485720452402362
-22.59813916801148	Qbic	-1209.5911809159682	12.60716098124887	11.925216773059947
-21.93499462025155	Qbic	-1193.651180915968	12.532461924770846	12.787065288256438
-21.34217894626346	Qbic	-1177.141180915968	12.70546769771717	13.661001287188364
-20.800660861699015	Qbic	-1159.141180915968	12.707386889265681	14.105345994241844
-20.223026271337233	Qbic	-1141.5911809159682	12.876607529231912	14.422870741082194
-19.6528427850987	Qbic	-1122.8511809159681	14.58098202930128	15.724058689591596
-19.093863007744673	Qbic	-1102.6211809159681	16.11634924210693	16.061110726862324
-18.4472811024563	Qbic	-1083.441180915968	16.072701343140977	15.482488405296907
-17.793144378667833	Qbic	-1064.671180915968	16.791405186133957	14.54288239829517
-17.111227503874375	Qbic	-1047.5511809159682	16.0550068329064	14.306783051300197
-16.461104839220667	Qbic	-1029.0111809159682	15.90242306437238	15.459752015668721
-15.843818558790398	Qbic	-1008.7311809159681	15.885092247401538	15.899049099631469
-15.216149888853748	Qbic	-988.6511809159682	15.624523859758554	15.971101178807487
-14.593003944887442	Qbic	-968.0711809159683	15.966810141913093	16.851827950498162
-13.997508614361902	Qbic	-945.9811809159681	17.0796662556592	17.37678990067208
-13.363123301024762	Qbic	-924.8311809159685	17.3164257978398	17.123665100639208
-12.73136245775537	Qbic	-903.5211809159681	18.126771732345592	17.799277310193744
-12.120784846042696	Qbic	-880.7811809159683	18.658849207636	18.40252919437016
-11.502081017970166	Qbic	-858.0711809159683	18.60017105374679	18.413924667063643
-10.88555986283249	Qbic	-835.2311809159681	19.048787296821484	19.433619907537565
-10.268980755924787	Qbic	-809.9011809159682	20.75998673098012	21.271354822671732
-9.665174276192113	Qbic	-782.6311809159682	20.186622552354613	21.63098879177151
-9.041002930711167	Qbic	-756.4311809159684	22.499026425111555	21.948686845892855
-8.411647756504202	Qbic	-727.9211809159682	23.148485411886302	22.935738395993564
-7.792823003514078	Qbic	-698.6011809159685	25.27184082053045	24.213561733047435
-7.168734745223422	Qbic	-666.1611809159684	25.559230475263192	24.69826143301827
-6.486595904614079	Qbic	-635.0711809159683	25.29697776781499	25.15335458791798
-5.830016822720614	Qbic	-601.4811809159681	26.39737113948537	25.311198539702016
-5.163487386493806	Qbic	-569.6311809159682	26.321586776566516	25.822142684394677
-4.534084465531604	Qbic	-535.1211809159685	28.75944488047179	28.26979311307827
-3.9244409947412313	Qbic	-498.7711809159681	34.89700289436762	34.88459326623152
-3.372312033223952	Qbic	-454.1911809159682	44.25988655569531	41.682281834717756
-2.852379466782062	Qbic	-405.7811809159683	66.47580873018893	53.59811385961469
-2.4934374827950845	Qbic	-349.46118091596816	166.90651456977113	83.6669973359231
-2.206549308447099	Qbic	-289.5811809159685	370.34144771127677	147.41542435603282
-2.088303135799789	Qbic	-200.40118091596818	706.2826920123325	342.5869055005097
-1.8144546930693304	Qbic	-14.931180915968392	1146.1098407174493	387.73061049873974
-1.5958105257338184	Qbic	184.63881908403178	220.7266809764178	117.71626075865532
-0.938703464676323	Qbic	272.2188190840317	109.64153308328736	63.273601381352336
-0.3319722391183948	Qbic	345.4488190840317	59.50716767991284	45.7023150773121
0.36807965501756756	Qbic	397.4688190840317	53.692650543023014	35.778124622569386
1.0933290351709428	Qbic	445.11881908403177	38.62556420893983	32.42568570575092
1.7811259238824233	Qbic	487.5588190840318	35.06516620220025	28.394393966751128
2.4800004549370307	Qbic	523.6788190840317	30.407431789249106	27.66136561835062
3.156949183573963	Qbic	562.4288190840317	30.299938719435954	28.152088397113292
3.81222690418692	Qbic	598.1488190840315	28.0216822884138	26.607305089989627
4.436657269864362	Qbic	631.9388190840319	25.08986717303113	25.659444785458664
5.064644376677746	Qbic	665.4088190840317	23.400913368144295	25.038622695702077
5.70141062029196	Qbic	698.1188190840318	22.687928127929233	22.679355128185644
6.39431613822246	Qbic	725.7788190840316	19.93974821908025	20.655417665639224
7.083335789604717	Qbic	753.7888190840318	20.296853289440993	19.39566806200375
7.774061247723471	Qbic	777.9488190840317	19.94761278132774	17.707839389315662
8.458364598693489	Qbic	801.2188190840317	19.245862864540825	17.033633618734253
9.158540965536524	Qbic	823.3188190840316	18.13255262624514	17.174679431775484
9.810065186007993	Qbic	846.8188190840316	17.129052765751158	18.19207225703642
10.41633528247101	Qbic	871.3088190840318	17.616411110069937	17.881408264731935
11.052991231024064	Qbic	893.9088190840317	16.871032028151397	17.34429482128229
11.698885818996443	Qbic	916.9188190840315	16.56225572909991	17.54449824661899
12.348038102485061	Qbic	939.8888190840318	17.303172020953458	17.62416667454009
12.995807405806456	Qbic	962.9288190840317	16.628946269570854	15.998522407154473
13.687899200424251	Qbic	981.5788190840318	16.336339551510136	15.176256190449823
14.341192910181556	Qbic	1002.5788190840318	15.824428311952259	15.34943138114398
15.025525087827248	Qbic	1021.6988190840322	14.862937484939694	15.022125827379734
15.64486477167328	Qbic	1041.8788190840316	14.352927829802825	14.871446206667585
16.285802450346807	Qbic	1060.7188190840318	13.756669536226077	14.167609523075638
16.934968000188583	Qbic	1079.058819084032	14.033926638606875	14.124789031654617
17.57401895312519	Qbic	1097.6188190840314	13.61757474863071	13.936976155562425
18.22687776292682	Qbic	1115.4688190840318	13.236130728401474	13.472407735226762
18.88249027433733	Qbic	1132.8188190840322	13.307641033965721	12.61202241233861
19.558529141403692	Qbic	1148.4888190840322	13.037948370375055	12.714441243081737
20.191359408097938	Qbic	1166.2488190840315	12.88452391394829	13.392769133775582
20.839532772091644	Qbic	1183.728819084032	13.26241888627201	12.721705643575424
21.530459601359933	Qbic	1199.5688190840322	13.120020662312498	13.1273611631576
22.16792301599408	Qbic	1218.148819084032	13.467328730725944	13.108182795569562
22.856397356579485	Qbic	1233.5688190840322	13.509104233795966	12.74691139861327
23.488431076284435	Qbic	1251.0288190840322	13.019872203717963	12.919195384638774
24.15629198250152	Qbic	1266.7888190840315	12.571033195997403	12.308025750423582
24.796758573431006	Qbic	1282.728819084032	12.410051040996313	13.01955609714756
25.376157715061918	Qbic	1300.3688190840314	12.057626356407178	13.078398254877534
25.996639144751263	Qbic	1316.2888190840315	11.723705300632943	12.364387867036282
26.624236623154243	Qbic	1332.2388190840322	11.86582099337098	12.440837226125538
27.2457635902334	Qbic	1348.4488190840323	11.643720353572377	12.13052717439963
27.889679822763625	Qbic	1363.848819084032	11.459423776824153	11.61527391536169
28.550612371428187	Qbic	1378.8288190840315	11.235278019337809	11.599022930555162
29.199322194877695	Qbic	1394.348819084032	11.010028135142033	11.43271559995237
29.856326468727676	Qbic	1409.1288190840316	10.69383243656458	10.430980582840808
30.54367615607736	Qbic	1422.1288190840316	10.467445763436679	9.872839357475941
31.222848835250037	Qbic	1435.4688190840318	10.459062951643833	9.814629087198297
31.912513499749192	Qbic	1448.3288190840315	10.369938990773058	9.77729656657438
32.59264981912601	Qbic	1461.4688190840318	10.662689668930147	9.851364107535472
33.27595069546486	Qbic	1474.478819084032	10.526815193466984	9.470120227284008
33.98324367862859	Qbic	1486.4588190840316	10.371367562247455	9.469400689117665
34.64860927842041	Qbic	1499.3188190840322	10.259626929951152	10.054551760976763
35.29732122221432	Qbic	1512.8188190840322	10.217237785145354	10.343100459524408
35.94148764929248	Qbic	1526.3788190840316	10.0287167159036	10.400308933988724
36.570771992588334	Qbic	1539.898819084032	9.76034671258188	10.407755066510642
37.20005633588421	Qbic	1553.4188190840316	9.609937484457046	10.398077554989307
37.81072356289056	Qbic	1566.9288190840318	9.2990560409566	10.523448700960797
38.387025725546664	Qbic	1580.8388190840317	9.327218790018307	10.246743370417626
39.00201201857133	Qbic	1593.478819084032	9.485058779887773	9.370424605232806
39.678279532068004	Qbic	1604.978819084032	9.801242110315728	9.7186076522869
40.29870721918112	Qbic	1618.4688190840318	9.953149513499836	10.121012152890806
40.94878963566113	Qbic	1631.0288190840322	10.177765191189314	9.674823801903074
41.62318373471277	Qbic	1643.3888190840319	9.968590888634376	9.222289352012147
42.32102356611424	Qbic	1654.8588190840321	9.659422112667166	9.037704428346496
43.00463789698887	Qbic	1666.8688190840314	9.526207806149628	9.18292599694891
43.641313348749534	Qbic	1678.7488190840315	9.137085179878175	8.99664795314856
44.28427994390735	Qbic	1690.398819084032	8.76356513371824	9.214849909693966
44.899302782427725	Qbic	1702.9888190840322	8.674179608633365	9.065859049507893
45.555638242774144	Qbic	1714.2988190840317	8.606071204709679	8.644839208481736
46.20923897203575	Qbic	1725.6988190840323	8.551844900373405	8.946486889165495
46.8442398853546	Qbic	1737.7888190840315	8.861838988477178	8.655867343589444
47.52696960699481	Qbic	1748.3888190840319	8.881133902639279	8.302001588366933
48.19503306105048	Qbic	1759.478819084032	8.950524765112052	8.640654426081188
48.85414231432761	Qbic	1770.9088190840314	8.941049019910992	8.775057828621796
49.5151693253101	Qbic	1782.3288190840315	8.662724802231406	8.614115183125778
50.188366119611075	Qbic	1793.3388190840317	8.432663381925373	8.185315149243253
50.85887977875346	Qbic	1803.6588190840314	8.292894339907619	8.010647413555619
51.484945119662534	Qbic	1814.188819084032	8.189276994751905	8.118700842294757
52.11065534693526	Qbic	1824.728819084032	8.151022622842103	8.213166927687881
52.75361270558547	Qbic	1835.4188190840316	8.322760967607842	8.418685224127001
53.39707399380927	Qbic	1846.3788190840316	8.422623580624409	8.47116548653716
54.04606553577414	Qbic	1857.1688190840316	8.639896908299864	8.134617475216073
54.71567246247332	Qbic	1867.148819084032	8.729477203306436	8.36804395957515
55.337850417320595	Qbic	1878.5288190840322	8.622287798462338	8.53393398049305
55.99321313043917	Qbic	1888.9088190840314	8.58008334066583	8.503862393453756
56.61783875439922	Qbic	1900.188819084032	8.409664445137981	8.82661628535587
57.24146604225282	Qbic	1911.4988190840315	8.340821255966762	9.004080944392905
57.84324707476883	Qbic	1923.1988190840323	8.311191162359549	8.959124474060241
58.44853808005984	Qbic	1934.3888190840319	8.286394754662753	9.542988151313832
58.98348802653002	Qbic	1947.6088190840321	8.29817020706797	9.238632285764385
59.6414172532666	Qbic	1958.0488190840317	8.442501321074808	8.128061800854939
60.30098474999006	Qbic	1968.438819084032	8.602829742515876	8.472306796221895
60.93224456022952	Qbic	1979.7788190840322	8.7082493199313	8.462422651561475
61.60541222301658	Qbic	1990.1688190840316	8.580665030994778	7.793544576620302
62.301228517448784	Qbic	1999.8388190840317	8.443820918779135	8.000337298570493
62.95110077505827	Qbic	2010.8388190840317	8.218694583686398	8.593535244597009
63.56167769813519	Qbic	2022.1788190840318	7.837648657897531	8.378526832629682
64.19491945637694	Qbic	2032.8588190840321	7.7026992155022835	7.838117050623322
64.8553986904582	Qbic	2042.8888190840319	7.495364875598467	7.5810632398687146
65.51929772732305	Qbic	2053.0088190840315	7.3630284575602305	7.52499856343765
66.18884272898362	Qbic	2062.9588190840313	7.4454961481676305	7.6808860052815415
66.83319775153598	Qbic	2073.4988190840313	7.317212540707551	7.655235078952447
67.49402249380402	Qbic	2083.368819084031	7.45561453444641	7.289670434947057
68.16550015703426	Qbic	2092.9288190840316	7.400493143125491	6.962022421895349
68.85992033185113	Qbic	2101.868819084031	7.320648892636563	6.787617646303564
69.55319478837285	Qbic	2110.898819084032	7.420711323003932	6.684624507897315
70.25971652750331	Qbic	2119.5388190840313	7.341464859452307	6.77306314039084
70.94129485055882	Qbic	2128.728819084032	7.31127122672648	6.763207586707107
71.61505910911396	Qbic	2137.3088190840317	7.133133420328768	6.664745778069287
72.27741652356261	Qbic	2146.188819084032	7.03148134278556	6.728928305632899
72.94400216117609	Qbic	2154.898819084032	6.89596596280988	6.641920216748711
73.60261602256224	Qbic	2163.5188190840317	6.791002711576146	6.6529287069907035
74.2580615671167	Qbic	2172.2188190840316	6.844006121003448	6.705933460682953
74.90919009719838	Qbic	2180.948819084032	6.716121201254568	6.595717716584513
75.56423521614835	Qbic	2189.358819084032	6.6148916858035	6.722902688731437
76.19384965421233	Qbic	2198.3888190840316	6.6165959172946955	6.96138937711024
76.81357939815912	Qbic	2207.398819084032	6.547979636201433	6.929646798706561
77.4262860996387	Qbic	2216.2988190840315	6.597026316638367	7.1328804800546575
78.0150589455917	Qbic	2225.7488190840313	6.619560464638817	7.408920210781344
78.62402183699743	Qbic	2235.2988190840315	6.7541393354156805	7.573609653636077
79.22165255595166	Qbic	2245.148819084032	6.785305103219068	7.116837561658629
79.87632558759529	Qbic	2253.5888190840315	6.888763044420147	6.8935131375148675
80.49635020803024	Qbic	2262.8488190840317	7.005764535948259	7.13104716203255
81.12540232128424	Qbic	2271.8888190840316	7.106616168105917	7.339026307889991
81.74760683269822	Qbic	2281.688819084032	7.221037387305373	7.418937901915361
82.40254695245874	Qbic	2290.908819084031	7.27600509314494	6.9556310190882265
83.08143916802757	Qbic	2299.488819084032	7.276715182225497	7.048598381776451
83.70923784115035	Qbic	2308.9688190840316	7.185826879993647	7.182919236787387
84.35095758637328	Qbic	2317.9688190840316	7.083533147205694	6.796459208648577
85.00939707681914	Qbic	2326.5488190840315	6.969184704417935	6.6973817566514215
85.67310972117524	Qbic	2335.3788190840314	6.8574604375583075	6.507133696149692
86.36310591744757	Qbic	2343.528819084032	6.800371383268719	6.5537522204221474
87.02229191972981	Qbic	2352.488819084032	6.787825802982526	6.794989330385597
87.66623440202432	Qbic	2361.2688190840317	6.5941263840379065	6.511782757049976
88.33018552218724	Qbic	2369.5188190840317	6.399606297785459	6.346618150129316
88.98816139022026	Qbic	2377.898819084032	6.305991755055181	6.415941847503471
89.62299285089443	Qbic	2386.3488190840317	6.28128141562571	6.769969079763921
90.22065922945971	Qbic	2395.658819084031	6.3351400704199685	6.512162388902369
90.89341584617259	Qbic	2403.4188190840314	6.35554199802124	6.100939067199372
91.56289375781915	Qbic	2411.648819084032	6.312955520336015	6.155947237459279
92.24562468151395	Qbic	2419.5488190840315	6.3458151815016155	6.19358651990594
92.90477667403198	Qbic	2427.858819084032	6.351184084501215	6.128611356127175
93.56927320180978	Qbic	2435.5888190840315	6.223102203724762	6.005431465262438
94.22248500736534	Qbic	2443.5788190840312	6.1019014308187245	6.3483258482768585
94.84678856885427	Qbic	2452.2088190840313	6.016822787925597	6.238704138563138
95.50922844642312	Qbic	2459.9288190840316	6.033188326140097	5.843811533562305
96.17691537252718	Qbic	2467.528819084032	6.051211093436068	5.990066066335478
96.82142782513043	Qbic	2475.608819084032	6.019838039826856	6.138599065285706
97.4699448680698	Qbic	2483.5488190840315	6.04979577680635	6.192707079001075
98.10739506727298	Qbic	2491.738819084032	5.961953435726072	5.93625517361864
98.77532720638669	Qbic	2499.0088190840315	5.958927139993554	5.802284301054061
99.4130823084275	Qbic	2506.818819084032	6.10398653971966	6.094793702664566
100.04341626019006	Qbic	2514.7888190840313	6.13529028555883	6.29824215417434
100.67903958729528	Qbic	2523.0588190840317	6.237357426791436	6.069414499769417
101.35868947788609	Qbic	2530.3788190840314	6.420158512945843	5.757870775001092
102.03308772733902	Qbic	2537.818819084032	6.521375314865268	5.855593872622906
102.70990839324071	Qbic	2545.368819084031	6.419499640205288	6.018129886866016
103.37429780400072	Qbic	2553.228819084032	6.3417004908448265	6.2820021167659865
104.02331573739096	Qbic	2561.448819084032	6.238861949629123	6.372247477364622
104.63435788660325	Qbic	2569.5088190840315	6.091060610628305	6.2938577694265545
105.24457686470544	Qbic	2577.5188190840317	5.998351244636996	6.218096252195149
105.86492157148223	Qbic	2585.3788190840314	5.902338144564121	6.213774441541171
106.48312938845075	Qbic	2593.3888190840316	5.839621193566462	6.463591796682267
107.07798162867954	Qbic	2601.8888190840316	5.839582418151785	6.336539708782842
107.6976981247343	Qbic	2609.5588190840317	5.876341095896123	6.131747538729671
108.29689652152788	Qbic	2617.5588190840317	5.926420614124485	6.176682602772668
108.91532829526729	Qbic	2625.368819084031	5.982762934552894	6.174721664732506
109.55622717167175	Qbic	2633.358819084032	6.03327183433403	6.316991719829705
110.18948559863804	Qbic	2641.5188190840317	6.132839661175739	6.140832249148015
110.84244418548866	Qbic	2649.0388190840313	6.202555566069792	6.030604257158249
111.4676230123842	Qbic	2656.898819084032	6.250021671923951	6.001818518040862
112.11235357986155	Qbic	2664.3488190840317	6.28017123889198	6.04508884469857
112.7621190495463	Qbic	2672.368819084031	6.206415811173785	6.5269579363549
113.39000649179744	Qbic	2681.228819084032	6.235774552473898	6.388619411019676
114.0653529848676	Qbic	2688.9588190840313	6.211975900572876	6.1633355501704195
114.70127937339046	Qbic	2697.2988190840315	6.0673966535015715	6.286333024556215
115.34416796872293	Qbic	2705.408819084031	5.828416108829401	5.936465957968866
116.01303630866127	Qbic	2712.9288190840316	5.664152792550561	5.71623206322362
116.6593206244604	Qbic	2720.5188190840317	5.584739339619632	5.591741479241626
117.32162795748238	Qbic	2727.7488190840313	5.558357633080692	5.431081001503237
117.98625924817799	Qbic	2734.938819084032	5.46660226457855	5.64152548569655
118.63318510712918	Qbic	2742.7488190840313	5.552760723151978	5.790428332147461
119.29005671653243	Qbic	2750.3388190840315	5.568035503358368	5.666430592149668
119.95169583643927	Qbic	2757.8388190840315	5.5673101833645875	5.413991810088152
120.64331793982608	Qbic	2764.7588190840315	5.558575989551473	4.948838289653151
121.36479744071734	Qbic	2771.0088190840315	5.550033186232014	5.147994272456104
122.03280100577972	Qbic	2778.4588190840313	5.553058121573829	5.246248705207104
122.72487133984234	Qbic	2784.9588190840313	5.474880058108028	5.0161690950975055
123.40028900094018	Qbic	2791.7588190840315	5.456724058381818	5.224685624051569
124.06568279568957	Qbic	2798.7688190840317	5.457967159614489	5.017643897727677
124.7640552639891	Qbic	2804.988819084032	5.390649140500261	5.000110480131554
125.42796174231354	Qbic	2811.8888190840316	5.280639642647786	5.052305929552689
126.12206792838272	Qbic	2818.1688190840314	5.2925152625187115	5.186074149787445
126.7363313682583	Qbic	2825.4288190840316	5.208992538897329	4.9027155077647775
127.42906569992773	Qbic	2830.9688190840316	5.1769211655393015	4.7214205933058855
128.05302576648347	Qbic	2837.7488190840313	5.190164471950121	5.032396982588
128.72894746581392	Qbic	2844.0988190840317	5.19995068423145	5.085063566682498
129.38120877234655	Qbic	2851.0188190840317	5.2291338131889535	5.224273293818858
130.04402284269833	Qbic	2857.728819084032	5.366955524613514	5.25110375094034
130.67922636777	Qbic	2864.7188190840316	5.26600856016442	5.382236718136292
131.31039111068714	Qbic	2871.7488190840313	5.200844218726865	5.443024758429436
131.9365995771028	Qbic	2878.778819084032	5.090462113351035	5.65645742504606
132.50745899656783	Qbic	2886.318819084032	5.0705760381919305	5.524983441451671
133.12954209275452	Qbic	2892.9588190840313	4.958198148275241	5.492279168758204
133.6941768471877	Qbic	2900.3788190840314	5.002384534046735	5.850998313898788
134.248873636724	Qbic	2907.868819084031	4.9926397433344025	5.763205789333127
