-42.08907569953283	Qbic	-1680.9649904779906	10.096819080778657	9.668430605397539
-41.45421757732716	Qbic	-1668.7144804779907	9.965522416606044	10.174396013981438
-40.86047689178321	Qbic	-1655.0844804779906	10.096467322124525	10.046014150629512
-40.20390027690389	Qbic	-1643.2465804779906	10.018987755448904	9.534037845316943
-39.554142442146045	Qbic	-1630.9530804779906	10.155495532334896	10.112144717720028
-38.93403133103493	Qbic	-1617.6189804779906	10.12149905360307	10.268838150692263
-38.29486682700662	Qbic	-1604.7855804779906	9.981715364384595	10.408743029537057
-37.68320716903074	Qbic	-1590.9334804779905	10.076815170859158	10.145341194886358
-37.02198016202058	Qbic	-1578.8575804779905	10.217820421262253	9.663505707762658
-36.37489800904608	Qbic	-1566.3995804779906	10.511396306224363	11.046615426089874
-35.81492633765797	Qbic	-1550.8665804779905	10.835311019753716	11.09052852842819
-35.15297789618002	Qbic	-1538.3795804779907	10.993722492227757	10.907750925660736
-34.53709917058906	Qbic	-1523.4295804779906	10.965127410216587	10.414224289051033
-33.824766179838804	Qbic	-1512.2335804779907	10.89836977632886	9.47125479240662
-33.169191643719174	Qbic	-1499.6575804779907	10.903295695456181	11.363019706243424
-32.63697530039171	Qbic	-1483.7435804779907	10.524189529528758	12.019137469354188
-32.05243860342439	Qbic	-1469.5355804779906	10.433732086511329	11.24360084171678
-31.44758396046645	Qbic	-1455.5355804779906	10.809087219050335	11.253340098554611
-30.85458367821977	Qbic	-1441.1155804779905	11.186954518745969	11.34803577626396
-30.222911104180902	Qbic	-1426.9355804779905	11.909053291928334	12.180710281302051
-29.624046906650037	Qbic	-1410.6895804779906	13.167558035563026	12.781819182765098
-28.99402221529201	Qbic	-1395.7055804779907	13.736805082766253	12.632782791398046
-28.346437356468712	Qbic	-1379.7005804779906	13.496840078340421	12.172881581482141
-27.65812966416102	Qbic	-1365.5185804779906	12.935523137400102	12.000024395113211
-27.003631600201718	Qbic	-1349.8315804779907	12.541780071301135	13.026308191833476
-26.467783582580573	Qbic	-1332.9735804779905	12.589370821607924	12.861813693338078
-25.89025054293299	Qbic	-1317.6295804779907	12.569011291691393	13.29270823108372
-25.288535327019847	Qbic	-1299.5975804779907	12.968137055950908	13.430624148645062
-24.614500815927002	Qbic	-1283.7295804779906	13.385986934193603	13.610757137183247
-23.99667008462051	Qbic	-1265.1255804779905	14.04585474374167	13.940024059016487
-23.36662671759725	Qbic	-1248.7475804779906	13.933488373062984	13.120400928104392
-22.742389774346066	Qbic	-1232.1275804779905	14.234337014628535	12.94274966789488
-22.09045851407279	Qbic	-1216.0775804779905	14.393965040574875	13.265694530569453
-21.43013211034246	Qbic	-1198.5945804779906	14.02091302221935	13.584328943301355
-20.75840100484411	Qbic	-1181.6985804779906	14.16376532572065	13.68283671438309
-20.11873494706623	Qbic	-1164.0355804779906	13.884128657556651	14.24223866017042
-19.53508743400696	Qbic	-1145.7035804779905	14.137357008759604	14.849236882099275
-18.97065409310303	Qbic	-1126.5255804779906	14.3251216372463	15.329175343351945
-18.351766178151237	Qbic	-1107.0295804779905	14.563572445701137	14.374252446952351
-17.675920767523216	Qbic	-1090.2545804779907	15.192350142005068	15.614374998421047
-17.10716004047606	Qbic	-1067.8725804779906	15.728472577245524	15.93855279859919
-16.44161382198866	Qbic	-1050.3605804779907	15.629093199582469	16.475372794801796
-15.900456449948935	Qbic	-1026.3355804779906	16.254292565223075	16.48550879056582
-15.216955075738873	Qbic	-1008.0345804779905	16.17894661291816	15.889627177297498
-14.588760147842306	Qbic	-985.6035804779905	17.039989956182797	16.652044875518413
-13.921397310116465	Qbic	-965.5355804779905	17.376687590045297	16.414374285210915
-13.272290255855456	Qbic	-943.8515804779905	17.990484229524228	17.921542331809416
-12.654193180959926	Qbic	-920.0895804779905	17.746456579508372	18.220197225913456
-12.012902104801032	Qbic	-897.7905804779905	18.480735538859438	18.609175301858656
-11.412605466699514	Qbic	-873.5365804779905	18.97663508218496	19.26367149920413
-10.802734009876836	Qbic	-849.8635804779905	19.278110113398757	20.20262973402381
-10.215978709229159	Qbic	-823.8915804779905	20.483002237710338	20.30191163786237
-9.583956497290242	Qbic	-800.0355804779905	22.132413556424524	21.379022441717648
-9.019817235506498	Qbic	-771.5345804779905	22.672467271290834	23.071530212686394
-8.382526243931643	Qbic	-743.5515804779905	24.399400713446106	23.153506747095538
-7.753154889427431	Qbic	-714.9575804779905	24.044732455605534	23.99964744046568
-7.137353351045703	Qbic	-685.1655804779905	26.21946562013724	24.663480892751934
-6.522784660949856	Qbic	-655.0055804779905	26.25109730165579	26.947084996814556
-5.976075395774137	Qbic	-619.5355804779905	27.054927985349195	28.805113656072862
-5.3475916879728045	Qbic	-585.5355804779905	29.569483131888358	31.30315451121119
-4.794199932049404	Qbic	-544.2555804779905	37.38048892842483	33.101574745696496
-4.153563565368976	Qbic	-506.5355804779905	39.51442199621061	37.03267564181986
-3.5723382040023535	Qbic	-455.5455804779905	51.229077650185694	44.67841509907405
-3.011111737364527	Qbic	-402.2955804779905	77.86426984960657	52.33325512276818
-2.5237290667357817	Qbic	-347.95558047799057	135.87942428965638	71.77088793276702
-2.1716230340014766	Qbic	-279.2755804779905	245.3944195704134	116.81501901584986
-2.0059796951236324	Qbic	-189.95558047799057	462.32029110861674	215.87406495370402
-1.5648487120566539	Qbic	-49.02558047799051	512.707034712803	186.33766330883626
-1.2054483075676181	Qbic	112.51441952200946	300.06691555493154	125.12952842162812
-0.6110873605874061	Qbic	214.80441952200943	120.20101201168933	74.28698113168224
0.0474763067798456	Qbic	300.90441952200956	102.21296938134171	59.87871562441112
0.6684424434922889	Qbic	369.90441952200956	66.22497470615176	45.48309610179275
1.3618145365155456	Qbic	422.64441952200934	59.74680715266516	39.17598590416059
2.057628490003917	Qbic	474.9644195220095	38.84151747911016	35.36729606921186
2.7052024919252604	Qbic	516.6144195220096	37.04102948128856	29.72159599418527
3.372209736955913	Qbic	552.4644195220095	33.26734455898672	30.330807827066064
3.990716876708193	Qbic	593.4844195220095	31.24454970193837	33.08827436699808
4.579689553233512	Qbic	635.4544195220093	30.590947125320486	33.21517004555827
5.175909316234197	Qbic	676.6844195220093	25.62350172459936	28.94389413452917
5.826975500773067	Qbic	710.4644195220095	24.84754221016613	24.8100537115021
6.477270840961212	Qbic	742.4344195220093	19.314164621501178	21.604959826132568
7.170663971567204	Qbic	770.4644195220095	20.474372966246694	19.420320045997304
7.874024440380218	Qbic	795.9644195220095	20.305400737638124	18.471796910322052
8.555836836969245	Qbic	820.9644195220095	18.663992646724523	16.287328186513154
9.314014258376908	Qbic	839.9644195220095	19.576578287744972	15.960859449930648
10.014154260922407	Qbic	863.5244195220095	18.013193511405884	17.835868365160625
10.628363852874061	Qbic	886.9644195220095	19.30253268191883	18.33425367702481
11.228896476043172	Qbic	910.9644195220095	17.82190077620596	18.778572986672117
11.81804155327901	Qbic	934.9644195220095	16.96193438911375	18.254760928193935
12.427238996460822	Qbic	956.9744195220097	16.983894842445498	17.913006368005448
13.027913712369914	Qbic	979.4644195220095	17.142801497990064	18.535883130375776
13.597283751711174	Qbic	1002.9644195220095	17.33015299000623	17.050141472473275
14.24833976640355	Qbic	1021.9644195220095	17.031586178836786	15.35315256216261
14.90140360020903	Qbic	1041.4644195220094	16.47181598893346	15.814835590366535
15.56328715620441	Qbic	1061.9644195220094	16.078080197678002	16.85835661142125
16.192183742053004	Qbic	1084.4644195220094	15.335185703542857	16.468323333527362
16.830808680192007	Qbic	1104.4644195220094	14.359750480050186	14.744302803993996
17.455859349020542	Qbic	1122.9644195220094	13.702711211370358	13.634205133914154
18.101177549263753	Qbic	1140.4644195220094	13.411776468823886	13.528717568697013
18.74633052170279	Qbic	1158.9644195220094	13.532622020489448	13.411736404454672
19.41769202405021	Qbic	1176.4644195220094	13.784908686505334	13.175808210580099
20.079663855036124	Qbic	1194.4644195220094	14.300342438189569	13.010796430895875
20.800968803130637	Qbic	1211.4644195220094	14.229320442221399	13.001592214888214
21.520157570681338	Qbic	1229.4644195220094	14.514658082072323	13.546982623158977
22.23154602621956	Qbic	1247.9644195220094	14.243127220745686	13.212455863893306
22.957463045154228	Qbic	1264.9644195220094	14.809597159640758	13.650330783138894
23.573075109021758	Qbic	1284.4644195220094	13.874428863594865	14.295702295557918
24.208399374742235	Qbic	1302.9644195220094	14.1840492195565	13.695421659020768
24.851012909261797	Qbic	1320.4644195220094	13.349274174862906	13.112516760950903
25.496174199584377	Qbic	1336.9644195220094	12.765611221417617	13.595095709227179
26.098324737218785	Qbic	1355.4644195220094	12.441203877145949	13.288260055209305
26.74141269003014	Qbic	1370.9644195220094	12.374414339289435	12.492712797812727
27.350972557517125	Qbic	1387.4644195220094	11.866668135226613	12.6014881144971
27.9719793733367	Qbic	1403.4644195220094	11.118299597307757	12.112024019575822
28.60009837525608	Qbic	1418.9644195220094	11.240152539855158	11.306942801958067
29.264205860860685	Qbic	1432.9644195220094	11.10019389826599	11.066540472497685
29.905027394157496	Qbic	1447.9644195220094	10.736885974896758	10.777174510597739
30.58566564135922	Qbic	1461.3744195220092	10.578597356714365	10.283983821834026
31.256777810923406	Qbic	1475.1844195220092	10.872439293774125	10.26902981441826
31.937646037959905	Qbic	1488.4644195220094	10.751210964549317	10.035738904989108
32.61313280780513	Qbic	1501.4644195220094	11.120125818688047	10.200430158922842
33.276138299567485	Qbic	1514.9644195220094	11.106147535765942	10.0521716064788
33.96266165361395	Qbic	1527.4644195220094	11.312234544942463	9.75537971514855
34.63807063829326	Qbic	1539.9644195220094	10.932402246168644	9.644544787588353
35.326463263585396	Qbic	1551.9644195220094	10.83677397065882	10.120286020390992
35.96983420938471	Qbic	1565.4644195220094	10.65776963078912	10.826397445460636
36.53095254488536	Qbic	1578.9644195220094	10.276696100534334	11.139204459415074
37.07581600392307	Qbic	1592.9644195220094	10.29124582026669	10.822950667411366
37.681855453087415	Qbic	1605.4644195220094	10.252400494957085	10.893245792586994
38.243807893638106	Qbic	1619.4644195220094	10.322376879503175	11.79332267249785
38.78603190687954	Qbic	1633.9644195220094	10.57488438804537	11.437749298142514
39.37135886062754	Qbic	1646.9644195220094	10.316340918909198	10.728106757122129
39.95539094220346	Qbic	1659.9644195220094	10.060873882639875	10.730913801295221
40.52832129699979	Qbic	1672.9644195220094	9.981395832968296	10.466654712109316
41.11767740738087	Qbic	1685.4644195220094	9.807657146538398	9.968788096993986
41.732680224854676	Qbic	1697.4644195220094	9.933167892980709	9.91851384703818
42.33572881170764	Qbic	1709.9644195220094	10.183377376609675	9.86773571945236
42.961408115693885	Qbic	1721.9644195220094	10.279242710836964	9.962521081949427
43.61005676434253	Qbic	1734.9644195220094	10.0192716798141	9.655708647158004
44.29924595353172	Qbic	1746.4644195220094	10.087343026434116	9.261598090131146
44.97188182668708	Qbic	1758.4644195220094	10.11280259203134	9.218066567661378
45.62339697820223	Qbic	1769.9644195220094	9.635136253868682	8.968770735441376
46.27491212971738	Qbic	1781.4644195220094	9.218411046004906	9.10436941315134
46.905551621957216	Qbic	1793.4644195220094	8.979641720284386	9.057319362053038
47.53458388002173	Qbic	1804.9644195220094	8.785070256758832	8.627161599994672
48.179745170344304	Qbic	1815.9644195220094	8.691246026105198	8.013165425364376
48.85684194453785	Qbic	1825.9744195220096	8.613469010417623	7.613010331816484
