-41.968804329533114	Qbic	-1680.9649904779906	10.43593274050992	9.766019901947745
-41.33069552839551	Qbic	-1668.7144804779907	10.165601563426709	10.266228467541392
-40.73683378822865	Qbic	-1655.0844804779906	10.096304409860123	10.103688928812565
-40.08713165023053	Qbic	-1643.2465804779906	9.983999975470356	9.57461687572996
-39.44346498356387	Qbic	-1630.9530804779906	9.989998730253923	10.17155980223756
-38.82996063573778	Qbic	-1617.6189804779906	9.983147862995587	10.362845340875097
-38.20371467640214	Qbic	-1604.7855804779906	9.829870447506142	10.51075306710817
-37.60874684014484	Qbic	-1590.9334804779905	10.023176566068619	10.206700172959245
-36.961843331372904	Qbic	-1578.8575804779905	10.272332832267196	9.668051434737816
-36.301026772819256	Qbic	-1566.3995804779906	10.38660149644857	11.00698401148479
-35.72027103732668	Qbic	-1550.8665804779905	10.424679831363438	11.022343115878217
-35.05963600935262	Qbic	-1538.3795804779907	10.548068441653626	10.834243895843672
-34.47957982957735	Qbic	-1523.4295804779906	11.141593939220474	10.407426930401824
-33.79407421159981	Qbic	-1512.2335804779907	11.302892049147822	9.453628627564624
-33.13063616271366	Qbic	-1499.6575804779907	11.584583490118643	11.458107797444166
-32.526999799077295	Qbic	-1483.7435804779907	11.879545558545285	12.142605000217168
-31.880872775416027	Qbic	-1469.5355804779906	12.04595133127293	11.316352062449228
-31.249581422500768	Qbic	-1455.5355804779906	11.64341928004258	11.304976506094755
-30.640049876332345	Qbic	-1441.1155804779905	10.721773203545347	11.346562761082229
-30.029587789624866	Qbic	-1426.9355804779905	10.29365571528706	12.070707694618692
-29.57148238602246	Qbic	-1410.6895804779906	12.048774238944292	12.531284956369891
-29.04195213845609	Qbic	-1395.7055804779907	12.935328729176481	12.463239981495713
-28.356145306889545	Qbic	-1379.7005804779906	13.683093883906897	12.138713616202562
-27.634551274694807	Qbic	-1365.5185804779906	14.384809898076066	12.040864532619729
-26.942501804730142	Qbic	-1349.8315804779907	14.680308537555565	13.108025381185318
-26.328437678211593	Qbic	-1332.9735804779905	14.625847324249813	12.892280321858864
-25.690239140130945	Qbic	-1317.6295804779907	13.401584604180185	13.148247749261316
-25.106552937156145	Qbic	-1299.5975804779907	12.86881340932711	13.091378827904558
-24.451959989833554	Qbic	-1283.7295804779906	12.505323699572743	13.27698749495345
-23.856922985044697	Qbic	-1265.1255804779905	13.495550415025368	13.792252791690386
-23.203213304309916	Qbic	-1248.7475804779906	13.81295539989971	13.116451351052623
-22.54766926285914	Qbic	-1232.1275804779905	14.04390578827334	13.062972589285891
-21.880311749905776	Qbic	-1216.0775804779905	14.033751564842573	13.442594150916143
-21.2627477992135	Qbic	-1198.5945804779906	13.731775886432347	13.717016041736356
-20.641921946430728	Qbic	-1181.6985804779906	13.622969256506636	13.751750175243023
-20.0380526512027	Qbic	-1164.0355804779906	13.218678125149555	14.29587454648842
-19.44670178183133	Qbic	-1145.7035804779905	13.967280231203809	14.940784923789074
-18.874209583882156	Qbic	-1126.5255804779906	14.792977362841997	15.498320143548113
-18.25825954386565	Qbic	-1107.0295804779905	14.895523304867352	14.495915794926024
-17.570992578914115	Qbic	-1090.2545804779907	15.467216615121826	15.632031684605712
-16.988255815304868	Qbic	-1067.8725804779906	16.28182274577761	15.812825379077731
-16.30925154667436	Qbic	-1050.3605804779907	15.466770830330788	16.29358049225435
-15.749350465890336	Qbic	-1026.3355804779906	16.05143128807888	16.326344418899485
-15.074592827216177	Qbic	-1008.0345804779905	15.93312398946254	15.768127200134694
-14.436909092762939	Qbic	-985.6035804779905	16.653070902974346	16.556896955167243
-13.76105704947429	Qbic	-965.5355804779905	16.89765140539912	16.317506431458156
-13.113414120028857	Qbic	-943.8515804779905	17.624488287776973	17.82537140683184
-12.504493777698379	Qbic	-920.0895804779905	17.8566841682944	18.10593617386835
-11.871495094354074	Qbic	-897.7905804779905	18.26868145783904	18.47034021537281
-11.257130111522102	Qbic	-873.5365804779905	18.849514988377248	19.137162929033412
-10.627252062741611	Qbic	-849.8635804779905	18.991751803561513	20.080169799854236
-10.032406355428126	Qbic	-823.8915804779905	19.84549090417127	20.083702494590725
-9.395180078055864	Qbic	-800.0355804779905	21.568887937715672	20.948236302577957
-8.828589445452458	Qbic	-771.5345804779905	21.73056362180887	22.454463995409316
-8.192790054602604	Qbic	-743.5515804779905	23.674963556082346	22.438580069891934
-7.522670073061301	Qbic	-714.9575804779905	24.140209150795446	23.226899368135093
-6.86637104214298	Qbic	-685.1655804779905	24.85343922676001	23.757418844389356
-6.217989227094033	Qbic	-655.0055804779905	24.418048353219753	25.785897302345102
-5.634206077598611	Qbic	-619.5355804779905	27.4046784564543	27.33549740058433
-5.024991530524696	Qbic	-585.5355804779905	31.152730837775238	29.835314456366476
-4.38991373703106	Qbic	-544.2555804779905	33.38384847830869	31.448402029932307
-3.7233649392941426	Qbic	-506.5355804779905	38.11699967447184	34.79468936060408
-3.12159418441233	Qbic	-455.5455804779905	42.08627006987958	40.12559244973308
-2.450318179720683	Qbic	-402.2955804779905	52.49805309364134	40.828816418993796
-1.7857709854494315	Qbic	-347.95558047799057	55.28598585862187	44.94666773727685
-1.0917827113994258	Qbic	-279.2755804779905	75.20240711052023	56.40072405708507
-0.3330642154919188	Qbic	-189.95558047799057	93.71139105158072	80.1319265228994
0.28623938536169685	Qbic	-49.02558047799051	184.1847395616425	133.45559366712064
0.7836206270860291	Qbic	112.51441952200946	103.13923481223564	115.33442163816466
1.3853726224140415	Qbic	214.80441952200943	88.98071353489682	74.84465682286911
2.0501575163209904	Qbic	300.90441952200956	66.42960324944367	61.222538154832286
2.6440629079477755	Qbic	369.90441952200956	45.88600662802873	47.371775298941834
3.3095455922050396	Qbic	422.64441952200934	50.62487024633279	41.97867340189815
3.9640824965997377	Qbic	474.9644195220095	40.37684357008595	37.76066627175471
4.538735274377515	Qbic	516.6144195220096	36.97369721748605	31.264387268924825
5.172620078299085	Qbic	552.4644195220095	33.09857476111243	31.34138106503514
5.778661509425903	Qbic	593.4844195220095	32.9095749264763	33.729635588172734
6.3934742847563015	Qbic	635.4544195220093	30.98606321457199	33.66300311207385
7.015078543199767	Qbic	676.6844195220093	31.264675729517364	29.856219896054895
7.627741898147184	Qbic	710.4644195220095	26.387945969966797	26.02094106400002
8.257418719646086	Qbic	742.4344195220093	22.540477744540407	23.17882257853437
8.915998236178886	Qbic	770.4644195220095	20.73565560599736	20.934512017834496
9.547127991711939	Qbic	795.9644195220095	22.427257599896823	19.99646101598383
10.185490497136502	Qbic	820.9644195220095	20.455661065210172	17.751268889132216
10.892329755395615	Qbic	839.9644195220095	19.343855582397094	17.292724101506778
11.481662159090927	Qbic	863.5244195220095	18.162686712351626	19.094013668480443
12.073086248336175	Qbic	886.9644195220095	17.831776406298808	19.26374614431458
12.608942903594206	Qbic	910.9644195220095	17.50101333994066	19.425638712829038
13.135102824620866	Qbic	934.9644195220095	18.36393107638832	18.722022030914545
13.763826815120625	Qbic	956.9744195220097	18.659271802585547	18.2057374156776
14.413624385970827	Qbic	979.4644195220095	18.752322277836246	18.76663732410102
15.04769476902906	Qbic	1002.9644195220095	18.357957692891034	17.205114815476275
15.706067098248733	Qbic	1021.9644195220095	17.82931927342508	15.333853861714104
16.346421211122216	Qbic	1041.4644195220094	16.567377685754007	15.908029674377607
16.968494643432045	Qbic	1061.9644195220094	16.388103005157983	17.143683800944608
17.5556506067348	Qbic	1084.4644195220094	15.434734717364384	16.924459396222392
18.188678129670578	Qbic	1104.4644195220094	14.692364971399364	15.31753209304575
18.819405671803224	Qbic	1122.9644195220094	15.09810000256189	14.382641120115002
19.434790287187838	Qbic	1140.4644195220094	14.920360404698682	14.4855532504036
20.02819688059443	Qbic	1158.9644195220094	14.876197578619278	14.555793404746456
20.677337008894682	Qbic	1176.4644195220094	14.964027814662822	14.368033405849756
21.319199324851706	Qbic	1194.4644195220094	14.75559854753325	14.212976079806827
21.977861625423245	Qbic	1211.4644195220094	14.487031165967073	14.21810126075128
22.561484109809083	Qbic	1229.4644195220094	14.196330329150822	14.737105575400559
23.13354055209453	Qbic	1247.9644195220094	13.782537868348317	14.251704308476132
23.755135399499377	Qbic	1264.9644195220094	14.032734407435575	14.655197678482375
24.329835508550637	Qbic	1284.4644195220094	14.398152819825343	15.315119895879183
24.932674602612572	Qbic	1302.9644195220094	14.883001737329042	14.575677143557883
25.58379103004479	Qbic	1320.4644195220094	14.253365552104542	13.630654543756775
26.254843661623738	Qbic	1336.9644195220094	13.846037216640731	13.880848564177358
26.8638799539773	Qbic	1355.4644195220094	13.224106712335105	13.391491188678076
27.49483233492968	Qbic	1370.9644195220094	12.479683166128213	12.50535963126473
28.101975192072537	Qbic	1387.4644195220094	12.015718636444678	12.603528732622934
28.733036182890103	Qbic	1403.4644195220094	11.64512071141123	12.155807808330872
29.379880566576595	Qbic	1418.9644195220094	11.869694769464179	11.401017172606512
30.06090130022891	Qbic	1432.9644195220094	11.574631058337483	11.252151050061746
30.692669111619217	Qbic	1447.9644195220094	11.465918648214855	11.036136727755245
31.358338520744127	Qbic	1461.3744195220092	11.302556169806953	10.580482818965656
32.01403535445143	Qbic	1475.1844195220092	10.951156485638588	10.561293877773059
32.66968722252069	Qbic	1488.4644195220094	10.935083086083118	10.301489739933519
33.332024884858356	Qbic	1501.4644195220094	10.964051850931373	10.462232097374288
33.97859576319542	Qbic	1514.9644195220094	10.729608113969634	10.321491344657929
34.60546143483721	Qbic	1527.4644195220094	10.507187346878718	9.996092229081107
35.232327106479005	Qbic	1539.9644195220094	10.53248477674117	9.827475222956723
35.87411815125512	Qbic	1551.9644195220094	10.136148858999688	10.231311354664589
36.471133076628256	Qbic	1565.4644195220094	9.933939133296084	10.845777733779713
37.068148002001394	Qbic	1578.9644195220094	9.929326961912954	11.044698383155824
37.615834690722835	Qbic	1592.9644195220094	10.00177813134458	10.653011789739908
38.205998625149064	Qbic	1605.4644195220094	10.162842028675543	10.681145276161901
38.78857419361772	Qbic	1619.4644195220094	10.6504717317984	11.501363898291286
39.391313919645114	Qbic	1633.9644195220094	11.080258790316863	11.127944595922738
40.035149536083466	Qbic	1646.9644195220094	11.388974620272576	10.543161139017386
40.683323191001264	Qbic	1659.9644195220094	11.243721345324685	10.509064824276011
41.33197183964991	Qbic	1672.9644195220094	10.865867368697463	10.236942970910897
41.993422971728684	Qbic	1685.4644195220094	10.617301348008581	9.791540779656918
42.62978660809232	Qbic	1697.4644195220094	10.177046835337238	9.783866222964301
43.25099872930444	Qbic	1709.9644195220094	9.688814806215087	9.764399941033384
43.87812977269005	Qbic	1721.9644195220094	9.386471240588312	9.895520660001907
44.45190026449333	Qbic	1734.9644195220094	9.197891909019129	9.629976660994746
45.07485108416546	Qbic	1746.4644195220094	9.257841107010544	9.23691638911741
45.71420464903078	Qbic	1758.4644195220094	9.30117544996552	9.24565864065608
46.37596935491314	Qbic	1769.9644195220094	9.127872645883087	9.06082194596922
47.037734060795486	Qbic	1781.4644195220094	9.077784578036198	9.279012708623233
47.61724850239452	Qbic	1793.4644195220094	9.077000649146067	9.29663152673825
48.20653421668024	Qbic	1804.9644195220094	9.039898892814366	8.8975994563992
48.836967439595206	Qbic	1815.9644195220094	9.022855247877299	8.298693485344739
49.5241549395952	Qbic	1825.9744195220096	9.164266745998152	7.869534651792004
