#theta_0	gamma	probability

-0.00975	1.2e-05	1.09969e-39
-0.00925	1.2e-05	2.003e-38
-0.00875	1.2e-05	9.0002e-38
-0.00825	1.2e-05	1.68786e-36
-0.00775	1.2e-05	5.81974e-35
-0.00725	1.2e-05	1.38727e-33
-0.00675	1.2e-05	1.66166e-32
-0.00625	1.2e-05	1.25754e-31
-0.00575	1.2e-05	3.852e-31
-0.00525	1.2e-05	1.95628e-30
-0.00475	1.2e-05	4.27413e-30
-0.00425	1.2e-05	1.10215e-29
-0.00375	1.2e-05	1.62489e-29
-0.00325	1.2e-05	2.60627e-29
-0.00275	1.2e-05	3.31982e-29
-0.00225	1.2e-05	4.02499e-29
-0.00175	1.2e-05	5.04313e-29
-0.00125	1.2e-05	7.17442e-29
-0.00075	1.2e-05	1.0474e-28
-0.00025	1.2e-05	1.95105e-28
-0.00975	1.6e-05	7.78995e-31
-0.00925	1.6e-05	1.75463e-30
-0.00875	1.6e-05	2.70172e-30
-0.00825	1.6e-05	4.46601e-30
-0.00775	1.6e-05	4.24318e-29
-0.00725	1.6e-05	1.42184e-27
-0.00675	1.6e-05	1.44162e-26
-0.00625	1.6e-05	3.66217e-25
-0.00575	1.6e-05	1.24334e-24
-0.00525	1.6e-05	4.90879e-24
-0.00475	1.6e-05	1.02993e-23
-0.00425	1.6e-05	2.15596e-23
-0.00375	1.6e-05	2.76892e-23
-0.00325	1.6e-05	3.3602e-23
-0.00275	1.6e-05	4.05903e-23
-0.00225	1.6e-05	4.91558e-23
-0.00175	1.6e-05	7.60439e-23
-0.00125	1.6e-05	1.05187e-22
-0.00075	1.6e-05	1.40395e-22
-0.00025	1.6e-05	2.2662e-22
-0.00975	2e-05	1.69807e-24
-0.00925	2e-05	3.4495e-24
-0.00875	2e-05	5.47842e-24
-0.00825	2e-05	7.98714e-24
-0.00775	2e-05	1.29974e-23
-0.00725	2e-05	1.92516e-23
-0.00675	2e-05	2.92404e-23
-0.00625	2e-05	3.73992e-23
-0.00575	2e-05	5.22947e-23
-0.00525	2e-05	3.20348e-21
-0.00475	2e-05	1.82797e-18
-0.00425	2e-05	3.01803e-18
-0.00375	2e-05	3.44523e-18
-0.00325	2e-05	4.25415e-18
-0.00275	2e-05	4.78531e-18
-0.00225	2e-05	5.96708e-18
-0.00175	2e-05	1.17106e-17
-0.00125	2e-05	1.40746e-17
-0.00075	2e-05	1.89789e-17
-0.00025	2e-05	2.54825e-17
-0.00975	2.4e-05	2.79036e-19
-0.00925	2.4e-05	4.78434e-19
-0.00875	2.4e-05	7.66497e-19
-0.00825	2.4e-05	1.38359e-18
-0.00775	2.4e-05	2.1427e-18
-0.00725	2.4e-05	3.39007e-18
-0.00675	2.4e-05	4.75689e-18
-0.00625	2.4e-05	6.77992e-18
-0.00575	2.4e-05	8.84721e-18
-0.00525	2.4e-05	1.21677e-17
-0.00475	2.4e-05	1.46454e-17
-0.00425	2.4e-05	2.13168e-17
-0.00375	2.4e-05	4.08678e-17
-0.00325	2.4e-05	1.16777e-16
-0.00275	2.4e-05	5.01262e-16
-0.00225	2.4e-05	6.9634e-15
-0.00175	2.4e-05	4.68952e-14
-0.00125	2.4e-05	3.42734e-13
-0.00075	2.4e-05	3.67294e-13
-0.00025	2.4e-05	5.89122e-13
-0.00975	2.8e-05	1.10945e-15
-0.00925	2.8e-05	6.84055e-15
-0.00875	2.8e-05	9.7174e-15
-0.00825	2.8e-05	2.55098e-14
-0.00775	2.8e-05	5.78859e-14
-0.00725	2.8e-05	8.31556e-14
-0.00675	2.8e-05	1.45209e-13
-0.00625	2.8e-05	2.44277e-13
-0.00575	2.8e-05	3.08655e-13
-0.00525	2.8e-05	3.58824e-13
-0.00475	2.8e-05	4.20667e-13
-0.00425	2.8e-05	6.26551e-13
-0.00375	2.8e-05	7.47642e-13
-0.00325	2.8e-05	9.86272e-13
-0.00275	2.8e-05	1.48244e-12
-0.00225	2.8e-05	1.84181e-12
-0.00175	2.8e-05	2.97351e-12
-0.00125	2.8e-05	5.80353e-12
-0.00075	2.8e-05	9.24364e-12
-0.00025	2.8e-05	1.86073e-11
-0.00975	3.2e-05	1.10948e-13
-0.00925	3.2e-05	1.41156e-13
-0.00875	3.2e-05	2.1876e-13
-0.00825	3.2e-05	3.0722e-13
-0.00775	3.2e-05	3.68771e-13
-0.00725	3.2e-05	4.75943e-13
-0.00675	3.2e-05	1.0398e-12
-0.00625	3.2e-05	1.07189e-09
-0.00575	3.2e-05	2.18977e-09
-0.00525	3.2e-05	2.9974e-09
-0.00475	3.2e-05	3.56658e-09
-0.00425	3.2e-05	4.22043e-09
-0.00375	3.2e-05	4.22695e-09
-0.00325	3.2e-05	5.0044e-09
-0.00275	3.2e-05	5.63143e-09
-0.00225	3.2e-05	1.05382e-08
-0.00175	3.2e-05	1.58828e-08
-0.00125	3.2e-05	2.32811e-08
-0.00075	3.2e-05	2.81455e-08
-0.00025	3.2e-05	1.74149e-08
-0.00975	3.6e-05	8.05295e-10
-0.00925	3.6e-05	1.19045e-09
-0.00875	3.6e-05	1.76178e-09
-0.00825	3.6e-05	2.47087e-09
-0.00775	3.6e-05	3.68004e-09
-0.00725	3.6e-05	4.9805e-09
-0.00675	3.6e-05	5.47476e-09
-0.00625	3.6e-05	8.09976e-09
-0.00575	3.6e-05	9.34748e-09
-0.00525	3.6e-05	1.20145e-08
-0.00475	3.6e-05	1.59739e-08
-0.00425	3.6e-05	2.04257e-08
-0.00375	3.6e-05	4.05233e-08
-0.00325	3.6e-05	7.95139e-08
-0.00275	3.6e-05	1.79374e-07
-0.00225	3.6e-05	4.52809e-07
-0.00175	3.6e-05	1.97759e-06
-0.00125	3.6e-05	1.57497e-06
-0.00075	3.6e-05	6.35127e-08
-0.00025	3.6e-05	2.48417e-08
-0.00975	4e-05	4.19367e-09
-0.00925	4e-05	7.35283e-09
-0.00875	4e-05	9.55902e-08
-0.00825	4e-05	2.3141e-06
-0.00775	4e-05	7.14307e-06
-0.00725	4e-05	1.38582e-05
-0.00675	4e-05	1.64935e-05
-0.00625	4e-05	1.99355e-05
-0.00575	4e-05	2.33988e-05
-0.00525	4e-05	2.73783e-05
-0.00475	4e-05	3.17022e-05
-0.00425	4e-05	5.22731e-05
-0.00375	4e-05	6.92041e-05
-0.00325	4e-05	9.0242e-05
-0.00275	4e-05	0.000115561
-0.00225	4e-05	8.90096e-05
-0.00175	4e-05	2.57924e-05
-0.00125	4e-05	1.19263e-06
-0.00075	4e-05	8.11346e-08
-0.00025	4e-05	3.8633e-08
-0.00975	4.4e-05	1.2833e-05
-0.00925	4.4e-05	1.67955e-05
-0.00875	4.4e-05	2.31493e-05
-0.00825	4.4e-05	3.10134e-05
-0.00775	4.4e-05	3.52549e-05
-0.00725	4.4e-05	4.84734e-05
-0.00675	4.4e-05	6.04074e-05
-0.00625	4.4e-05	7.18038e-05
-0.00575	4.4e-05	9.69506e-05
-0.00525	4.4e-05	0.000152329
-0.00475	4.4e-05	0.000311855
-0.00425	4.4e-05	0.000608865
-0.00375	4.4e-05	0.00139433
-0.00325	4.4e-05	0.00360787
-0.00275	4.4e-05	0.00596665
-0.00225	4.4e-05	0.000193421
-0.00175	4.4e-05	7.54659e-05
-0.00125	4.4e-05	3.64884e-05
-0.00075	4.4e-05	1.36171e-07
-0.00025	4.4e-05	5.56663e-08
-0.00975	4.8e-05	0.00024795
-0.00925	4.8e-05	0.00307677
-0.00875	4.8e-05	0.0144233
-0.00825	4.8e-05	0.0373129
-0.00775	4.8e-05	0.0520591
-0.00725	4.8e-05	0.0520668
-0.00675	4.8e-05	0.0663048
-0.00625	4.8e-05	0.0778345
-0.00575	4.8e-05	0.0833422
-0.00525	4.8e-05	0.101411
-0.00475	4.8e-05	0.151773
-0.00425	4.8e-05	0.150099
-0.00375	4.8e-05	0.1319
-0.00325	4.8e-05	0.0508879
-0.00275	4.8e-05	0.000496331
-0.00225	4.8e-05	0.00014933
-0.00175	4.8e-05	7.22748e-05
-0.00125	4.8e-05	4.00728e-05
-0.00075	4.8e-05	2.22661e-07
-0.00025	4.8e-05	5.42933e-08
-0.00975	5.2e-05	0.0521562
-0.00925	5.2e-05	0.0727268
-0.00875	5.2e-05	0.099158
-0.00825	5.2e-05	0.11021
-0.00775	5.2e-05	0.123792
-0.00725	5.2e-05	0.150388
-0.00675	5.2e-05	0.219865
-0.00625	5.2e-05	0.293564
-0.00575	5.2e-05	0.418519
-0.00525	5.2e-05	0.82173
-0.00475	5.2e-05	0.81984
-0.00425	5.2e-05	0.198685
-0.00375	5.2e-05	0.0584115
-0.00325	5.2e-05	0.0763433
-0.00275	5.2e-05	0.000313457
-0.00225	5.2e-05	0.000144332
-0.00175	5.2e-05	8.59081e-05
-0.00125	5.2e-05	2.75707e-05
-0.00075	5.2e-05	1.36966e-06
-0.00025	5.2e-05	9.81811e-08
-0.00975	5.6e-05	0.183644
-0.00925	5.6e-05	5.46444
-0.00875	5.6e-05	54.2127
-0.00825	5.6e-05	79.8014
-0.00775	5.6e-05	92.1544
-0.00725	5.6e-05	108.073
-0.00675	5.6e-05	133.011
-0.00625	5.6e-05	133.211
-0.00575	5.6e-05	71.7224
-0.00525	5.6e-05	76.8609
-0.00475	5.6e-05	6.74442
-0.00425	5.6e-05	0.281235
-0.00375	5.6e-05	0.126327
-0.00325	5.6e-05	0.0519822
-0.00275	5.6e-05	0.00408359
-0.00225	5.6e-05	0.000194379
-0.00175	5.6e-05	0.0001103
-0.00125	5.6e-05	2.96311e-05
-0.00075	5.6e-05	4.3047e-07
-0.00025	5.6e-05	9.58562e-08
-0.00975	6e-05	97.142
-0.00925	6e-05	143.883
-0.00875	6e-05	180.954
-0.00825	6e-05	202.529
-0.00775	6e-05	224.791
-0.00725	6e-05	259.337
-0.00675	6e-05	221.603
-0.00625	6e-05	262.92
-0.00575	6e-05	92.0536
-0.00525	6e-05	65.8654
-0.00475	6e-05	75.949
-0.00425	6e-05	0.607039
-0.00375	6e-05	0.217495
-0.00325	6e-05	0.0515159
-0.00275	6e-05	0.00277628
-0.00225	6e-05	0.000205859
-0.00175	6e-05	0.000133692
-0.00125	6e-05	6.38892e-05
-0.00075	6e-05	4.01622e-07
-0.00025	6e-05	3.44513e-08
-0.00975	6.4e-05	218.171
-0.00925	6.4e-05	314.841
-0.00875	6.4e-05	776.198
-0.00825	6.4e-05	10540.9
-0.00775	6.4e-05	70656
-0.00725	6.4e-05	54102
-0.00675	6.4e-05	57976.6
-0.00625	6.4e-05	330.145
-0.00575	6.4e-05	208.791
-0.00525	6.4e-05	71.1592
-0.00475	6.4e-05	0.902756
-0.00425	6.4e-05	0.344359
-0.00375	6.4e-05	0.196966
-0.00325	6.4e-05	0.120735
-0.00275	6.4e-05	0.00333761
-0.00225	6.4e-05	0.000235564
-0.00175	6.4e-05	0.000127696
-0.00125	6.4e-05	6.40592e-05
-0.00075	6.4e-05	4.39927e-07
-0.00025	6.4e-05	1.08238e-318
-0.00975	6.8e-05	82973.2
-0.00925	6.8e-05	83128.6
-0.00875	6.8e-05	103803
-0.00825	6.8e-05	162312
-0.00775	6.8e-05	139599
-0.00725	6.8e-05	54230.2
-0.00675	6.8e-05	58035.8
-0.00625	6.8e-05	416.516
-0.00575	6.8e-05	154.475
-0.00525	6.8e-05	81.9805
-0.00475	6.8e-05	29.8755
-0.00425	6.8e-05	0.657316
-0.00375	6.8e-05	0.176967
-0.00325	6.8e-05	0.115757
-0.00275	6.8e-05	0.00437938
-0.00225	6.8e-05	0.000392374
-0.00175	6.8e-05	0.000175222
-0.00125	6.8e-05	6.24531e-05
-0.00075	6.8e-05	2.82984e-318
-0.00025	6.8e-05	6.23298e-319
-0.00975	7.2e-05	184845
-0.00925	7.2e-05	200165
-0.00875	7.2e-05	222909
-0.00825	7.2e-05	313322
-0.00775	7.2e-05	152598
-0.00725	7.2e-05	58099.3
-0.00675	7.2e-05	58115.2
-0.00625	7.2e-05	773.748
-0.00575	7.2e-05	313.123
-0.00525	7.2e-05	147.01
-0.00475	7.2e-05	1.22329
-0.00425	7.2e-05	0.542867
-0.00375	7.2e-05	0.289655
-0.00325	7.2e-05	0.118796
-0.00275	7.2e-05	0.012309
-0.00225	7.2e-05	0.000216337
-0.00175	7.2e-05	9.52103e-05
-0.00125	7.2e-05	6.37164e-318
-0.00075	7.2e-05	8.81201e-319
-0.00025	7.2e-05	0
-0.00975	7.6e-05	4.63787e+07
-0.00925	7.6e-05	2.46525e+07
-0.00875	7.6e-05	3.01182e+07
-0.00825	7.6e-05	292015
-0.00775	7.6e-05	167204
-0.00725	7.6e-05	58292.7
-0.00675	7.6e-05	854.263
-0.00625	7.6e-05	313.872
-0.00575	7.6e-05	150.37
-0.00525	7.6e-05	96.2124
-0.00475	7.6e-05	76.3817
-0.00425	7.6e-05	0.515898
-0.00375	7.6e-05	0.299949
-0.00325	7.6e-05	0.156302
-0.00275	7.6e-05	0.00181555
-0.00225	7.6e-05	0.00024957
-0.00175	7.6e-05	2.9926e-316
-0.00125	7.6e-05	2.92371e-318
-0.00075	7.6e-05	0
-0.00025	7.6e-05	0
-0.00975	8e-05	7.62693e+07
-0.00925	8e-05	2.46962e+07
-0.00875	8e-05	2.64025e+07
-0.00825	8e-05	227256
-0.00775	8e-05	167338
-0.00725	8e-05	58572.5
-0.00675	8e-05	2273.4
-0.00625	8e-05	463.403
-0.00575	8e-05	292.427
-0.00525	8e-05	148.975
-0.00475	8e-05	9.03253
-0.00425	8e-05	1.1278
-0.00375	8e-05	0.34432
-0.00325	8e-05	0.109382
-0.00275	8e-05	0.0145105
-0.00225	8e-05	3.37648e-315
-0.00175	8e-05	7.07672e-317
-0.00125	8e-05	0
-0.00075	8e-05	0
-0.00025	8e-05	0
-0.00975	8.4e-05	7.13723e+07
-0.00925	8.4e-05	2.30852e+07
-0.00875	8.4e-05	2.46778e+07
-0.00825	8.4e-05	239976
-0.00775	8.4e-05	117771
-0.00725	8.4e-05	66079.4
-0.00675	8.4e-05	50270.8
-0.00625	8.4e-05	613.774
-0.00575	8.4e-05	397.625
-0.00525	8.4e-05	142.517
-0.00475	8.4e-05	4.59591
-0.00425	8.4e-05	1.16396
-0.00375	8.4e-05	0.255402
-0.00325	8.4e-05	0.11436
-0.00275	8.4e-05	5.94567e-315
-0.00225	8.4e-05	1.19987e-315
-0.00175	8.4e-05	0
-0.00125	8.4e-05	0
-0.00075	8.4e-05	0
-0.00025	8.4e-05	0
-0.00975	8.8e-05	6.85267e+07
-0.00925	8.8e-05	5.4947e+07
-0.00875	8.8e-05	2.46907e+07
-0.00825	8.8e-05	284212
-0.00775	8.8e-05	201606
-0.00725	8.8e-05	112217
-0.00675	8.8e-05	58486.8
-0.00625	8.8e-05	1285.41
-0.00575	8.8e-05	347.216
-0.00525	8.8e-05	142.462
-0.00475	8.8e-05	78.5779
-0.00425	8.8e-05	0.981788
-0.00375	8.8e-05	0.177732
-0.00325	8.8e-05	1.27863e-314
-0.00275	8.8e-05	4.22979e-315
-0.00225	8.8e-05	0
-0.00175	8.8e-05	0
-0.00125	8.8e-05	0
-0.00075	8.8e-05	0
-0.00025	8.8e-05	0
