#theta_0	n_l	probability

-0.00975	1.3125	12199.5
-0.00925	1.3125	3938.68
-0.00875	1.3125	4808.42
-0.00825	1.3125	38.7066
-0.00775	1.3125	20.5239
-0.00725	1.3125	8.65123
-0.00675	1.3125	9.25815
-0.00625	1.3125	0.0415164
-0.00575	1.3125	0.0113325
-0.00525	1.3125	0.0121977
-0.00475	1.3125	0.000111471
-0.00425	1.3125	8.84831e-06
-0.00375	1.3125	1.31712e-05
-0.00325	1.3125	5.60562e-07
-0.00275	1.3125	9.40226e-07
-0.00225	1.3125	7.38264e-09
-0.00175	1.3125	3.10093e-10
-0.00125	1.3125	2.43588e-10
-0.00075	1.3125	2.96213e-12
-0.00025	1.3125	1.76867e-12
-0.00975	1.3375	11902.5
-0.00925	1.3375	3938.69
-0.00875	1.3375	4213.16
-0.00825	1.3375	40.8762
-0.00775	1.3375	22.3189
-0.00725	1.3375	8.6543
-0.00675	1.3375	9.2604
-0.00625	1.3375	0.0415482
-0.00575	1.3375	0.0114595
-0.00525	1.3375	0.00018341
-0.00475	1.3375	0.00106083
-0.00425	1.3375	3.04408e-05
-0.00375	1.3375	8.10562e-06
-0.00325	1.3375	8.10718e-06
-0.00275	1.3375	1.81337e-08
-0.00225	1.3375	2.41568e-08
-0.00175	1.3375	4.04856e-09
-0.00125	1.3375	7.95626e-12
-0.00075	1.3375	8.09671e-12
-0.00025	1.3375	1.00876e-12
-0.00975	1.3625	11411.6
-0.00925	1.3625	8776.26
-0.00875	1.3625	3940.69
-0.00825	1.3625	44.785
-0.00775	1.3625	24.3979
-0.00725	1.3625	9.26996
-0.00675	1.3625	9.26444
-0.00625	1.3625	0.0457881
-0.00575	1.3625	0.0155041
-0.00525	1.3625	0.0105141
-0.00475	1.3625	0.0121124
-0.00425	1.3625	3.73241e-05
-0.00375	1.3625	8.12615e-06
-0.00325	1.3625	1.10911e-05
-0.00275	1.3625	6.6985e-08
-0.00225	1.3625	7.3469e-09
-0.00175	1.3625	7.99592e-09
-0.00125	1.3625	1.83945e-10
-0.00075	1.3625	1.46482e-12
-0.00025	1.3625	1.95238e-12
-0.00975	1.3875	6471.65
-0.00925	1.3875	3686.01
-0.00875	1.3875	3946.59
-0.00825	1.3875	36.2456
-0.00775	1.3875	26.7161
-0.00725	1.3875	9.27914
-0.00675	1.3875	0.0680035
-0.00625	1.3875	0.103161
-0.00575	1.3875	0.0342789
-0.00525	1.3875	0.0113261
-0.00475	1.3875	4.76175e-05
-0.00425	1.3875	5.91697e-05
-0.00375	1.3875	1.32042e-05
-0.00325	1.3875	1.12229e-06
-0.00275	1.3875	1.31528e-08
-0.00225	1.3875	1.85329e-08
-0.00175	1.3875	4.04856e-09
-0.00125	1.3875	5.64674e-09
-0.00075	1.3875	9.25484e-12
-0.00025	1.3875	1.20975e-12
-0.00975	1.4125	33.1016
-0.00925	1.4125	44.6698
-0.00875	1.4125	40.7627
-0.00825	1.4125	40.4452
-0.00775	1.4125	27.3903
-0.00725	1.4125	9.30782
-0.00675	1.4125	0.113605
-0.00625	1.4125	0.0334155
-0.00575	1.4125	0.0288156
-0.00525	1.4125	0.0121636
-0.00475	1.4125	0.000129924
-0.00425	1.4125	3.04462e-05
-0.00375	1.4125	2.59441e-05
-0.00325	1.4125	8.12649e-06
-0.00275	1.4125	3.724e-08
-0.00225	1.4125	5.28427e-09
-0.00175	1.4125	7.41525e-09
-0.00125	1.4125	1.83978e-10
-0.00075	1.4125	2.03791e-12
-0.00025	1.4125	3.40083e-12
-0.00975	1.4375	21.2437
-0.00925	1.4375	28.6241
-0.00875	1.4375	30.735
-0.00825	1.4375	24.4166
-0.00775	1.4375	18.5719
-0.00725	1.4375	9.34701
-0.00675	1.4375	0.334473
-0.00625	1.4375	0.0388701
-0.00575	1.4375	0.011673
-0.00525	1.4375	0.0130753
-0.00475	1.4375	0.00472518
-0.00425	1.4375	3.57816e-05
-0.00375	1.4375	8.88929e-06
-0.00325	1.4375	1.95986e-07
-0.00275	1.4375	6.14163e-07
-0.00225	1.4375	1.65929e-08
-0.00175	1.4375	4.05139e-09
-0.00125	1.4375	5.64955e-09
-0.00075	1.4375	1.49854e-11
-0.00025	1.4375	1.46401e-12
-0.00975	1.4625	10.7484
-0.00925	1.4625	13.2805
-0.00875	1.4625	14.114
-0.00825	1.4625	16.3735
-0.00775	1.4625	9.54115
-0.00725	1.4625	10.5295
-0.00675	1.4625	7.99544
-0.00625	1.4625	0.0512803
-0.00575	1.4625	0.0333542
-0.00525	1.4625	0.0113268
-0.00475	1.4625	5.14818e-05
-0.00425	1.4625	7.99156e-05
-0.00375	1.4625	2.33126e-05
-0.00325	1.4625	8.11954e-06
-0.00275	1.4625	3.26354e-08
-0.00225	1.4625	5.35199e-09
-0.00175	1.4625	7.50154e-09
-0.00125	1.4625	7.50418e-10
-0.00075	1.4625	4.11892e-12
-0.00025	1.4625	5.7576e-12
-0.00975	1.4875	0.0395353
-0.00925	1.4875	0.0522697
-0.00875	1.4875	0.125275
-0.00825	1.4875	2.81043
-0.00775	1.4875	13.1121
-0.00725	1.4875	8.67777
-0.00675	1.4875	9.28724
-0.00625	1.4875	0.0718996
-0.00575	1.4875	0.0245657
-0.00525	1.4875	0.0121994
-0.00475	1.4875	0.000158495
-0.00425	1.4875	3.29069e-05
-0.00375	1.4875	8.18497e-06
-0.00325	1.4875	1.11714e-05
-0.00275	1.4875	4.02734e-07
-0.00225	1.4875	1.71682e-08
-0.00175	1.4875	4.05753e-09
-0.00125	1.4875	1.44859e-11
-0.00075	1.4875	2.50291e-11
-0.00025	1.4875	1.8581e-12
-0.00975	1.5125	0.0294768
-0.00925	1.5125	0.0342297
-0.00875	1.5125	0.0449267
-0.00825	1.5125	0.0500182
-0.00775	1.5125	0.0654428
-0.00725	1.5125	0.0842516
-0.00675	1.5125	0.101071
-0.00625	1.5125	0.162885
-0.00575	1.5125	0.0315307
-0.00525	1.5125	0.0152943
-0.00475	1.5125	0.0121162
-0.00425	1.5125	4.89722e-05
-0.00375	1.5125	2.00808e-05
-0.00325	1.5125	8.11957e-06
-0.00275	1.5125	3.36355e-08
-0.00225	1.5125	7.36944e-09
-0.00175	1.5125	1.02711e-08
-0.00125	1.5125	4.3585e-09
-0.00075	1.5125	7.05627e-12
-0.00025	1.5125	1.46406e-12
-0.00975	1.5375	0.0187201
-0.00925	1.5375	0.0251175
-0.00875	1.5375	0.0300116
-0.00825	1.5375	0.0324115
-0.00775	1.5375	0.0373458
-0.00725	1.5375	0.0430339
-0.00675	1.5375	0.0511784
-0.00625	1.5375	0.0528059
-0.00575	1.5375	0.033372
-0.00525	1.5375	0.0113779
-0.00475	1.5375	9.49844e-05
-0.00425	1.5375	3.16468e-05
-0.00375	1.5375	2.60156e-05
-0.00325	1.5375	1.03353e-05
-0.00275	1.5375	4.77039e-07
-0.00225	1.5375	1.94144e-08
-0.00175	1.5375	5.6705e-09
-0.00125	1.5375	4.37095e-11
-0.00075	1.5375	1.96819e-10
-0.00025	1.5375	4.44014e-12
-0.00975	1.5625	0.0101737
-0.00925	1.5625	0.0129254
-0.00875	1.5625	0.0155791
-0.00825	1.5625	0.0279778
-0.00775	1.5625	0.0313482
-0.00725	1.5625	0.0372047
-0.00675	1.5625	0.0426336
-0.00625	1.5625	0.0326201
-0.00575	1.5625	0.0254887
-0.00525	1.5625	0.0124618
-0.00475	1.5625	0.00134512
-0.00425	1.5625	4.43844e-05
-0.00375	1.5625	2.00854e-05
-0.00325	1.5625	8.12296e-06
-0.00275	1.5625	4.2196e-08
-0.00225	1.5625	1.31552e-08
-0.00175	1.5625	1.16362e-08
-0.00125	1.5625	4.36004e-09
-0.00075	1.5625	1.57393e-11
-0.00025	1.5625	1.56241e-12
-0.00975	1.5875	0.00310948
-0.00925	1.5875	0.00683675
-0.00875	1.5875	0.0127695
-0.00825	1.5875	0.0138321
-0.00775	1.5875	0.0159747
-0.00725	1.5875	0.0187015
-0.00675	1.5875	0.0220362
-0.00625	1.5875	0.035127
-0.00575	1.5875	0.0325688
-0.00525	1.5875	0.0105606
-0.00475	1.5875	8.47147e-05
-0.00425	1.5875	0.000126701
-0.00375	1.5875	2.6034e-05
-0.00325	1.5875	1.03794e-05
-0.00275	1.5875	6.17403e-07
-0.00225	1.5875	1.77996e-08
-0.00175	1.5875	6.49431e-09
-0.00125	1.5875	3.58651e-10
-0.00075	1.5875	5.1651e-12
-0.00025	1.5875	8.52476e-12
-0.00975	1.6125	2.0926e-05
-0.00925	1.6125	2.56535e-05
-0.00875	1.6125	3.92627e-05
-0.00825	1.6125	0.00305918
-0.00775	1.6125	0.0117988
-0.00725	1.6125	0.0136221
-0.00675	1.6125	0.0197697
-0.00625	1.6125	0.0213096
-0.00575	1.6125	0.0106282
-0.00525	1.6125	0.0122315
-0.00475	1.6125	0.000631881
-0.00425	1.6125	4.66479e-05
-0.00375	1.6125	2.00961e-05
-0.00325	1.6125	8.12489e-06
-0.00275	1.6125	6.84114e-08
-0.00225	1.6125	1.36458e-08
-0.00175	1.6125	4.06968e-09
-0.00125	1.6125	5.66183e-09
-0.00075	1.6125	4.62589e-11
-0.00025	1.6125	4.6254e-12
-0.00975	1.6375	1.69936e-05
-0.00925	1.6375	2.02076e-05
-0.00875	1.6375	2.45612e-05
-0.00825	1.6375	3.00511e-05
-0.00775	1.6375	3.74218e-05
-0.00725	1.6375	6.03991e-05
-0.00675	1.6375	0.000232797
-0.00625	1.6375	0.00252349
-0.00575	1.6375	0.0196621
-0.00525	1.6375	0.0105494
-0.00475	1.6375	0.0121596
-0.00425	1.6375	0.000119448
-0.00375	1.6375	2.62188e-05
-0.00325	1.6375	1.16787e-05
-0.00275	1.6375	1.87673e-06
-0.00225	1.6375	2.94053e-08
-0.00175	1.6375	1.04399e-08
-0.00125	1.6375	4.35912e-09
-0.00075	1.6375	1.46418e-11
-0.00025	1.6375	2.73008e-12
-0.00975	1.6625	1.17485e-05
-0.00925	1.6625	1.59446e-05
-0.00875	1.6625	1.97404e-05
-0.00825	1.6625	2.32353e-05
-0.00775	1.6625	2.99506e-05
-0.00725	1.6625	3.32476e-05
-0.00675	1.6625	4.27428e-05
-0.00625	1.6625	6.00845e-05
-0.00575	1.6625	0.000132509
-0.00525	1.6625	0.000157182
-0.00475	1.6625	0.000415344
-0.00425	1.6625	4.8536e-05
-0.00375	1.6625	2.01149e-05
-0.00325	1.6625	8.15381e-06
-0.00275	1.6625	7.06847e-08
-0.00225	1.6625	1.43605e-08
-0.00175	1.6625	5.76477e-09
-0.00125	1.6625	2.05907e-10
-0.00075	1.6625	5.16882e-12
-0.00025	1.6625	8.53415e-12
-0.00975	1.6875	7.80228e-06
-0.00925	1.6875	1.19885e-05
-0.00875	1.6875	1.57032e-05
-0.00825	1.6875	1.76338e-05
-0.00775	1.6875	1.96041e-05
-0.00725	1.6875	3.00181e-05
-0.00675	1.6875	3.39874e-05
-0.00625	1.6875	4.29303e-05
-0.00575	1.6875	5.62179e-05
-0.00525	1.6875	7.93702e-05
-0.00475	1.6875	8.63661e-05
-0.00425	1.6875	0.000128247
-0.00375	1.6875	1.06602e-05
-0.00325	1.6875	5.75506e-06
-0.00275	1.6875	3.79667e-08
-0.00225	1.6875	1.31633e-08
-0.00175	1.6875	1.19894e-08
-0.00125	1.6875	5.65829e-09
-0.00075	1.6875	4.64527e-11
-0.00025	1.6875	3.59158e-12
-0.00975	1.7125	5.18007e-06
-0.00925	1.7125	8.47626e-06
-0.00875	1.7125	1.09924e-05
-0.00825	1.7125	1.64028e-05
-0.00775	1.7125	1.82221e-05
-0.00725	1.7125	2.05544e-05
-0.00675	1.7125	2.30531e-05
-0.00625	1.7125	2.73743e-05
-0.00575	1.7125	3.93867e-05
-0.00525	1.7125	5.49159e-05
-0.00475	1.7125	4.69436e-05
-0.00425	1.7125	5.24826e-05
-0.00375	1.7125	2.33931e-05
-0.00325	1.7125	8.86753e-06
-0.00275	1.7125	2.30796e-07
-0.00225	1.7125	2.12e-08
-0.00175	1.7125	1.0441e-08
-0.00125	1.7125	4.36085e-09
-0.00075	1.7125	1.69903e-11
-0.00025	1.7125	3.45819e-12
-0.00975	1.7375	2.76274e-06
-0.00925	1.7375	4.25735e-06
-0.00875	1.7375	7.74306e-06
-0.00825	1.7375	8.8549e-06
-0.00775	1.7375	1.63179e-05
-0.00725	1.7375	1.8233e-05
-0.00675	1.7375	2.21462e-05
-0.00625	1.7375	2.47265e-05
-0.00575	1.7375	2.76126e-05
-0.00525	1.7375	3.11056e-05
-0.00475	1.7375	3.87684e-05
-0.00425	1.7375	3.87908e-05
-0.00375	1.7375	1.76086e-05
-0.00325	1.7375	8.12571e-06
-0.00275	1.7375	6.58711e-08
-0.00225	1.7375	1.62263e-08
-0.00175	1.7375	5.92702e-09
-0.00125	1.7375	2.26204e-10
-0.00075	1.7375	7.32482e-12
-0.00025	1.7375	1.74931e-12
-0.00975	1.7625	8.99042e-07
-0.00925	1.7625	1.95637e-06
-0.00875	1.7625	4.22671e-06
-0.00825	1.7625	7.09858e-06
-0.00775	1.7625	8.33099e-06
-0.00725	1.7625	9.93607e-06
-0.00675	1.7625	1.60171e-05
-0.00625	1.7625	2.21614e-05
-0.00575	1.7625	2.5484e-05
-0.00525	1.7625	2.8494e-05
-0.00475	1.7625	3.30287e-05
-0.00425	1.7625	2.676e-05
-0.00375	1.7625	2.48855e-05
-0.00325	1.7625	1.08431e-05
-0.00275	1.7625	2.23707e-06
-0.00225	1.7625	3.97821e-08
-0.00175	1.7625	1.19897e-08
-0.00125	1.7625	5.67338e-09
-0.00075	1.7625	6.10136e-11
-0.00025	1.7625	4.85066e-12
-0.00975	1.7875	7.47559e-09
-0.00925	1.7875	4.10955e-08
-0.00875	1.7875	8.93848e-07
-0.00825	1.7875	3.87584e-06
-0.00775	1.7875	7.63934e-06
-0.00725	1.7875	8.33055e-06
-0.00675	1.7875	1.0609e-05
-0.00625	1.7875	1.15213e-05
-0.00575	1.7875	1.36116e-05
-0.00525	1.7875	2.15738e-05
-0.00475	1.7875	3.04713e-05
-0.00425	1.7875	2.40229e-05
-0.00375	1.7875	2.01227e-05
-0.00325	1.7875	8.16099e-06
-0.00275	1.7875	1.33577e-07
-0.00225	1.7875	2.39639e-08
-0.00175	1.7875	1.04464e-08
-0.00125	1.7875	4.36575e-09
-0.00075	1.7875	1.715e-11
-0.00025	1.7875	3.14627e-12
