1	Uniform	0.00844066	0.00854066
-1	Uniform	-0.00505001	-0.00495001
2	Uniform	0.0112346	0.0113346
-2	Uniform	-0.00784397	-0.00774397
3	Uniform	0.0133785	0.0134785
-3	Uniform	-0.00998781	-0.00988781
4	Uniform	0.0151858	0.0152858
-4	Uniform	-0.0117951	-0.0116951
5	Uniform	0.0167781	0.0168781
-5	Uniform	-0.0133874	-0.0132874
6	Uniform	0.0182175	0.0183175
-6	Uniform	-0.0148269	-0.0147269
7	Uniform	0.0195413	0.0196413
-7	Uniform	-0.0161506	-0.0160506
8	Uniform	0.0207733	0.0208733
-8	Uniform	-0.0173827	-0.0172827
9	Uniform	0.0219305	0.0220305
-9	Uniform	-0.0185399	-0.0184399
10	Uniform	0.023025	0.023125
-10	Uniform	-0.0196343	-0.0195343
11	Uniform	0.0240659	0.0241659
-11	Uniform	-0.0206753	-0.0205753
12	Uniform	0.0250606	0.0251606
-12	Uniform	-0.0216699	-0.0215699
13	Uniform	0.0260145	0.0261145
-13	Uniform	-0.0226238	-0.0225238
14	Uniform	0.0269324	0.0270324
-14	Uniform	-0.0235417	-0.0234417
15	Uniform	0.027818	0.027918
-15	Uniform	-0.0244274	-0.0243274
16	Uniform	0.0286746	0.0287746
-16	Uniform	-0.025284	-0.025184
17	Uniform	0.0295048	0.0296048
-17	Uniform	-0.0261141	-0.0260141
18	Uniform	0.0303109	0.0304109
-18	Uniform	-0.0269202	-0.0268202
19	Uniform	0.0310949	0.0311949
-19	Uniform	-0.0277042	-0.0276042
20	Uniform	0.0318585	0.0319585
-20	Uniform	-0.0284678	-0.0283678
21	Uniform	0.0326032	0.0327032
-21	Uniform	-0.0292125	-0.0291125
22	Uniform	0.0333304	0.0334304
-22	Uniform	-0.0299397	-0.0298397
23	Uniform	0.0340412	0.0341412
-23	Uniform	-0.0306506	-0.0305506
24	Uniform	0.0347367	0.0348367
-24	Uniform	-0.0313461	-0.0312461
25	Uniform	0.0354179	0.0355179
-25	Uniform	-0.0320272	-0.0319272
26	Uniform	0.0360856	0.0361856
-26	Uniform	-0.0326949	-0.0325949
27	Uniform	0.0367405	0.0368405
-27	Uniform	-0.0333498	-0.0332498
28	Uniform	0.0373834	0.0374834
-28	Uniform	-0.0339927	-0.0338927
29	Uniform	0.0380149	0.0381149
-29	Uniform	-0.0346243	-0.0345243
30	Uniform	0.0386356	0.0387356
-30	Uniform	-0.035245	-0.035145
31	Uniform	0.0392461	0.0393461
-31	Uniform	-0.0358554	-0.0357554
32	Uniform	0.0398467	0.0399467
-32	Uniform	-0.0364561	-0.0363561
33	Uniform	0.040438	0.040538
-33	Uniform	-0.0370474	-0.0369474
34	Uniform	0.0410205	0.0411205
-34	Uniform	-0.0376298	-0.0375298
35	Uniform	0.0415944	0.0416944
-35	Uniform	-0.0382037	-0.0381037
36	Uniform	0.0421602	0.0422602
-36	Uniform	-0.0387695	-0.0386695
37	Uniform	0.0427181	0.0428181
-37	Uniform	-0.0393275	-0.0392275
38	Uniform	0.0432686	0.0433686
-38	Uniform	-0.0398779	-0.0397779
39	Uniform	0.0438118	0.0439118
-39	Uniform	-0.0404212	-0.0403212
40	Uniform	0.0443481	0.0444481
-40	Uniform	-0.0409575	-0.0408575
41	Uniform	0.0448778	0.0449778
-41	Uniform	-0.0414871	-0.0413871
42	Uniform	0.045401	0.045501
-42	Uniform	-0.0420104	-0.0419104
43	Uniform	0.045918	0.046018
-43	Uniform	-0.0425274	-0.0424274
44	Uniform	0.0464291	0.0465291
-44	Uniform	-0.0430384	-0.0429384
45	Uniform	0.0469343	0.0470343
-45	Uniform	-0.0435437	-0.0434437
46	Uniform	0.047434	0.047534
-46	Uniform	-0.0440433	-0.0439433
47	Uniform	0.0479282	0.0480282
-47	Uniform	-0.0445376	-0.0444376
48	Uniform	0.0484173	0.0485173
-48	Uniform	-0.0450266	-0.0449266
49	Uniform	0.0489012	0.0490012
-49	Uniform	-0.0455105	-0.0454105
50	Uniform	0.0493802	0.0494802
-50	Uniform	-0.0459896	-0.0458896
51	Uniform	0.0498545	0.0499545
-51	Uniform	-0.0464638	-0.0463638
52	Uniform	0.0503241	0.0504241
-52	Uniform	-0.0469334	-0.0468334
53	Uniform	0.0507892	0.0508892
-53	Uniform	-0.0473985	-0.0472985
54	Uniform	0.0512499	0.0513499
-54	Uniform	-0.0478592	-0.0477592
55	Uniform	0.0517064	0.0518064
-55	Uniform	-0.0483157	-0.0482157
56	Uniform	0.0521587	0.0522587
-56	Uniform	-0.0487681	-0.0486681
57	Uniform	0.052607	0.052707
-57	Uniform	-0.0492164	-0.0491164
58	Uniform	0.0530514	0.0531514
-58	Uniform	-0.0496608	-0.0495608
59	Uniform	0.053492	0.053592
-59	Uniform	-0.0501013	-0.0500013
60	Uniform	0.0539289	0.0540289
-60	Uniform	-0.0505382	-0.0504382
61	Uniform	0.0543621	0.0544621
-61	Uniform	-0.0509714	-0.0508714
62	Uniform	0.0547917	0.0548917
-62	Uniform	-0.0514011	-0.0513011
63	Uniform	0.055218	0.055318
-63	Uniform	-0.0518273	-0.0517273
64	Uniform	0.0556408	0.0557408
-64	Uniform	-0.0522501	-0.0521501
65	Uniform	0.0560603	0.0561603
-65	Uniform	-0.0526697	-0.0525697
66	Uniform	0.0564766	0.0565766
-66	Uniform	-0.053086	-0.052986
67	Uniform	0.0568898	0.0569898
-67	Uniform	-0.0534992	-0.0533992
68	Uniform	0.0572999	0.0573999
-68	Uniform	-0.0539093	-0.0538093
69	Uniform	0.057707	0.057807
-69	Uniform	-0.0543163	-0.0542163
70	Uniform	0.0581111	0.0582111
-70	Uniform	-0.0547205	-0.0546205
71	Uniform	0.0585124	0.0586124
-71	Uniform	-0.0551217	-0.0550217
72	Uniform	0.0589108	0.0590108
-72	Uniform	-0.0555202	-0.0554202
73	Uniform	0.0593065	0.0594065
-73	Uniform	-0.0559158	-0.0558158
74	Uniform	0.0596994	0.0597994
-74	Uniform	-0.0563088	-0.0562088
75	Uniform	0.0600897	0.0601897
-75	Uniform	-0.0566991	-0.0565991
76	Uniform	0.0604775	0.0605775
-76	Uniform	-0.0570868	-0.0569868
77	Uniform	0.0608626	0.0609626
-77	Uniform	-0.057472	-0.057372
78	Uniform	0.0612453	0.0613453
-78	Uniform	-0.0578546	-0.0577546
79	Uniform	0.0616255	0.0617255
-79	Uniform	-0.0582348	-0.0581348
80	Uniform	0.0620033	0.0621033
-80	Uniform	-0.0586126	-0.0585126
81	Uniform	0.0623787	0.0624787
-81	Uniform	-0.0589881	-0.0588881
82	Uniform	0.0627519	0.0628519
-82	Uniform	-0.0593612	-0.0592612
83	Uniform	0.0631227	0.0632227
-83	Uniform	-0.0597321	-0.0596321
84	Uniform	0.0634914	0.0635914
-84	Uniform	-0.0601007	-0.0600007
85	Uniform	0.0638578	0.0639578
-85	Uniform	-0.0604671	-0.0603671
86	Uniform	0.0642221	0.0643221
-86	Uniform	-0.0608314	-0.0607314
87	Uniform	0.0645842	0.0646842
-87	Uniform	-0.0611936	-0.0610936
88	Uniform	0.0649443	0.0650443
-88	Uniform	-0.0615536	-0.0614536
89	Uniform	0.0653023	0.0654023
-89	Uniform	-0.0619117	-0.0618117
90	Uniform	0.0656584	0.0657584
-90	Uniform	-0.0622677	-0.0621677
91	Uniform	0.0660124	0.0661124
-91	Uniform	-0.0626217	-0.0625217
92	Uniform	0.0663645	0.0664645
-92	Uniform	-0.0629738	-0.0628738
93	Uniform	0.0667147	0.0668147
-93	Uniform	-0.063324	-0.063224
94	Uniform	0.067063	0.067163
-94	Uniform	-0.0636723	-0.0635723
95	Uniform	0.0674094	0.0675094
-95	Uniform	-0.0640188	-0.0639188
96	Uniform	0.0677541	0.0678541
-96	Uniform	-0.0643634	-0.0642634
97	Uniform	0.0680969	0.0681969
-97	Uniform	-0.0647062	-0.0646062
98	Uniform	0.0684379	0.0685379
-98	Uniform	-0.0650473	-0.0649473
99	Uniform	0.0687773	0.0688773
-99	Uniform	-0.0653866	-0.0652866
100	Uniform	0.0691149	0.0692149
-100	Uniform	-0.0657242	-0.0656242
101	Uniform	0.0694508	0.0695508
-101	Uniform	-0.0660601	-0.0659601
102	Uniform	0.069785	0.069885
-102	Uniform	-0.0663944	-0.0662944
103	Uniform	0.0701176	0.0702176
-103	Uniform	-0.066727	-0.066627
104	Uniform	0.0704486	0.0705486
-104	Uniform	-0.067058	-0.066958
105	Uniform	0.0707781	0.0708781
-105	Uniform	-0.0673874	-0.0672874
106	Uniform	0.0711059	0.0712059
-106	Uniform	-0.0677152	-0.0676152
107	Uniform	0.0714322	0.0715322
-107	Uniform	-0.0680415	-0.0679415
108	Uniform	0.0717569	0.0718569
-108	Uniform	-0.0683663	-0.0682663
109	Uniform	0.0720802	0.0721802
-109	Uniform	-0.0686895	-0.0685895
110	Uniform	0.072402	0.072502
-110	Uniform	-0.0690113	-0.0689113
111	Uniform	0.0727223	0.0728223
-111	Uniform	-0.0693316	-0.0692316
112	Uniform	0.0730411	0.0731411
-112	Uniform	-0.0696505	-0.0695505
113	Uniform	0.0733586	0.0734586
-113	Uniform	-0.0699679	-0.0698679
114	Uniform	0.0736746	0.0737746
-114	Uniform	-0.0702839	-0.0701839
115	Uniform	0.0739892	0.0740892
-115	Uniform	-0.0705986	-0.0704986
116	Uniform	0.0743025	0.0744025
-116	Uniform	-0.0709119	-0.0708119
117	Uniform	0.0746144	0.0747144
-117	Uniform	-0.0712238	-0.0711238
118	Uniform	0.074925	0.075025
-118	Uniform	-0.0715344	-0.0714344
119	Uniform	0.0752343	0.0753343
-119	Uniform	-0.0718436	-0.0717436
120	Uniform	0.0755423	0.0756423
-120	Uniform	-0.0721516	-0.0720516
121	Uniform	0.0758489	0.0759489
-121	Uniform	-0.0724583	-0.0723583
122	Uniform	0.0761544	0.0762544
-122	Uniform	-0.0727637	-0.0726637
123	Uniform	0.0764585	0.0765585
-123	Uniform	-0.0730679	-0.0729679
124	Uniform	0.0767614	0.0768614
-124	Uniform	-0.0733708	-0.0732708
125	Uniform	0.0770631	0.0771631
-125	Uniform	-0.0736725	-0.0735725
126	Uniform	0.0773636	0.0774636
-126	Uniform	-0.073973	-0.073873
127	Uniform	0.0776629	0.0777629
-127	Uniform	-0.0742723	-0.0741723
128	Uniform	0.077961	0.078061
-128	Uniform	-0.0745704	-0.0744704
129	Uniform	0.078258	0.078358
-129	Uniform	-0.0748673	-0.0747673
130	Uniform	0.0785538	0.0786538
-130	Uniform	-0.0751631	-0.0750631
131	Uniform	0.0788484	0.0789484
-131	Uniform	-0.0754578	-0.0753578
132	Uniform	0.0791419	0.0792419
-132	Uniform	-0.0757513	-0.0756513
133	Uniform	0.0794344	0.0795344
-133	Uniform	-0.0760437	-0.0759437
134	Uniform	0.0797257	0.0798257
-134	Uniform	-0.076335	-0.076235
135	Uniform	0.0800159	0.0801159
-135	Uniform	-0.0766252	-0.0765252
136	Uniform	0.080305	0.080405
-136	Uniform	-0.0769144	-0.0768144
137	Uniform	0.0805931	0.0806931
-137	Uniform	-0.0772025	-0.0771025
138	Uniform	0.0808801	0.0809801
-138	Uniform	-0.0774895	-0.0773895
139	Uniform	0.0811661	0.0812661
-139	Uniform	-0.0777755	-0.0776755
140	Uniform	0.0814511	0.0815511
-140	Uniform	-0.0780604	-0.0779604
141	Uniform	0.081735	0.081835
-141	Uniform	-0.0783443	-0.0782443
142	Uniform	0.0820179	0.0821179
-142	Uniform	-0.0786273	-0.0785273
143	Uniform	0.0822998	0.0823998
-143	Uniform	-0.0789092	-0.0788092
144	Uniform	0.0825808	0.0826808
-144	Uniform	-0.0791901	-0.0790901
145	Uniform	0.0828607	0.0829607
-145	Uniform	-0.0794701	-0.0793701
146	Uniform	0.0831397	0.0832397
-146	Uniform	-0.0797491	-0.0796491
147	Uniform	0.0834177	0.0835177
-147	Uniform	-0.0800271	-0.0799271
148	Uniform	0.0836948	0.0837948
-148	Uniform	-0.0803042	-0.0802042
149	Uniform	0.083971	0.084071
-149	Uniform	-0.0805803	-0.0804803
150	Uniform	0.0842462	0.0843462
-150	Uniform	-0.0808555	-0.0807555
151	Uniform	0.0845205	0.0846205
-151	Uniform	-0.0811298	-0.0810298
152	Uniform	0.0847939	0.0848939
-152	Uniform	-0.0814032	-0.0813032
153	Uniform	0.0850663	0.0851663
-153	Uniform	-0.0816757	-0.0815757
154	Uniform	0.0853379	0.0854379
-154	Uniform	-0.0819473	-0.0818473
155	Uniform	0.0856086	0.0857086
-155	Uniform	-0.082218	-0.082118
156	Uniform	0.0858785	0.0859785
-156	Uniform	-0.0824878	-0.0823878
157	Uniform	0.0861474	0.0862474
-157	Uniform	-0.0827568	-0.0826568
158	Uniform	0.0864155	0.0865155
-158	Uniform	-0.0830249	-0.0829249
159	Uniform	0.0866828	0.0867828
-159	Uniform	-0.0832921	-0.0831921
160	Uniform	0.0869492	0.0870492
-160	Uniform	-0.0835585	-0.0834585
161	Uniform	0.0872148	0.0873148
-161	Uniform	-0.0838241	-0.0837241
162	Uniform	0.0874795	0.0875795
-162	Uniform	-0.0840888	-0.0839888
163	Uniform	0.0877434	0.0878434
-163	Uniform	-0.0843528	-0.0842528
164	Uniform	0.0880065	0.0881065
-164	Uniform	-0.0846159	-0.0845159
165	Uniform	0.0882688	0.0883688
-165	Uniform	-0.0848782	-0.0847782
166	Uniform	0.0885303	0.0886303
-166	Uniform	-0.0851397	-0.0850397
167	Uniform	0.0887911	0.0888911
-167	Uniform	-0.0854004	-0.0853004
168	Uniform	0.089051	0.089151
-168	Uniform	-0.0856603	-0.0855603
