1	Uniform	0.00720919	0.00726919
-1	Uniform	-0.00726919	-0.00720919
2	Uniform	0.0102077	0.0102677
-2	Uniform	-0.0102677	-0.0102077
3	Uniform	0.0125085	0.0125685
-3	Uniform	-0.0125685	-0.0125085
4	Uniform	0.0144481	0.0145081
-4	Uniform	-0.0145081	-0.0144481
5	Uniform	0.0161569	0.0162169
-5	Uniform	-0.0162169	-0.0161569
6	Uniform	0.0177018	0.0177618
-6	Uniform	-0.0177618	-0.0177018
7	Uniform	0.0191224	0.0191824
-7	Uniform	-0.0191824	-0.0191224
8	Uniform	0.0204447	0.0205047
-8	Uniform	-0.0205047	-0.0204447
9	Uniform	0.0216866	0.0217466
-9	Uniform	-0.0217466	-0.0216866
10	Uniform	0.0228611	0.0229211
-10	Uniform	-0.0229211	-0.0228611
11	Uniform	0.0239783	0.0240383
-11	Uniform	-0.0240383	-0.0239783
12	Uniform	0.0250457	0.0251057
-12	Uniform	-0.0251057	-0.0250457
13	Uniform	0.0260694	0.0261294
-13	Uniform	-0.0261294	-0.0260694
14	Uniform	0.0270545	0.0271145
-14	Uniform	-0.0271145	-0.0270545
15	Uniform	0.028005	0.028065
-15	Uniform	-0.028065	-0.028005
16	Uniform	0.0289242	0.0289842
-16	Uniform	-0.0289842	-0.0289242
17	Uniform	0.0298152	0.0298752
-17	Uniform	-0.0298752	-0.0298152
18	Uniform	0.0306802	0.0307402
-18	Uniform	-0.0307402	-0.0306802
19	Uniform	0.0315216	0.0315816
-19	Uniform	-0.0315816	-0.0315216
20	Uniform	0.0323411	0.0324011
-20	Uniform	-0.0324011	-0.0323411
21	Uniform	0.0331403	0.0332003
-21	Uniform	-0.0332003	-0.0331403
22	Uniform	0.0339207	0.0339807
-22	Uniform	-0.0339807	-0.0339207
23	Uniform	0.0346835	0.0347435
-23	Uniform	-0.0347435	-0.0346835
24	Uniform	0.0354299	0.0354899
-24	Uniform	-0.0354899	-0.0354299
25	Uniform	0.0361609	0.0362209
-25	Uniform	-0.0362209	-0.0361609
26	Uniform	0.0368774	0.0369374
-26	Uniform	-0.0369374	-0.0368774
27	Uniform	0.0375802	0.0376402
-27	Uniform	-0.0376402	-0.0375802
28	Uniform	0.0382702	0.0383302
-28	Uniform	-0.0383302	-0.0382702
29	Uniform	0.0389479	0.0390079
-29	Uniform	-0.0390079	-0.0389479
30	Uniform	0.039614	0.039674
-30	Uniform	-0.039674	-0.039614
31	Uniform	0.0402691	0.0403291
-31	Uniform	-0.0403291	-0.0402691
32	Uniform	0.0409136	0.0409736
-32	Uniform	-0.0409736	-0.0409136
33	Uniform	0.0415482	0.0416082
-33	Uniform	-0.0416082	-0.0415482
34	Uniform	0.0421733	0.0422333
-34	Uniform	-0.0422333	-0.0421733
35	Uniform	0.0427891	0.0428491
-35	Uniform	-0.0428491	-0.0427891
36	Uniform	0.0433963	0.0434563
-36	Uniform	-0.0434563	-0.0433963
37	Uniform	0.043995	0.044055
-37	Uniform	-0.044055	-0.043995
38	Uniform	0.0445857	0.0446457
-38	Uniform	-0.0446457	-0.0445857
39	Uniform	0.0451687	0.0452287
-39	Uniform	-0.0452287	-0.0451687
40	Uniform	0.0457443	0.0458043
-40	Uniform	-0.0458043	-0.0457443
41	Uniform	0.0463126	0.0463726
-41	Uniform	-0.0463726	-0.0463126
42	Uniform	0.0468741	0.0469341
-42	Uniform	-0.0469341	-0.0468741
43	Uniform	0.0474289	0.0474889
-43	Uniform	-0.0474889	-0.0474289
44	Uniform	0.0479773	0.0480373
-44	Uniform	-0.0480373	-0.0479773
45	Uniform	0.0485195	0.0485795
-45	Uniform	-0.0485795	-0.0485195
46	Uniform	0.0490557	0.0491157
-46	Uniform	-0.0491157	-0.0490557
47	Uniform	0.0495861	0.0496461
-47	Uniform	-0.0496461	-0.0495861
48	Uniform	0.0501108	0.0501708
-48	Uniform	-0.0501708	-0.0501108
49	Uniform	0.0506302	0.0506902
-49	Uniform	-0.0506902	-0.0506302
50	Uniform	0.0511442	0.0512042
-50	Uniform	-0.0512042	-0.0511442
51	Uniform	0.0516531	0.0517131
-51	Uniform	-0.0517131	-0.0516531
52	Uniform	0.052157	0.052217
-52	Uniform	-0.052217	-0.052157
53	Uniform	0.0526561	0.0527161
-53	Uniform	-0.0527161	-0.0526561
54	Uniform	0.0531505	0.0532105
-54	Uniform	-0.0532105	-0.0531505
55	Uniform	0.0536404	0.0537004
-55	Uniform	-0.0537004	-0.0536404
56	Uniform	0.0541258	0.0541858
-56	Uniform	-0.0541858	-0.0541258
57	Uniform	0.0546069	0.0546669
-57	Uniform	-0.0546669	-0.0546069
58	Uniform	0.0550837	0.0551437
-58	Uniform	-0.0551437	-0.0550837
59	Uniform	0.0555565	0.0556165
-59	Uniform	-0.0556165	-0.0555565
60	Uniform	0.0560253	0.0560853
-60	Uniform	-0.0560853	-0.0560253
61	Uniform	0.0564901	0.0565501
-61	Uniform	-0.0565501	-0.0564901
62	Uniform	0.0569512	0.0570112
-62	Uniform	-0.0570112	-0.0569512
63	Uniform	0.0574085	0.0574685
-63	Uniform	-0.0574685	-0.0574085
64	Uniform	0.0578623	0.0579223
-64	Uniform	-0.0579223	-0.0578623
65	Uniform	0.0583125	0.0583725
-65	Uniform	-0.0583725	-0.0583125
66	Uniform	0.0587592	0.0588192
-66	Uniform	-0.0588192	-0.0587592
67	Uniform	0.0592025	0.0592625
-67	Uniform	-0.0592625	-0.0592025
68	Uniform	0.0596426	0.0597026
-68	Uniform	-0.0597026	-0.0596426
69	Uniform	0.0600794	0.0601394
-69	Uniform	-0.0601394	-0.0600794
70	Uniform	0.0605131	0.0605731
-70	Uniform	-0.0605731	-0.0605131
71	Uniform	0.0609436	0.0610036
-71	Uniform	-0.0610036	-0.0609436
72	Uniform	0.0613712	0.0614312
-72	Uniform	-0.0614312	-0.0613712
73	Uniform	0.0617957	0.0618557
-73	Uniform	-0.0618557	-0.0617957
74	Uniform	0.0622174	0.0622774
-74	Uniform	-0.0622774	-0.0622174
75	Uniform	0.0626362	0.0626962
-75	Uniform	-0.0626962	-0.0626362
76	Uniform	0.0630522	0.0631122
-76	Uniform	-0.0631122	-0.0630522
77	Uniform	0.0634655	0.0635255
-77	Uniform	-0.0635255	-0.0634655
78	Uniform	0.0638761	0.0639361
-78	Uniform	-0.0639361	-0.0638761
79	Uniform	0.0642841	0.0643441
-79	Uniform	-0.0643441	-0.0642841
80	Uniform	0.0646895	0.0647495
-80	Uniform	-0.0647495	-0.0646895
81	Uniform	0.0650924	0.0651524
-81	Uniform	-0.0651524	-0.0650924
82	Uniform	0.0654927	0.0655527
-82	Uniform	-0.0655527	-0.0654927
83	Uniform	0.0658907	0.0659507
-83	Uniform	-0.0659507	-0.0658907
84	Uniform	0.0662862	0.0663462
-84	Uniform	-0.0663462	-0.0662862
85	Uniform	0.0666794	0.0667394
-85	Uniform	-0.0667394	-0.0666794
