b2a2s_gamma
2.6306e-05
2.69263e-05
2.75032e-21
1.68025e-19
2.84152e-16
7.47663e-15
5.2096e-12
7.49343e-10
1.83549e-08
2.07466e-07
3.04058e-06
3.25733e-05
0.000282644
0.00182344
0.0133901
0.133577
1.2184
44.7376
1739.01
18174.3
88833.9
268792
695916
1.56629e+06
3.16802e+06
5.4449e+06
8.00701e+06
1.04933e+07
1.07059e+07
9.74781e+06
8.0769e+06
6.24471e+06
4.04474e+06
2.28734e+06
1.09745e+06
430376
125064
29364.5
6597.14
1159.9
173.27
8.70536
0.574546
0.000115191
3.97786e-06
1.70983e-07
2.30673e-09
