aq/ba1a1_gamma
2.662e-05
2.72338e-05
2.3392e-14
1.81878e-13
1.36737e-12
9.0669e-12
6.62539e-11
3.5716e-10
2.58367e-09
1.27489e-08
6.63908e-08
3.72599e-07
1.67227e-06
9.35431e-06
4.0703e-05
0.000158293
0.000718986
0.00272794
0.0109776
0.034931
0.124717
0.419648
1.27128
3.64877
10.8712
31.3848
86.8142
216.248
577.069
1355.6
3002.63
6933.17
14400.3
28303.6
53412.7
94596.8
167571
301703
462895
703212
1.16799e+06
1.72988e+06
2.4258e+06
3.30202e+06
4.16043e+06
5.54501e+06
6.91407e+06
8.42559e+06
9.37237e+06
1.16698e+07
1.19074e+07
1.18679e+07
1.27139e+07
1.21998e+07
1.17908e+07
1.04706e+07
8.7398e+06
7.32605e+06
5.89847e+06
4.27083e+06
3.11922e+06
2.13302e+06
1.45657e+06
978411
609403
392913
213136
131226
70998
38621.6
19791.9
10162.7
4914.72
2255.74
1133.69
454.71
192.025
77.12
29.0115
11.1541
4.01859
1.40614
0.445089
0.144761
0.044233
0.0133631
0.00339811
0.000959409
0.00023836
6.07425e-05
1.45714e-05
3.17956e-06
6.79612e-07
1.48952e-07
2.86452e-08
5.5059e-09
9.65642e-10
1.75942e-10
2.80369e-11
4.86644e-12
6.57311e-13
1.0125e-13
