#theta_0	N_0	probability

-0.00196	0.01	0
-0.00188	0.01	0
-0.0018	0.01	0
-0.00172	0.01	0
-0.00164	0.01	0
-0.00156	0.01	0
-0.00148	0.01	0
-0.0014	0.01	0
-0.00132	0.01	0
-0.00124	0.01	0
-0.00116	0.01	0
-0.00108	0.01	0
-0.001	0.01	0
-0.00092	0.01	0
-0.00084	0.01	0
-0.00076	0.01	0
-0.00068	0.01	0
-0.0006	0.01	0
-0.00052	0.01	0
-0.00044	0.01	0
-0.00036	0.01	0
-0.00028	0.01	0
-0.0002	0.01	2.05215e-276
-0.00012	0.01	1.94439e-202
-4e-05	0.01	1.44301e-148
4e-05	0.01	1.16839e-105
0.00012	0.01	2.57141e-74
0.0002	0.01	6.53014e-51
0.00028	0.01	6.15688e-37
0.00036	0.01	4.47327e-26
0.00044	0.01	1.78063e-12
0.00052	0.01	0.00911086
0.0006	0.01	2481.79
0.00068	0.01	593633
0.00076	0.01	51.1472
0.00084	0.01	0.000137046
0.00092	0.01	1.21749e-16
0.001	0.01	1.9824e-32
0.00108	0.01	1.41676e-52
0.00116	0.01	9.188e-77
0.00124	0.01	4.83906e-106
0.00132	0.01	1.08724e-140
0.0014	0.01	1.33664e-171
0.00148	0.01	1.50147e-210
0.00156	0.01	9.80721e-262
0.00164	0.01	2.95402e-320
0.00172	0.01	0
0.0018	0.01	0
0.00188	0.01	0
0.00196	0.01	0
-0.00196	0.03	0
-0.00188	0.03	0
-0.0018	0.03	0
-0.00172	0.03	0
-0.00164	0.03	0
-0.00156	0.03	0
-0.00148	0.03	0
-0.0014	0.03	0
-0.00132	0.03	0
-0.00124	0.03	0
-0.00116	0.03	0
-0.00108	0.03	0
-0.001	0.03	0
-0.00092	0.03	0
-0.00084	0.03	0
-0.00076	0.03	0
-0.00068	0.03	0
-0.0006	0.03	0
-0.00052	0.03	0
-0.00044	0.03	0
-0.00036	0.03	0
-0.00028	0.03	0
-0.0002	0.03	1.56738e-278
-0.00012	0.03	6.22055e-206
-4e-05	0.03	1.13512e-149
4e-05	0.03	1.47099e-104
0.00012	0.03	3.23287e-73
0.0002	0.03	2.62145e-50
0.00028	0.03	4.65217e-36
0.00036	0.03	4.78188e-27
0.00044	0.03	5.18602e-15
0.00052	0.03	0.0143343
0.0006	0.03	18.117
0.00068	0.03	28671.7
0.00076	0.03	1.2338
0.00084	0.03	3.85388e-06
0.00092	0.03	2.61577e-19
0.001	0.03	2.97583e-34
0.00108	0.03	9.57815e-56
0.00116	0.03	3.27716e-79
0.00124	0.03	2.37093e-111
0.00132	0.03	8.03544e-145
0.0014	0.03	6.92485e-174
0.00148	0.03	1.05667e-209
0.00156	0.03	2.34502e-262
0.00164	0.03	0
0.00172	0.03	0
0.0018	0.03	0
0.00188	0.03	0
0.00196	0.03	0
-0.00196	0.05	0
-0.00188	0.05	0
-0.0018	0.05	0
-0.00172	0.05	0
-0.00164	0.05	0
-0.00156	0.05	0
-0.00148	0.05	0
-0.0014	0.05	0
-0.00132	0.05	0
-0.00124	0.05	0
-0.00116	0.05	0
-0.00108	0.05	0
-0.001	0.05	0
-0.00092	0.05	0
-0.00084	0.05	0
-0.00076	0.05	0
-0.00068	0.05	0
-0.0006	0.05	0
-0.00052	0.05	0
-0.00044	0.05	0
-0.00036	0.05	0
-0.00028	0.05	0
-0.0002	0.05	4.46692e-263
-0.00012	0.05	3.51663e-196
-4e-05	0.05	6.29073e-141
4e-05	0.05	9.24695e-98
0.00012	0.05	4.4462e-69
0.0002	0.05	2.33569e-50
0.00028	0.05	9.59733e-35
0.00036	0.05	1.08789e-28
0.00044	0.05	4.06208e-16
0.00052	0.05	6.08974e-05
0.0006	0.05	0.182387
0.00068	0.05	142.354
0.00076	0.05	0.00600645
0.00084	0.05	3.55598e-09
0.00092	0.05	6.07572e-23
0.001	0.05	3.83436e-36
0.00108	0.05	7.1308e-60
0.00116	0.05	6.84009e-84
0.00124	0.05	2.07801e-114
0.00132	0.05	1.92003e-147
0.0014	0.05	6.57986e-177
0.00148	0.05	8.41816e-215
0.00156	0.05	2.61249e-264
0.00164	0.05	0
0.00172	0.05	0
0.0018	0.05	0
0.00188	0.05	0
0.00196	0.05	0
-0.00196	0.07	0
-0.00188	0.07	0
-0.0018	0.07	0
-0.00172	0.07	0
-0.00164	0.07	0
-0.00156	0.07	0
-0.00148	0.07	0
-0.0014	0.07	0
-0.00132	0.07	0
-0.00124	0.07	0
-0.00116	0.07	0
-0.00108	0.07	0
-0.001	0.07	0
-0.00092	0.07	0
-0.00084	0.07	0
-0.00076	0.07	0
-0.00068	0.07	0
-0.0006	0.07	0
-0.00052	0.07	0
-0.00044	0.07	0
-0.00036	0.07	0
-0.00028	0.07	0
-0.0002	0.07	1.67591e-261
-0.00012	0.07	1.94455e-194
-4e-05	0.07	1.3766e-141
4e-05	0.07	7.60779e-99
0.00012	0.07	1.03685e-68
0.0002	0.07	1.37488e-48
0.00028	0.07	4.96266e-34
0.00036	0.07	4.77918e-27
0.00044	0.07	1.45917e-16
0.00052	0.07	5.62214e-07
0.0006	0.07	0.0385407
0.00068	0.07	0.480881
0.00076	0.07	0.000136343
0.00084	0.07	2.38626e-12
0.00092	0.07	7.00914e-24
0.001	0.07	1.34545e-40
0.00108	0.07	1.9572e-61
0.00116	0.07	6.22826e-88
0.00124	0.07	2.54542e-116
0.00132	0.07	2.33991e-149
0.0014	0.07	6.52253e-180
0.00148	0.07	1.69719e-220
0.00156	0.07	1.43028e-268
0.00164	0.07	0
0.00172	0.07	0
0.0018	0.07	0
0.00188	0.07	0
0.00196	0.07	0
-0.00196	0.09	0
-0.00188	0.09	0
-0.0018	0.09	0
-0.00172	0.09	0
-0.00164	0.09	0
-0.00156	0.09	0
-0.00148	0.09	0
-0.0014	0.09	0
-0.00132	0.09	0
-0.00124	0.09	0
-0.00116	0.09	0
-0.00108	0.09	0
-0.001	0.09	0
-0.00092	0.09	0
-0.00084	0.09	0
-0.00076	0.09	0
-0.00068	0.09	0
-0.0006	0.09	0
-0.00052	0.09	0
-0.00044	0.09	0
-0.00036	0.09	0
-0.00028	0.09	0
-0.0002	0.09	4.85285e-263
-0.00012	0.09	2.65965e-194
-4e-05	0.09	3.91478e-142
4e-05	0.09	3.28606e-99
0.00012	0.09	7.76411e-68
0.0002	0.09	5.28745e-48
0.00028	0.09	6.15826e-33
0.00036	0.09	2.70659e-25
0.00044	0.09	2.40769e-17
0.00052	0.09	8.37609e-08
0.0006	0.09	0.0216832
0.00068	0.09	0.00339707
0.00076	0.09	5.69791e-06
0.00084	0.09	3.05417e-14
0.00092	0.09	5.27391e-26
0.001	0.09	9.13035e-44
0.00108	0.09	5.02868e-63
0.00116	0.09	1.23269e-89
0.00124	0.09	8.2879e-118
0.00132	0.09	2.22727e-152
0.0014	0.09	7.26119e-185
0.00148	0.09	9.42287e-223
0.00156	0.09	3.69793e-277
0.00164	0.09	0
0.00172	0.09	0
0.0018	0.09	0
0.00188	0.09	0
0.00196	0.09	0
-0.00196	0.11	0
-0.00188	0.11	0
-0.0018	0.11	0
-0.00172	0.11	0
-0.00164	0.11	0
-0.00156	0.11	0
-0.00148	0.11	0
-0.0014	0.11	0
-0.00132	0.11	0
-0.00124	0.11	0
-0.00116	0.11	0
-0.00108	0.11	0
-0.001	0.11	0
-0.00092	0.11	0
-0.00084	0.11	0
-0.00076	0.11	0
-0.00068	0.11	0
-0.0006	0.11	0
-0.00052	0.11	0
-0.00044	0.11	0
-0.00036	0.11	0
-0.00028	0.11	0
-0.0002	0.11	6.83845e-269
-0.00012	0.11	3.10053e-195
-4e-05	0.11	1.57704e-143
4e-05	0.11	1.93457e-99
0.00012	0.11	1.48586e-68
0.0002	0.11	5.43748e-47
0.00028	0.11	4.97057e-33
0.00036	0.11	4.92401e-24
0.00044	0.11	1.81252e-17
0.00052	0.11	4.47427e-10
0.0006	0.11	0.00173778
0.00068	0.11	3.62989e-05
0.00076	0.11	1.94214e-07
0.00084	0.11	1.48426e-16
0.00092	0.11	1.38047e-27
0.001	0.11	9.14496e-46
0.00108	0.11	4.3437e-65
0.00116	0.11	5.76556e-92
0.00124	0.11	1.31799e-121
0.00132	0.11	3.57454e-155
0.0014	0.11	1.14554e-186
0.00148	0.11	3.56498e-228
0.00156	0.11	3.44993e-280
0.00164	0.11	0
0.00172	0.11	0
0.0018	0.11	0
0.00188	0.11	0
0.00196	0.11	0
-0.00196	0.13	0
-0.00188	0.13	0
-0.0018	0.13	0
-0.00172	0.13	0
-0.00164	0.13	0
-0.00156	0.13	0
-0.00148	0.13	0
-0.0014	0.13	0
-0.00132	0.13	0
-0.00124	0.13	0
-0.00116	0.13	0
-0.00108	0.13	0
-0.001	0.13	0
-0.00092	0.13	0
-0.00084	0.13	0
-0.00076	0.13	0
-0.00068	0.13	0
-0.0006	0.13	0
-0.00052	0.13	0
-0.00044	0.13	0
-0.00036	0.13	0
-0.00028	0.13	0
-0.0002	0.13	4.23992e-269
-0.00012	0.13	4.73712e-196
-4e-05	0.13	2.29137e-143
4e-05	0.13	9.78259e-100
0.00012	0.13	2.14889e-68
0.0002	0.13	4.15552e-47
0.00028	0.13	5.57076e-32
0.00036	0.13	9.5195e-24
0.00044	0.13	5.38997e-19
0.00052	0.13	1.65311e-11
0.0006	0.13	1.25763e-05
0.00068	0.13	6.06568e-06
0.00076	0.13	3.11247e-09
0.00084	0.13	3.1007e-18
0.00092	0.13	6.78057e-30
0.001	0.13	2.62738e-47
0.00108	0.13	3.8491e-68
0.00116	0.13	2.86073e-95
0.00124	0.13	1.88536e-125
0.00132	0.13	6.05712e-157
0.0014	0.13	5.23532e-191
0.00148	0.13	1.23473e-234
0.00156	0.13	2.63699e-288
0.00164	0.13	0
0.00172	0.13	0
0.0018	0.13	0
0.00188	0.13	0
0.00196	0.13	0
-0.00196	0.15	0
-0.00188	0.15	0
-0.0018	0.15	0
-0.00172	0.15	0
-0.00164	0.15	0
-0.00156	0.15	0
-0.00148	0.15	0
-0.0014	0.15	0
-0.00132	0.15	0
-0.00124	0.15	0
-0.00116	0.15	0
-0.00108	0.15	0
-0.001	0.15	0
-0.00092	0.15	0
-0.00084	0.15	0
-0.00076	0.15	0
-0.00068	0.15	0
-0.0006	0.15	0
-0.00052	0.15	0
-0.00044	0.15	0
-0.00036	0.15	0
-0.00028	0.15	0
-0.0002	0.15	6.52359e-270
-0.00012	0.15	1.26124e-200
-4e-05	0.15	2.36574e-144
4e-05	0.15	2.22973e-101
0.00012	0.15	5.12947e-68
0.0002	0.15	1.32348e-46
0.00028	0.15	7.13239e-32
0.00036	0.15	3.90953e-23
0.00044	0.15	1.58982e-21
0.00052	0.15	3.0155e-12
0.0006	0.15	6.56141e-08
0.00068	0.15	2.35393e-07
0.00076	0.15	2.12417e-11
0.00084	0.15	4.79952e-20
0.00092	0.15	1.29686e-32
0.001	0.15	9.40645e-50
0.00108	0.15	8.09421e-71
0.00116	0.15	1.98617e-97
0.00124	0.15	7.99368e-131
0.00132	0.15	7.48777e-163
0.0014	0.15	1.43038e-193
0.00148	0.15	7.92313e-239
0.00156	0.15	7.74447e-297
0.00164	0.15	0
0.00172	0.15	0
0.0018	0.15	0
0.00188	0.15	0
0.00196	0.15	0
-0.00196	0.17	0
-0.00188	0.17	0
-0.0018	0.17	0
-0.00172	0.17	0
-0.00164	0.17	0
-0.00156	0.17	0
-0.00148	0.17	0
-0.0014	0.17	0
-0.00132	0.17	0
-0.00124	0.17	0
-0.00116	0.17	0
-0.00108	0.17	0
-0.001	0.17	0
-0.00092	0.17	0
-0.00084	0.17	0
-0.00076	0.17	0
-0.00068	0.17	0
-0.0006	0.17	0
-0.00052	0.17	0
-0.00044	0.17	0
-0.00036	0.17	0
-0.00028	0.17	0
-0.0002	0.17	0
-0.00012	0.17	2.66185e-198
-4e-05	0.17	8.84581e-145
4e-05	0.17	2.28761e-101
0.00012	0.17	2.76701e-69
0.0002	0.17	3.10284e-46
0.00028	0.17	3.46694e-32
0.00036	0.17	2.41132e-22
0.00044	0.17	3.59331e-22
0.00052	0.17	1.37432e-14
0.0006	0.17	5.13472e-10
0.00068	0.17	7.65412e-09
0.00076	0.17	1.39926e-13
0.00084	0.17	3.56343e-22
0.00092	0.17	2.00819e-35
0.001	0.17	4.14552e-53
0.00108	0.17	1.73069e-74
0.00116	0.17	2.9185e-103
0.00124	0.17	1.08767e-134
0.00132	0.17	5.48414e-164
0.0014	0.17	3.78382e-200
0.00148	0.17	5.11063e-243
0.00156	0.17	9.6585e-303
0.00164	0.17	0
0.00172	0.17	0
0.0018	0.17	0
0.00188	0.17	0
0.00196	0.17	0
-0.00196	0.19	0
-0.00188	0.19	0
-0.0018	0.19	0
-0.00172	0.19	0
-0.00164	0.19	0
-0.00156	0.19	0
-0.00148	0.19	0
-0.0014	0.19	0
-0.00132	0.19	0
-0.00124	0.19	0
-0.00116	0.19	0
-0.00108	0.19	0
-0.001	0.19	0
-0.00092	0.19	0
-0.00084	0.19	0
-0.00076	0.19	0
-0.00068	0.19	0
-0.0006	0.19	0
-0.00052	0.19	0
-0.00044	0.19	0
-0.00036	0.19	0
-0.00028	0.19	0
-0.0002	0.19	0
-0.00012	0.19	3.87098e-202
-4e-05	0.19	3.40133e-146
4e-05	0.19	7.18126e-103
0.00012	0.19	4.73113e-70
0.0002	0.19	5.03136e-46
0.00028	0.19	4.13866e-32
0.00036	0.19	3.93874e-22
0.00044	0.19	4.36734e-21
0.00052	0.19	5.05782e-16
0.0006	0.19	4.58191e-12
0.00068	0.19	1.5464e-11
0.00076	0.19	6.41634e-16
0.00084	0.19	1.74182e-24
0.00092	0.19	7.00006e-38
0.001	0.19	7.61235e-56
0.00108	0.19	1.31995e-78
0.00116	0.19	6.84386e-107
0.00124	0.19	1.22738e-136
0.00132	0.19	2.3693e-166
0.0014	0.19	1.17435e-204
0.00148	0.19	1.69971e-248
0.00156	0.19	3.14733e-310
0.00164	0.19	0
0.00172	0.19	0
0.0018	0.19	0
0.00188	0.19	0
0.00196	0.19	0
-0.00196	0.21	0
-0.00188	0.21	0
-0.0018	0.21	0
-0.00172	0.21	0
-0.00164	0.21	0
-0.00156	0.21	0
-0.00148	0.21	0
-0.0014	0.21	0
-0.00132	0.21	0
-0.00124	0.21	0
-0.00116	0.21	0
-0.00108	0.21	0
-0.001	0.21	0
-0.00092	0.21	0
-0.00084	0.21	0
-0.00076	0.21	0
-0.00068	0.21	0
-0.0006	0.21	0
-0.00052	0.21	0
-0.00044	0.21	0
-0.00036	0.21	0
-0.00028	0.21	0
-0.0002	0.21	0
-0.00012	0.21	2.08684e-211
-4e-05	0.21	4.19367e-146
4e-05	0.21	2.70809e-103
0.00012	0.21	1.60384e-70
0.0002	0.21	3.59001e-47
0.00028	0.21	2.26878e-32
0.00036	0.21	2.93919e-22
0.00044	0.21	3.5873e-20
0.00052	0.21	4.90666e-17
0.0006	0.21	3.4731e-14
0.00068	0.21	8.66983e-14
0.00076	0.21	1.13746e-18
0.00084	0.21	3.09295e-27
0.00092	0.21	7.45168e-41
0.001	0.21	5.41662e-59
0.00108	0.21	8.80896e-82
0.00116	0.21	1.28793e-110
0.00124	0.21	7.39596e-143
0.00132	0.21	1.60113e-169
0.0014	0.21	2.97738e-208
0.00148	0.21	9.94571e-259
0.00156	0.21	8.7681e-317
0.00164	0.21	0
0.00172	0.21	0
0.0018	0.21	0
0.00188	0.21	0
0.00196	0.21	0
-0.00196	0.23	0
-0.00188	0.23	0
-0.0018	0.23	0
-0.00172	0.23	0
-0.00164	0.23	0
-0.00156	0.23	0
-0.00148	0.23	0
-0.0014	0.23	0
-0.00132	0.23	0
-0.00124	0.23	0
-0.00116	0.23	0
-0.00108	0.23	0
-0.001	0.23	0
-0.00092	0.23	0
-0.00084	0.23	0
-0.00076	0.23	0
-0.00068	0.23	0
-0.0006	0.23	0
-0.00052	0.23	0
-0.00044	0.23	0
-0.00036	0.23	0
-0.00028	0.23	0
-0.0002	0.23	0
-0.00012	0.23	2.44963e-215
-4e-05	0.23	1.28594e-151
4e-05	0.23	2.62657e-103
0.00012	0.23	7.47863e-71
0.0002	0.23	4.33176e-46
0.00028	0.23	5.42307e-31
0.00036	0.23	3.4722e-22
0.00044	0.23	7.62588e-20
0.00052	0.23	4.44155e-19
0.0006	0.23	2.28846e-16
0.00068	0.23	4.07426e-15
0.00076	0.23	4.60614e-21
0.00084	0.23	1.27448e-29
0.00092	0.23	2.82783e-44
0.001	0.23	1.91438e-62
0.00108	0.23	1.80169e-85
0.00116	0.23	2.01286e-114
0.00124	0.23	5.15226e-147
0.00132	0.23	3.37453e-175
0.0014	0.23	4.41512e-212
0.00148	0.23	1.07774e-264
0.00156	0.23	1.28457e-322
0.00164	0.23	0
0.00172	0.23	0
0.0018	0.23	0
0.00188	0.23	0
0.00196	0.23	0
-0.00196	0.25	0
-0.00188	0.25	0
-0.0018	0.25	0
-0.00172	0.25	0
-0.00164	0.25	0
-0.00156	0.25	0
-0.00148	0.25	0
-0.0014	0.25	0
-0.00132	0.25	0
-0.00124	0.25	0
-0.00116	0.25	0
-0.00108	0.25	0
-0.001	0.25	0
-0.00092	0.25	0
-0.00084	0.25	0
-0.00076	0.25	0
-0.00068	0.25	0
-0.0006	0.25	0
-0.00052	0.25	0
-0.00044	0.25	0
-0.00036	0.25	0
-0.00028	0.25	0
-0.0002	0.25	0
-0.00012	0.25	1.81379e-220
-4e-05	0.25	1.27157e-154
4e-05	0.25	2.31143e-105
0.00012	0.25	1.13562e-70
0.0002	0.25	3.82414e-47
0.00028	0.25	6.99802e-29
0.00036	0.25	2.3376e-22
0.00044	0.25	8.82687e-20
0.00052	0.25	2.89865e-21
0.0006	0.25	2.44482e-18
0.00068	0.25	2.08854e-18
0.00076	0.25	7.99686e-24
0.00084	0.25	1.79385e-32
0.00092	0.25	4.87648e-47
0.001	0.25	4.55589e-64
0.00108	0.25	4.47526e-89
0.00116	0.25	2.63709e-117
0.00124	0.25	8.98185e-151
0.00132	0.25	8.12918e-180
0.0014	0.25	1.88471e-215
0.00148	0.25	3.24536e-268
0.00156	0.25	0
0.00164	0.25	0
0.00172	0.25	0
0.0018	0.25	0
0.00188	0.25	0
0.00196	0.25	0
-0.00196	0.27	0
-0.00188	0.27	0
-0.0018	0.27	0
-0.00172	0.27	0
-0.00164	0.27	0
-0.00156	0.27	0
-0.00148	0.27	0
-0.0014	0.27	0
-0.00132	0.27	0
-0.00124	0.27	0
-0.00116	0.27	0
-0.00108	0.27	0
-0.001	0.27	0
-0.00092	0.27	0
-0.00084	0.27	0
-0.00076	0.27	0
-0.00068	0.27	0
-0.0006	0.27	0
-0.00052	0.27	0
-0.00044	0.27	0
-0.00036	0.27	0
-0.00028	0.27	0
-0.0002	0.27	0
-0.00012	0.27	2.31867e-223
-4e-05	0.27	9.92613e-159
4e-05	0.27	1.43464e-110
0.00012	0.27	1.20901e-71
0.0002	0.27	2.45818e-47
0.00028	0.27	2.12763e-29
0.00036	0.27	3.93575e-21
0.00044	0.27	2.89246e-20
0.00052	0.27	1.1309e-23
0.0006	0.27	3.08266e-20
0.00068	0.27	4.26161e-21
0.00076	0.27	1.20068e-26
0.00084	0.27	1.75024e-35
0.00092	0.27	3.5354e-50
0.001	0.27	1.35263e-67
0.00108	0.27	1.71862e-93
0.00116	0.27	8.83132e-122
0.00124	0.27	7.20148e-153
0.00132	0.27	1.35255e-184
0.0014	0.27	8.37677e-222
0.00148	0.27	3.39624e-269
0.00156	0.27	0
0.00164	0.27	0
0.00172	0.27	0
0.0018	0.27	0
0.00188	0.27	0
0.00196	0.27	0
-0.00196	0.29	0
-0.00188	0.29	0
-0.0018	0.29	0
-0.00172	0.29	0
-0.00164	0.29	0
-0.00156	0.29	0
-0.00148	0.29	0
-0.0014	0.29	0
-0.00132	0.29	0
-0.00124	0.29	0
-0.00116	0.29	0
-0.00108	0.29	0
-0.001	0.29	0
-0.00092	0.29	0
-0.00084	0.29	0
-0.00076	0.29	0
-0.00068	0.29	0
-0.0006	0.29	0
-0.00052	0.29	0
-0.00044	0.29	0
-0.00036	0.29	0
-0.00028	0.29	0
-0.0002	0.29	0
-0.00012	0.29	1.28564e-228
-4e-05	0.29	1.23558e-162
4e-05	0.29	1.86045e-114
0.00012	0.29	1.98479e-73
0.0002	0.29	8.17554e-48
0.00028	0.29	1.14165e-30
0.00036	0.29	1.04993e-20
0.00044	0.29	1.24812e-20
0.00052	0.29	5.96432e-24
0.0006	0.29	7.61491e-23
0.00068	0.29	5.72619e-24
0.00076	0.29	2.59769e-29
0.00084	0.29	7.87399e-39
0.00092	0.29	1.15015e-53
0.001	0.29	1.40714e-72
0.00108	0.29	5.98858e-97
0.00116	0.29	2.28026e-126
0.00124	0.29	6.41562e-158
0.00132	0.29	3.67234e-189
0.0014	0.29	9.0864e-228
0.00148	0.29	1.43547e-278
0.00156	0.29	0
0.00164	0.29	0
0.00172	0.29	0
0.0018	0.29	0
0.00188	0.29	0
0.00196	0.29	0
-0.00196	0.31	0
-0.00188	0.31	0
-0.0018	0.31	0
-0.00172	0.31	0
-0.00164	0.31	0
-0.00156	0.31	0
-0.00148	0.31	0
-0.0014	0.31	0
-0.00132	0.31	0
-0.00124	0.31	0
-0.00116	0.31	0
-0.00108	0.31	0
-0.001	0.31	0
-0.00092	0.31	0
-0.00084	0.31	0
-0.00076	0.31	0
-0.00068	0.31	0
-0.0006	0.31	0
-0.00052	0.31	0
-0.00044	0.31	0
-0.00036	0.31	0
-0.00028	0.31	0
-0.0002	0.31	0
-0.00012	0.31	0
-4e-05	0.31	5.22803e-164
4e-05	0.31	5.65734e-116
0.00012	0.31	1.63991e-76
0.0002	0.31	5.93146e-49
0.00028	0.31	1.92895e-32
0.00036	0.31	5.17257e-21
0.00044	0.31	1.4036e-20
0.00052	0.31	4.40045e-25
0.0006	0.31	9.353e-26
0.00068	0.31	4.80698e-27
0.00076	0.31	9.52412e-32
0.00084	0.31	7.32441e-42
0.00092	0.31	1.5994e-56
0.001	0.31	4.11742e-76
0.00108	0.31	2.99321e-100
0.00116	0.31	8.77668e-131
0.00124	0.31	5.9656e-162
0.00132	0.31	4.47976e-194
0.0014	0.31	1.44062e-235
0.00148	0.31	2.16981e-286
0.00156	0.31	0
0.00164	0.31	0
0.00172	0.31	0
0.0018	0.31	0
0.00188	0.31	0
0.00196	0.31	0
-0.00196	0.33	0
-0.00188	0.33	0
-0.0018	0.33	0
-0.00172	0.33	0
-0.00164	0.33	0
-0.00156	0.33	0
-0.00148	0.33	0
-0.0014	0.33	0
-0.00132	0.33	0
-0.00124	0.33	0
-0.00116	0.33	0
-0.00108	0.33	0
-0.001	0.33	0
-0.00092	0.33	0
-0.00084	0.33	0
-0.00076	0.33	0
-0.00068	0.33	0
-0.0006	0.33	0
-0.00052	0.33	0
-0.00044	0.33	0
-0.00036	0.33	0
-0.00028	0.33	0
-0.0002	0.33	0
-0.00012	0.33	0
-4e-05	0.33	6.31731e-172
4e-05	0.33	1.39739e-119
0.00012	0.33	3.8507e-81
0.0002	0.33	1.17903e-50
0.00028	0.33	1.64775e-33
0.00036	0.33	1.91789e-23
0.00044	0.33	5.10161e-20
0.00052	0.33	5.98462e-25
0.0006	0.33	1.2149e-28
0.00068	0.33	7.1918e-30
0.00076	0.33	1.06325e-34
0.00084	0.33	5.8494e-46
0.00092	0.33	1.9109e-60
0.001	0.33	1.29714e-80
0.00108	0.33	1.97815e-105
0.00116	0.33	2.93279e-135
0.00124	0.33	1.00825e-165
0.00132	0.33	5.40853e-199
0.0014	0.33	3.64705e-242
0.00148	0.33	1.51316e-298
0.00156	0.33	0
0.00164	0.33	0
0.00172	0.33	0
0.0018	0.33	0
0.00188	0.33	0
0.00196	0.33	0
-0.00196	0.35	0
-0.00188	0.35	0
-0.0018	0.35	0
-0.00172	0.35	0
-0.00164	0.35	0
-0.00156	0.35	0
-0.00148	0.35	0
-0.0014	0.35	0
-0.00132	0.35	0
-0.00124	0.35	0
-0.00116	0.35	0
-0.00108	0.35	0
-0.001	0.35	0
-0.00092	0.35	0
-0.00084	0.35	0
-0.00076	0.35	0
-0.00068	0.35	0
-0.0006	0.35	0
-0.00052	0.35	0
-0.00044	0.35	0
-0.00036	0.35	0
-0.00028	0.35	0
-0.0002	0.35	0
-0.00012	0.35	0
-4e-05	0.35	1.17346e-175
4e-05	0.35	9.0779e-123
0.00012	0.35	4.00654e-84
0.0002	0.35	3.03665e-54
0.00028	0.35	1.16678e-34
0.00036	0.35	1.56996e-24
0.00044	0.35	3.2458e-21
0.00052	0.35	1.28217e-24
0.0006	0.35	2.1041e-31
0.00068	0.35	1.46616e-32
0.00076	0.35	1.0273e-38
0.00084	0.35	3.03877e-49
0.00092	0.35	1.68842e-64
0.001	0.35	3.23599e-84
0.00108	0.35	1.04988e-110
0.00116	0.35	1.91559e-141
0.00124	0.35	4.99821e-168
0.00132	0.35	6.63137e-205
0.0014	0.35	5.1727e-248
0.00148	0.35	1.33411e-306
0.00156	0.35	0
0.00164	0.35	0
0.00172	0.35	0
0.0018	0.35	0
0.00188	0.35	0
0.00196	0.35	0
-0.00196	0.37	0
-0.00188	0.37	0
-0.0018	0.37	0
-0.00172	0.37	0
-0.00164	0.37	0
-0.00156	0.37	0
-0.00148	0.37	0
-0.0014	0.37	0
-0.00132	0.37	0
-0.00124	0.37	0
-0.00116	0.37	0
-0.00108	0.37	0
-0.001	0.37	0
-0.00092	0.37	0
-0.00084	0.37	0
-0.00076	0.37	0
-0.00068	0.37	0
-0.0006	0.37	0
-0.00052	0.37	0
-0.00044	0.37	0
-0.00036	0.37	0
-0.00028	0.37	0
-0.0002	0.37	0
-0.00012	0.37	0
-4e-05	0.37	3.70352e-181
4e-05	0.37	4.62028e-128
0.00012	0.37	1.13941e-86
0.0002	0.37	3.49999e-56
0.00028	0.37	6.07311e-37
0.00036	0.37	4.78704e-26
0.00044	0.37	1.13981e-22
0.00052	0.37	4.25563e-25
0.0006	0.37	8.06848e-35
0.00068	0.37	8.85618e-36
0.00076	0.37	9.08113e-42
0.00084	0.37	1.19214e-52
0.00092	0.37	4.45025e-67
0.001	0.37	6.96289e-89
0.00108	0.37	7.09447e-115
0.00116	0.37	6.14038e-146
0.00124	0.37	8.75967e-174
0.00132	0.37	2.12664e-211
0.0014	0.37	2.96954e-257
0.00148	0.37	2.2434e-316
0.00156	0.37	0
0.00164	0.37	0
0.00172	0.37	0
0.0018	0.37	0
0.00188	0.37	0
0.00196	0.37	0
-0.00196	0.39	0
-0.00188	0.39	0
-0.0018	0.39	0
-0.00172	0.39	0
-0.00164	0.39	0
-0.00156	0.39	0
-0.00148	0.39	0
-0.0014	0.39	0
-0.00132	0.39	0
-0.00124	0.39	0
-0.00116	0.39	0
-0.00108	0.39	0
-0.001	0.39	0
-0.00092	0.39	0
-0.00084	0.39	0
-0.00076	0.39	0
-0.00068	0.39	0
-0.0006	0.39	0
-0.00052	0.39	0
-0.00044	0.39	0
-0.00036	0.39	0
-0.00028	0.39	0
-0.0002	0.39	0
-0.00012	0.39	0
-4e-05	0.39	3.27492e-181
4e-05	0.39	3.10261e-130
0.00012	0.39	2.20108e-90
0.0002	0.39	2.35168e-59
0.00028	0.39	1.2158e-38
0.00036	0.39	3.16018e-26
0.00044	0.39	2.45458e-22
0.00052	0.39	1.60624e-26
0.0006	0.39	4.07421e-36
0.00068	0.39	7.01871e-39
0.00076	0.39	2.27455e-46
0.00084	0.39	3.53709e-55
0.00092	0.39	1.27247e-72
0.001	0.39	7.69244e-93
0.00108	0.39	1.13093e-120
0.00116	0.39	1.1397e-149
0.00124	0.39	2.27107e-179
0.00132	0.39	1.34364e-216
0.0014	0.39	5.40451e-265
0.00148	0.39	1.09683e-321
0.00156	0.39	0
0.00164	0.39	0
0.00172	0.39	0
0.0018	0.39	0
0.00188	0.39	0
0.00196	0.39	0
-0.00196	0.41	0
-0.00188	0.41	0
-0.0018	0.41	0
-0.00172	0.41	0
-0.00164	0.41	0
-0.00156	0.41	0
-0.00148	0.41	0
-0.0014	0.41	0
-0.00132	0.41	0
-0.00124	0.41	0
-0.00116	0.41	0
-0.00108	0.41	0
-0.001	0.41	0
-0.00092	0.41	0
-0.00084	0.41	0
-0.00076	0.41	0
-0.00068	0.41	0
-0.0006	0.41	0
-0.00052	0.41	0
-0.00044	0.41	0
-0.00036	0.41	0
-0.00028	0.41	0
-0.0002	0.41	0
-0.00012	0.41	0
-4e-05	0.41	8.06658e-191
4e-05	0.41	9.81419e-134
0.00012	0.41	2.86922e-94
0.0002	0.41	5.4461e-62
0.00028	0.41	8.13038e-41
0.00036	0.41	1.38717e-27
0.00044	0.41	3.1675e-22
0.00052	0.41	1.13492e-26
0.0006	0.41	7.18502e-37
0.00068	0.41	4.77833e-42
0.00076	0.41	1.65452e-49
0.00084	0.41	5.61379e-59
0.00092	0.41	1.10308e-76
0.001	0.41	5.13753e-96
0.00108	0.41	2.05961e-125
0.00116	0.41	6.21346e-155
0.00124	0.41	7.87087e-182
0.00132	0.41	7.81745e-222
0.0014	0.41	6.45623e-272
0.00148	0.41	3.79936e-321
0.00156	0.41	0
0.00164	0.41	0
0.00172	0.41	0
0.0018	0.41	0
0.00188	0.41	0
0.00196	0.41	0
-0.00196	0.43	0
-0.00188	0.43	0
-0.0018	0.43	0
-0.00172	0.43	0
-0.00164	0.43	0
-0.00156	0.43	0
-0.00148	0.43	0
-0.0014	0.43	0
-0.00132	0.43	0
-0.00124	0.43	0
-0.00116	0.43	0
-0.00108	0.43	0
-0.001	0.43	0
-0.00092	0.43	0
-0.00084	0.43	0
-0.00076	0.43	0
-0.00068	0.43	0
-0.0006	0.43	0
-0.00052	0.43	0
-0.00044	0.43	0
-0.00036	0.43	0
-0.00028	0.43	0
-0.0002	0.43	0
-0.00012	0.43	0
-4e-05	0.43	3.07185e-194
4e-05	0.43	3.02039e-134
0.00012	0.43	6.05226e-95
0.0002	0.43	4.04785e-65
0.00028	0.43	6.9712e-43
0.00036	0.43	5.66495e-29
0.00044	0.43	2.45006e-23
0.00052	0.43	1.60596e-26
0.0006	0.43	4.97721e-37
0.00068	0.43	4.07573e-46
0.00076	0.43	8.12927e-53
0.00084	0.43	1.16076e-63
0.00092	0.43	5.40882e-80
0.001	0.43	2.97459e-102
0.00108	0.43	1.08754e-129
0.00116	0.43	3.00735e-159
0.00124	0.43	4.45234e-190
0.00132	0.43	2.58214e-229
0.0014	0.43	1.22873e-280
0.00148	0.43	0
0.00156	0.43	0
0.00164	0.43	0
0.00172	0.43	0
0.0018	0.43	0
0.00188	0.43	0
0.00196	0.43	0
-0.00196	0.45	0
-0.00188	0.45	0
-0.0018	0.45	0
-0.00172	0.45	0
-0.00164	0.45	0
-0.00156	0.45	0
-0.00148	0.45	0
-0.0014	0.45	0
-0.00132	0.45	0
-0.00124	0.45	0
-0.00116	0.45	0
-0.00108	0.45	0
-0.001	0.45	0
-0.00092	0.45	0
-0.00084	0.45	0
-0.00076	0.45	0
-0.00068	0.45	0
-0.0006	0.45	0
-0.00052	0.45	0
-0.00044	0.45	0
-0.00036	0.45	0
-0.00028	0.45	0
-0.0002	0.45	0
-0.00012	0.45	0
-4e-05	0.45	7.0137e-203
4e-05	0.45	2.23334e-141
0.00012	0.45	3.71407e-97
0.0002	0.45	3.88591e-67
0.00028	0.45	2.2317e-45
0.00036	0.45	1.68524e-30
0.00044	0.45	1.12652e-24
0.00052	0.45	1.09589e-27
0.0006	0.45	3.51041e-39
0.00068	0.45	5.99973e-50
0.00076	0.45	8.94747e-57
0.00084	0.45	2.84857e-69
0.00092	0.45	1.22231e-84
0.001	0.45	1.04445e-108
0.00108	0.45	1.77597e-136
0.00116	0.45	2.83613e-163
0.00124	0.45	6.95015e-194
0.00132	0.45	7.45784e-235
0.0014	0.45	3.04203e-292
0.00148	0.45	0
0.00156	0.45	0
0.00164	0.45	0
0.00172	0.45	0
0.0018	0.45	0
0.00188	0.45	0
0.00196	0.45	0
-0.00196	0.47	0
-0.00188	0.47	0
-0.0018	0.47	0
-0.00172	0.47	0
-0.00164	0.47	0
-0.00156	0.47	0
-0.00148	0.47	0
-0.0014	0.47	0
-0.00132	0.47	0
-0.00124	0.47	0
-0.00116	0.47	0
-0.00108	0.47	0
-0.001	0.47	0
-0.00092	0.47	0
-0.00084	0.47	0
-0.00076	0.47	0
-0.00068	0.47	0
-0.0006	0.47	0
-0.00052	0.47	0
-0.00044	0.47	0
-0.00036	0.47	0
-0.00028	0.47	0
-0.0002	0.47	0
-0.00012	0.47	0
-4e-05	0.47	0
4e-05	0.47	8.21445e-145
0.00012	0.47	3.18273e-102
0.0002	0.47	7.94534e-70
0.00028	0.47	5.62203e-48
0.00036	0.47	2.80497e-33
0.00044	0.47	3.9991e-26
0.00052	0.47	1.68564e-28
0.0006	0.47	6.60453e-40
0.00068	0.47	8.88361e-53
0.00076	0.47	4.00588e-61
0.00084	0.47	1.03108e-72
0.00092	0.47	1.12133e-90
0.001	0.47	8.47618e-115
0.00108	0.47	1.47083e-143
0.00116	0.47	1.11662e-167
0.00124	0.47	2.14178e-202
0.00132	0.47	6.0668e-247
0.0014	0.47	1.54686e-296
0.00148	0.47	2.95679e-319
0.00156	0.47	0
0.00164	0.47	0
0.00172	0.47	0
0.0018	0.47	0
0.00188	0.47	0
0.00196	0.47	0
-0.00196	0.49	0
-0.00188	0.49	0
-0.0018	0.49	0
-0.00172	0.49	0
-0.00164	0.49	0
-0.00156	0.49	0
-0.00148	0.49	0
-0.0014	0.49	0
-0.00132	0.49	0
-0.00124	0.49	0
-0.00116	0.49	0
-0.00108	0.49	0
-0.001	0.49	0
-0.00092	0.49	0
-0.00084	0.49	0
-0.00076	0.49	0
-0.00068	0.49	0
-0.0006	0.49	0
-0.00052	0.49	0
-0.00044	0.49	0
-0.00036	0.49	0
-0.00028	0.49	0
-0.0002	0.49	0
-0.00012	0.49	0
-4e-05	0.49	0
4e-05	0.49	3.69568e-155
0.00012	0.49	1.0395e-106
0.0002	0.49	6.47832e-71
0.00028	0.49	9.92563e-50
0.00036	0.49	1.08666e-35
0.00044	0.49	7.67265e-29
0.00052	0.49	5.0007e-30
0.0006	0.49	3.36398e-41
0.00068	0.49	2.18896e-56
0.00076	0.49	9.63064e-66
0.00084	0.49	7.3836e-76
0.00092	0.49	1.49948e-96
0.001	0.49	2.89362e-118
0.00108	0.49	3.12489e-150
0.00116	0.49	1.51912e-173
0.00124	0.49	5.43126e-206
0.00132	0.49	5.50302e-254
0.0014	0.49	1.1372e-293
0.00148	0.49	3.95253e-323
0.00156	0.49	0
0.00164	0.49	0
0.00172	0.49	0
0.0018	0.49	0
0.00188	0.49	0
0.00196	0.49	0
-0.00196	0.51	0
-0.00188	0.51	0
-0.0018	0.51	0
-0.00172	0.51	0
-0.00164	0.51	0
-0.00156	0.51	0
-0.00148	0.51	0
-0.0014	0.51	0
-0.00132	0.51	0
-0.00124	0.51	0
-0.00116	0.51	0
-0.00108	0.51	0
-0.001	0.51	0
-0.00092	0.51	0
-0.00084	0.51	0
-0.00076	0.51	0
-0.00068	0.51	0
-0.0006	0.51	0
-0.00052	0.51	0
-0.00044	0.51	0
-0.00036	0.51	0
-0.00028	0.51	0
-0.0002	0.51	0
-0.00012	0.51	0
-4e-05	0.51	0
4e-05	0.51	2.64242e-160
0.00012	0.51	1.65446e-109
0.0002	0.51	5.49751e-76
0.00028	0.51	2.73966e-52
0.00036	0.51	6.83647e-39
0.00044	0.51	9.17345e-32
0.00052	0.51	1.23834e-33
0.0006	0.51	3.96022e-42
0.00068	0.51	3.62204e-60
0.00076	0.51	1.98604e-69
0.00084	0.51	1.07502e-82
0.00092	0.51	2.4031e-101
0.001	0.51	1.66534e-125
0.00108	0.51	1.22028e-156
0.00116	0.51	2.18139e-178
0.00124	0.51	5.87291e-213
0.00132	0.51	2.29092e-261
0.0014	0.51	1.48739e-296
0.00148	0.51	0
0.00156	0.51	0
0.00164	0.51	0
0.00172	0.51	0
0.0018	0.51	0
0.00188	0.51	0
0.00196	0.51	0
-0.00196	0.53	0
-0.00188	0.53	0
-0.0018	0.53	0
-0.00172	0.53	0
-0.00164	0.53	0
-0.00156	0.53	0
-0.00148	0.53	0
-0.0014	0.53	0
-0.00132	0.53	0
-0.00124	0.53	0
-0.00116	0.53	0
-0.00108	0.53	0
-0.001	0.53	0
-0.00092	0.53	0
-0.00084	0.53	0
-0.00076	0.53	0
-0.00068	0.53	0
-0.0006	0.53	0
-0.00052	0.53	0
-0.00044	0.53	0
-0.00036	0.53	0
-0.00028	0.53	0
-0.0002	0.53	0
-0.00012	0.53	0
-4e-05	0.53	0
4e-05	0.53	8.67059e-169
0.00012	0.53	1.95555e-117
0.0002	0.53	7.62893e-80
0.00028	0.53	5.17222e-56
0.00036	0.53	3.63828e-41
0.00044	0.53	1.37789e-34
0.00052	0.53	4.00907e-36
0.0006	0.53	3.14554e-46
0.00068	0.53	5.19726e-59
0.00076	0.53	1.14051e-73
0.00084	0.53	3.7341e-87
0.00092	0.53	5.20632e-107
0.001	0.53	7.27929e-131
0.00108	0.53	1.9118e-161
0.00116	0.53	2.27354e-189
0.00124	0.53	2.51362e-220
0.00132	0.53	3.35724e-269
0.0014	0.53	4.43433e-294
0.00148	0.53	0
0.00156	0.53	0
0.00164	0.53	0
0.00172	0.53	0
0.0018	0.53	0
0.00188	0.53	0
0.00196	0.53	0
-0.00196	0.55	0
-0.00188	0.55	0
-0.0018	0.55	0
-0.00172	0.55	0
-0.00164	0.55	0
-0.00156	0.55	0
-0.00148	0.55	0
-0.0014	0.55	0
-0.00132	0.55	0
-0.00124	0.55	0
-0.00116	0.55	0
-0.00108	0.55	0
-0.001	0.55	0
-0.00092	0.55	0
-0.00084	0.55	0
-0.00076	0.55	0
-0.00068	0.55	0
-0.0006	0.55	0
-0.00052	0.55	0
-0.00044	0.55	0
-0.00036	0.55	0
-0.00028	0.55	0
-0.0002	0.55	0
-0.00012	0.55	0
-4e-05	0.55	0
4e-05	0.55	9.3246e-178
0.00012	0.55	1.49133e-122
0.0002	0.55	3.3585e-84
0.00028	0.55	1.14227e-58
0.00036	0.55	4.08866e-44
0.00044	0.55	4.32709e-38
0.00052	0.55	1.02712e-38
0.0006	0.55	2.13356e-49
0.00068	0.55	2.56895e-61
0.00076	0.55	5.32244e-81
0.00084	0.55	4.6514e-94
0.00092	0.55	2.0104e-111
0.001	0.55	4.70435e-141
0.00108	0.55	4.70027e-167
0.00116	0.55	4.66196e-195
0.00124	0.55	4.31259e-237
0.00132	0.55	4.41572e-271
0.0014	0.55	3.06676e-294
0.00148	0.55	0
0.00156	0.55	0
0.00164	0.55	0
0.00172	0.55	0
0.0018	0.55	0
0.00188	0.55	0
0.00196	0.55	0
-0.00196	0.57	0
-0.00188	0.57	0
-0.0018	0.57	0
-0.00172	0.57	0
-0.00164	0.57	0
-0.00156	0.57	0
-0.00148	0.57	0
-0.0014	0.57	0
-0.00132	0.57	0
-0.00124	0.57	0
-0.00116	0.57	0
-0.00108	0.57	0
-0.001	0.57	0
-0.00092	0.57	0
-0.00084	0.57	0
-0.00076	0.57	0
-0.00068	0.57	0
-0.0006	0.57	0
-0.00052	0.57	0
-0.00044	0.57	0
-0.00036	0.57	0
-0.00028	0.57	0
-0.0002	0.57	0
-0.00012	0.57	0
-4e-05	0.57	0
4e-05	0.57	2.31047e-182
0.00012	0.57	5.55859e-131
0.0002	0.57	2.081e-91
0.00028	0.57	5.92959e-62
0.00036	0.57	1.67826e-48
0.00044	0.57	8.17081e-42
0.00052	0.57	9.30188e-43
0.0006	0.57	1.63898e-51
0.00068	0.57	4.92313e-66
0.00076	0.57	7.23611e-86
0.00084	0.57	1.80465e-99
0.00092	0.57	9.31948e-120
0.001	0.57	2.16527e-146
0.00108	0.57	3.0462e-174
0.00116	0.57	6.07469e-200
0.00124	0.57	1.19396e-243
0.00132	0.57	9.27751e-274
0.0014	0.57	1.12415e-309
0.00148	0.57	0
0.00156	0.57	0
0.00164	0.57	0
0.00172	0.57	0
0.0018	0.57	0
0.00188	0.57	0
0.00196	0.57	0
-0.00196	0.59	0
-0.00188	0.59	0
-0.0018	0.59	0
-0.00172	0.59	0
-0.00164	0.59	0
-0.00156	0.59	0
-0.00148	0.59	0
-0.0014	0.59	0
-0.00132	0.59	0
-0.00124	0.59	0
-0.00116	0.59	0
-0.00108	0.59	0
-0.001	0.59	0
-0.00092	0.59	0
-0.00084	0.59	0
-0.00076	0.59	0
-0.00068	0.59	0
-0.0006	0.59	0
-0.00052	0.59	0
-0.00044	0.59	0
-0.00036	0.59	0
-0.00028	0.59	0
-0.0002	0.59	0
-0.00012	0.59	0
-4e-05	0.59	0
4e-05	0.59	4.32901e-184
0.00012	0.59	1.8919e-137
0.0002	0.59	1.21482e-96
0.00028	0.59	1.64265e-68
0.00036	0.59	2.62888e-51
0.00044	0.59	1.45799e-44
0.00052	0.59	2.15513e-45
0.0006	0.59	1.26439e-53
0.00068	0.59	3.33228e-71
0.00076	0.59	1.43441e-91
0.00084	0.59	5.15226e-106
0.00092	0.59	3.42284e-127
0.001	0.59	6.41982e-154
0.00108	0.59	4.39451e-181
0.00116	0.59	3.40219e-209
0.00124	0.59	3.85433e-245
0.00132	0.59	1.30768e-274
0.0014	0.59	0
0.00148	0.59	0
0.00156	0.59	0
0.00164	0.59	0
0.00172	0.59	0
0.0018	0.59	0
0.00188	0.59	0
0.00196	0.59	0
-0.00196	0.61	0
-0.00188	0.61	0
-0.0018	0.61	0
-0.00172	0.61	0
-0.00164	0.61	0
-0.00156	0.61	0
-0.00148	0.61	0
-0.0014	0.61	0
-0.00132	0.61	0
-0.00124	0.61	0
-0.00116	0.61	0
-0.00108	0.61	0
-0.001	0.61	0
-0.00092	0.61	0
-0.00084	0.61	0
-0.00076	0.61	0
-0.00068	0.61	0
-0.0006	0.61	0
-0.00052	0.61	0
-0.00044	0.61	0
-0.00036	0.61	0
-0.00028	0.61	0
-0.0002	0.61	0
-0.00012	0.61	0
-4e-05	0.61	0
4e-05	0.61	0
0.00012	0.61	2.8898e-140
0.0002	0.61	3.14925e-103
0.00028	0.61	7.27017e-74
0.00036	0.61	3.98171e-54
0.00044	0.61	1.35542e-48
0.00052	0.61	7.13437e-49
0.0006	0.61	1.05504e-55
0.00068	0.61	5.05154e-74
0.00076	0.61	4.15779e-97
0.00084	0.61	1.13756e-111
0.00092	0.61	1.70918e-134
0.001	0.61	4.16666e-162
0.00108	0.61	4.03465e-187
0.00116	0.61	1.67038e-224
0.00124	0.61	6.88396e-253
0.00132	0.61	8.13896e-277
0.0014	0.61	0
0.00148	0.61	0
0.00156	0.61	0
0.00164	0.61	0
0.00172	0.61	0
0.0018	0.61	0
0.00188	0.61	0
0.00196	0.61	0
-0.00196	0.63	0
-0.00188	0.63	0
-0.0018	0.63	0
-0.00172	0.63	0
-0.00164	0.63	0
-0.00156	0.63	0
-0.00148	0.63	0
-0.0014	0.63	0
-0.00132	0.63	0
-0.00124	0.63	0
-0.00116	0.63	0
-0.00108	0.63	0
-0.001	0.63	0
-0.00092	0.63	0
-0.00084	0.63	0
-0.00076	0.63	0
-0.00068	0.63	0
-0.0006	0.63	0
-0.00052	0.63	0
-0.00044	0.63	0
-0.00036	0.63	0
-0.00028	0.63	0
-0.0002	0.63	0
-0.00012	0.63	0
-4e-05	0.63	0
4e-05	0.63	0
0.00012	0.63	2.41895e-143
0.0002	0.63	1.10016e-108
0.00028	0.63	1.56154e-78
0.00036	0.63	3.96728e-60
0.00044	0.63	2.59001e-51
0.00052	0.63	1.98524e-51
0.0006	0.63	6.70529e-60
0.00068	0.63	2.2235e-77
0.00076	0.63	1.13359e-102
0.00084	0.63	9.12813e-118
0.00092	0.63	2.071e-142
0.001	0.63	3.90391e-170
0.00108	0.63	1.16583e-196
0.00116	0.63	5.93436e-228
0.00124	0.63	1.37079e-252
0.00132	0.63	1.74692e-278
0.0014	0.63	0
0.00148	0.63	0
0.00156	0.63	0
0.00164	0.63	0
0.00172	0.63	0
0.0018	0.63	0
0.00188	0.63	0
0.00196	0.63	0
-0.00196	0.65	0
-0.00188	0.65	0
-0.0018	0.65	0
-0.00172	0.65	0
-0.00164	0.65	0
-0.00156	0.65	0
-0.00148	0.65	0
-0.0014	0.65	0
-0.00132	0.65	0
-0.00124	0.65	0
-0.00116	0.65	0
-0.00108	0.65	0
-0.001	0.65	0
-0.00092	0.65	0
-0.00084	0.65	0
-0.00076	0.65	0
-0.00068	0.65	0
-0.0006	0.65	0
-0.00052	0.65	0
-0.00044	0.65	0
-0.00036	0.65	0
-0.00028	0.65	0
-0.0002	0.65	0
-0.00012	0.65	0
-4e-05	0.65	0
4e-05	0.65	0
0.00012	0.65	8.59788e-157
0.0002	0.65	8.71526e-111
0.00028	0.65	1.63701e-85
0.00036	0.65	1.47548e-64
0.00044	0.65	6.16714e-55
0.00052	0.65	3.72743e-57
0.0006	0.65	3.23142e-64
0.00068	0.65	1.24965e-80
0.00076	0.65	6.50135e-108
0.00084	0.65	3.57183e-127
0.00092	0.65	2.41866e-150
0.001	0.65	2.75557e-178
0.00108	0.65	1.22876e-207
0.00116	0.65	1.53112e-233
0.00124	0.65	7.33017e-248
0.00132	0.65	0
0.0014	0.65	0
0.00148	0.65	0
0.00156	0.65	0
0.00164	0.65	0
0.00172	0.65	0
0.0018	0.65	0
0.00188	0.65	0
0.00196	0.65	0
-0.00196	0.67	0
-0.00188	0.67	0
-0.0018	0.67	0
-0.00172	0.67	0
-0.00164	0.67	0
-0.00156	0.67	0
-0.00148	0.67	0
-0.0014	0.67	0
-0.00132	0.67	0
-0.00124	0.67	0
-0.00116	0.67	0
-0.00108	0.67	0
-0.001	0.67	0
-0.00092	0.67	0
-0.00084	0.67	0
-0.00076	0.67	0
-0.00068	0.67	0
-0.0006	0.67	0
-0.00052	0.67	0
-0.00044	0.67	0
-0.00036	0.67	0
-0.00028	0.67	0
-0.0002	0.67	0
-0.00012	0.67	0
-4e-05	0.67	0
4e-05	0.67	0
0.00012	0.67	2.43993e-162
0.0002	0.67	3.99882e-119
0.00028	0.67	1.26595e-88
0.00036	0.67	2.60769e-71
0.00044	0.67	5.7724e-60
0.00052	0.67	1.64255e-60
0.0006	0.67	2.53178e-68
0.00068	0.67	6.26352e-84
0.00076	0.67	7.89369e-113
0.00084	0.67	1.57445e-135
0.00092	0.67	6.1026e-159
0.001	0.67	3.22794e-185
0.00108	0.67	5.96216e-213
0.00116	0.67	3.60898e-227
0.00124	0.67	2.4223e-254
0.00132	0.67	0
0.0014	0.67	0
0.00148	0.67	0
0.00156	0.67	0
0.00164	0.67	0
0.00172	0.67	0
0.0018	0.67	0
0.00188	0.67	0
0.00196	0.67	0
-0.00196	0.69	0
-0.00188	0.69	0
-0.0018	0.69	0
-0.00172	0.69	0
-0.00164	0.69	0
-0.00156	0.69	0
-0.00148	0.69	0
-0.0014	0.69	0
-0.00132	0.69	0
-0.00124	0.69	0
-0.00116	0.69	0
-0.00108	0.69	0
-0.001	0.69	0
-0.00092	0.69	0
-0.00084	0.69	0
-0.00076	0.69	0
-0.00068	0.69	0
-0.0006	0.69	0
-0.00052	0.69	0
-0.00044	0.69	0
-0.00036	0.69	0
-0.00028	0.69	0
-0.0002	0.69	0
-0.00012	0.69	0
-4e-05	0.69	0
4e-05	0.69	0
0.00012	0.69	2.81898e-170
0.0002	0.69	1.95292e-126
0.00028	0.69	9.24392e-92
0.00036	0.69	1.92762e-74
0.00044	0.69	2.68689e-64
0.00052	0.69	1.41992e-64
0.0006	0.69	1.36162e-73
0.00068	0.69	5.36786e-89
0.00076	0.69	3.53865e-118
0.00084	0.69	4.06003e-143
0.00092	0.69	3.79632e-166
0.001	0.69	1.0734e-192
0.00108	0.69	3.72996e-219
0.00116	0.69	5.90178e-227
0.00124	0.69	3.20933e-250
0.00132	0.69	0
0.0014	0.69	0
0.00148	0.69	0
0.00156	0.69	0
0.00164	0.69	0
0.00172	0.69	0
0.0018	0.69	0
0.00188	0.69	0
0.00196	0.69	0
-0.00196	0.71	0
-0.00188	0.71	0
-0.0018	0.71	0
-0.00172	0.71	0
-0.00164	0.71	0
-0.00156	0.71	0
-0.00148	0.71	0
-0.0014	0.71	0
-0.00132	0.71	0
-0.00124	0.71	0
-0.00116	0.71	0
-0.00108	0.71	0
-0.001	0.71	0
-0.00092	0.71	0
-0.00084	0.71	0
-0.00076	0.71	0
-0.00068	0.71	0
-0.0006	0.71	0
-0.00052	0.71	0
-0.00044	0.71	0
-0.00036	0.71	0
-0.00028	0.71	0
-0.0002	0.71	0
-0.00012	0.71	0
-4e-05	0.71	0
4e-05	0.71	0
0.00012	0.71	2.82345e-177
0.0002	0.71	1.50476e-131
0.00028	0.71	9.0611e-100
0.00036	0.71	1.62506e-76
0.00044	0.71	6.0916e-71
0.00052	0.71	1.37226e-67
0.0006	0.71	1.74414e-77
0.00068	0.71	2.38613e-94
0.00076	0.71	7.40999e-124
0.00084	0.71	1.90377e-150
0.00092	0.71	4.76435e-174
0.001	0.71	1.7879e-199
0.00108	0.71	1.47853e-213
0.00116	0.71	4.17599e-228
0.00124	0.71	0
0.00132	0.71	0
0.0014	0.71	0
0.00148	0.71	0
0.00156	0.71	0
0.00164	0.71	0
0.00172	0.71	0
0.0018	0.71	0
0.00188	0.71	0
0.00196	0.71	0
-0.00196	0.73	0
-0.00188	0.73	0
-0.0018	0.73	0
-0.00172	0.73	0
-0.00164	0.73	0
-0.00156	0.73	0
-0.00148	0.73	0
-0.0014	0.73	0
-0.00132	0.73	0
-0.00124	0.73	0
-0.00116	0.73	0
-0.00108	0.73	0
-0.001	0.73	0
-0.00092	0.73	0
-0.00084	0.73	0
-0.00076	0.73	0
-0.00068	0.73	0
-0.0006	0.73	0
-0.00052	0.73	0
-0.00044	0.73	0
-0.00036	0.73	0
-0.00028	0.73	0
-0.0002	0.73	0
-0.00012	0.73	0
-4e-05	0.73	0
4e-05	0.73	0
0.00012	0.73	1.96734e-185
0.0002	0.73	3.0546e-138
0.00028	0.73	2.50401e-105
0.00036	0.73	4.07061e-84
0.00044	0.73	8.88819e-73
0.00052	0.73	7.68941e-75
0.0006	0.73	1.3351e-83
0.00068	0.73	1.23381e-102
0.00076	0.73	4.85083e-131
0.00084	0.73	5.24926e-159
0.00092	0.73	9.89171e-183
0.001	0.73	1.77539e-205
0.00108	0.73	2.93731e-211
0.00116	0.73	1.38772e-227
0.00124	0.73	0
0.00132	0.73	0
0.0014	0.73	0
0.00148	0.73	0
0.00156	0.73	0
0.00164	0.73	0
0.00172	0.73	0
0.0018	0.73	0
0.00188	0.73	0
0.00196	0.73	0
-0.00196	0.75	0
-0.00188	0.75	0
-0.0018	0.75	0
-0.00172	0.75	0
-0.00164	0.75	0
-0.00156	0.75	0
-0.00148	0.75	0
-0.0014	0.75	0
-0.00132	0.75	0
-0.00124	0.75	0
-0.00116	0.75	0
-0.00108	0.75	0
-0.001	0.75	0
-0.00092	0.75	0
-0.00084	0.75	0
-0.00076	0.75	0
-0.00068	0.75	0
-0.0006	0.75	0
-0.00052	0.75	0
-0.00044	0.75	0
-0.00036	0.75	0
-0.00028	0.75	0
-0.0002	0.75	0
-0.00012	0.75	0
-4e-05	0.75	0
4e-05	0.75	0
0.00012	0.75	0
0.0002	0.75	5.00993e-146
0.00028	0.75	9.55089e-114
0.00036	0.75	6.51324e-91
0.00044	0.75	1.31146e-77
0.00052	0.75	7.22689e-80
0.0006	0.75	1.36948e-87
0.00068	0.75	1.94679e-107
0.00076	0.75	1.2504e-133
0.00084	0.75	2.86884e-166
0.00092	0.75	4.372e-188
0.001	0.75	2.76386e-202
0.00108	0.75	2.73406e-214
0.00116	0.75	1.38289e-239
0.00124	0.75	0
0.00132	0.75	0
0.0014	0.75	0
0.00148	0.75	0
0.00156	0.75	0
0.00164	0.75	0
0.00172	0.75	0
0.0018	0.75	0
0.00188	0.75	0
0.00196	0.75	0
-0.00196	0.77	0
-0.00188	0.77	0
-0.0018	0.77	0
-0.00172	0.77	0
-0.00164	0.77	0
-0.00156	0.77	0
-0.00148	0.77	0
-0.0014	0.77	0
-0.00132	0.77	0
-0.00124	0.77	0
-0.00116	0.77	0
-0.00108	0.77	0
-0.001	0.77	0
-0.00092	0.77	0
-0.00084	0.77	0
-0.00076	0.77	0
-0.00068	0.77	0
-0.0006	0.77	0
-0.00052	0.77	0
-0.00044	0.77	0
-0.00036	0.77	0
-0.00028	0.77	0
-0.0002	0.77	0
-0.00012	0.77	0
-4e-05	0.77	0
4e-05	0.77	0
0.00012	0.77	0
0.0002	0.77	1.74081e-151
0.00028	0.77	5.62434e-119
0.00036	0.77	5.49432e-96
0.00044	0.77	1.58705e-85
0.00052	0.77	1.47825e-83
0.0006	0.77	2.9269e-96
0.00068	0.77	4.94028e-111
0.00076	0.77	8.08713e-139
0.00084	0.77	1.04155e-169
0.00092	0.77	2.06534e-185
0.001	0.77	1.05756e-202
0.00108	0.77	3.66677e-217
0.00116	0.77	2.69055e-251
0.00124	0.77	0
0.00132	0.77	0
0.0014	0.77	0
0.00148	0.77	0
0.00156	0.77	0
0.00164	0.77	0
0.00172	0.77	0
0.0018	0.77	0
0.00188	0.77	0
0.00196	0.77	0
-0.00196	0.79	0
-0.00188	0.79	0
-0.0018	0.79	0
-0.00172	0.79	0
-0.00164	0.79	0
-0.00156	0.79	0
-0.00148	0.79	0
-0.0014	0.79	0
-0.00132	0.79	0
-0.00124	0.79	0
-0.00116	0.79	0
-0.00108	0.79	0
-0.001	0.79	0
-0.00092	0.79	0
-0.00084	0.79	0
-0.00076	0.79	0
-0.00068	0.79	0
-0.0006	0.79	0
-0.00052	0.79	0
-0.00044	0.79	0
-0.00036	0.79	0
-0.00028	0.79	0
-0.0002	0.79	0
-0.00012	0.79	0
-4e-05	0.79	0
4e-05	0.79	0
0.00012	0.79	0
0.0002	0.79	7.17671e-166
0.00028	0.79	1.93564e-125
0.00036	0.79	7.02647e-102
0.00044	0.79	2.15166e-92
0.00052	0.79	1.35917e-90
0.0006	0.79	4.82917e-103
0.00068	0.79	9.59848e-121
0.00076	0.79	1.04466e-143
0.00084	0.79	7.98094e-172
0.00092	0.79	5.11754e-184
0.001	0.79	1.13061e-204
0.00108	0.79	1.27656e-220
0.00116	0.79	0
0.00124	0.79	0
0.00132	0.79	0
0.0014	0.79	0
0.00148	0.79	0
0.00156	0.79	0
0.00164	0.79	0
0.00172	0.79	0
0.0018	0.79	0
0.00188	0.79	0
0.00196	0.79	0
-0.00196	0.81	0
-0.00188	0.81	0
-0.0018	0.81	0
-0.00172	0.81	0
-0.00164	0.81	0
-0.00156	0.81	0
-0.00148	0.81	0
-0.0014	0.81	0
-0.00132	0.81	0
-0.00124	0.81	0
-0.00116	0.81	0
-0.00108	0.81	0
-0.001	0.81	0
-0.00092	0.81	0
-0.00084	0.81	0
-0.00076	0.81	0
-0.00068	0.81	0
-0.0006	0.81	0
-0.00052	0.81	0
-0.00044	0.81	0
-0.00036	0.81	0
-0.00028	0.81	0
-0.0002	0.81	0
-0.00012	0.81	0
-4e-05	0.81	0
4e-05	0.81	0
0.00012	0.81	0
0.0002	0.81	3.49202e-173
0.00028	0.81	4.60001e-134
0.00036	0.81	1.95429e-109
0.00044	0.81	1.40278e-97
0.00052	0.81	1.32759e-97
0.0006	0.81	5.52991e-109
0.00068	0.81	1.81524e-128
0.00076	0.81	2.10381e-150
0.00084	0.81	4.30745e-174
0.00092	0.81	5.14249e-187
0.001	0.81	3.99265e-209
0.00108	0.81	3.29337e-235
0.00116	0.81	0
0.00124	0.81	0
0.00132	0.81	0
0.0014	0.81	0
0.00148	0.81	0
0.00156	0.81	0
0.00164	0.81	0
0.00172	0.81	0
0.0018	0.81	0
0.00188	0.81	0
0.00196	0.81	0
-0.00196	0.83	0
-0.00188	0.83	0
-0.0018	0.83	0
-0.00172	0.83	0
-0.00164	0.83	0
-0.00156	0.83	0
-0.00148	0.83	0
-0.0014	0.83	0
-0.00132	0.83	0
-0.00124	0.83	0
-0.00116	0.83	0
-0.00108	0.83	0
-0.001	0.83	0
-0.00092	0.83	0
-0.00084	0.83	0
-0.00076	0.83	0
-0.00068	0.83	0
-0.0006	0.83	0
-0.00052	0.83	0
-0.00044	0.83	0
-0.00036	0.83	0
-0.00028	0.83	0
-0.0002	0.83	0
-0.00012	0.83	0
-4e-05	0.83	0
4e-05	0.83	0
0.00012	0.83	0
0.0002	0.83	9.25325e-182
0.00028	0.83	3.57286e-146
0.00036	0.83	2.8776e-117
0.00044	0.83	1.63192e-104
0.00052	0.83	1.44102e-106
0.0006	0.83	1.8549e-115
0.00068	0.83	5.56457e-136
0.00076	0.83	1.26496e-155
0.00084	0.83	9.04378e-175
0.00092	0.83	1.1198e-193
0.001	0.83	1.178e-208
0.00108	0.83	0
0.00116	0.83	0
0.00124	0.83	0
0.00132	0.83	0
0.0014	0.83	0
0.00148	0.83	0
0.00156	0.83	0
0.00164	0.83	0
0.00172	0.83	0
0.0018	0.83	0
0.00188	0.83	0
0.00196	0.83	0
-0.00196	0.85	0
-0.00188	0.85	0
-0.0018	0.85	0
-0.00172	0.85	0
-0.00164	0.85	0
-0.00156	0.85	0
-0.00148	0.85	0
-0.0014	0.85	0
-0.00132	0.85	0
-0.00124	0.85	0
-0.00116	0.85	0
-0.00108	0.85	0
-0.001	0.85	0
-0.00092	0.85	0
-0.00084	0.85	0
-0.00076	0.85	0
-0.00068	0.85	0
-0.0006	0.85	0
-0.00052	0.85	0
-0.00044	0.85	0
-0.00036	0.85	0
-0.00028	0.85	0
-0.0002	0.85	0
-0.00012	0.85	0
-4e-05	0.85	0
4e-05	0.85	0
0.00012	0.85	0
0.0002	0.85	1.50343e-186
0.00028	0.85	1.99708e-151
0.00036	0.85	4.22964e-128
0.00044	0.85	5.08898e-113
0.00052	0.85	2.34314e-110
0.0006	0.85	1.84267e-122
0.00068	0.85	2.40425e-139
0.00076	0.85	1.38561e-158
0.00084	0.85	1.29578e-176
0.00092	0.85	4.9084e-197
0.001	0.85	2.76325e-214
0.00108	0.85	0
0.00116	0.85	0
0.00124	0.85	0
0.00132	0.85	0
0.0014	0.85	0
0.00148	0.85	0
0.00156	0.85	0
0.00164	0.85	0
0.00172	0.85	0
0.0018	0.85	0
0.00188	0.85	0
0.00196	0.85	0
-0.00196	0.87	0
-0.00188	0.87	0
-0.0018	0.87	0
-0.00172	0.87	0
-0.00164	0.87	0
-0.00156	0.87	0
-0.00148	0.87	0
-0.0014	0.87	0
-0.00132	0.87	0
-0.00124	0.87	0
-0.00116	0.87	0
-0.00108	0.87	0
-0.001	0.87	0
-0.00092	0.87	0
-0.00084	0.87	0
-0.00076	0.87	0
-0.00068	0.87	0
-0.0006	0.87	0
-0.00052	0.87	0
-0.00044	0.87	0
-0.00036	0.87	0
-0.00028	0.87	0
-0.0002	0.87	0
-0.00012	0.87	0
-4e-05	0.87	0
4e-05	0.87	0
0.00012	0.87	0
0.0002	0.87	3.90109e-202
0.00028	0.87	8.93846e-159
0.00036	0.87	7.99071e-136
0.00044	0.87	1.5756e-121
0.00052	0.87	4.67691e-122
0.0006	0.87	2.82647e-127
0.00068	0.87	1.26525e-143
0.00076	0.87	5.84016e-165
0.00084	0.87	5.96142e-178
0.00092	0.87	3.83193e-203
0.001	0.87	0
0.00108	0.87	0
0.00116	0.87	0
0.00124	0.87	0
0.00132	0.87	0
0.0014	0.87	0
0.00148	0.87	0
0.00156	0.87	0
0.00164	0.87	0
0.00172	0.87	0
0.0018	0.87	0
0.00188	0.87	0
0.00196	0.87	0
-0.00196	0.89	0
-0.00188	0.89	0
-0.0018	0.89	0
-0.00172	0.89	0
-0.00164	0.89	0
-0.00156	0.89	0
-0.00148	0.89	0
-0.0014	0.89	0
-0.00132	0.89	0
-0.00124	0.89	0
-0.00116	0.89	0
-0.00108	0.89	0
-0.001	0.89	0
-0.00092	0.89	0
-0.00084	0.89	0
-0.00076	0.89	0
-0.00068	0.89	0
-0.0006	0.89	0
-0.00052	0.89	0
-0.00044	0.89	0
-0.00036	0.89	0
-0.00028	0.89	0
-0.0002	0.89	0
-0.00012	0.89	0
-4e-05	0.89	0
4e-05	0.89	0
0.00012	0.89	0
0.0002	0.89	0
0.00028	0.89	7.4629e-164
0.00036	0.89	2.47057e-143
0.00044	0.89	4.7378e-134
0.00052	0.89	8.00692e-133
0.0006	0.89	8.16755e-139
0.00068	0.89	8.3381e-153
0.00076	0.89	3.43365e-172
0.00084	0.89	6.85165e-192
0.00092	0.89	1.05344e-215
0.001	0.89	0
0.00108	0.89	0
0.00116	0.89	0
0.00124	0.89	0
0.00132	0.89	0
0.0014	0.89	0
0.00148	0.89	0
0.00156	0.89	0
0.00164	0.89	0
0.00172	0.89	0
0.0018	0.89	0
0.00188	0.89	0
0.00196	0.89	0
-0.00196	0.91	0
-0.00188	0.91	0
-0.0018	0.91	0
-0.00172	0.91	0
-0.00164	0.91	0
-0.00156	0.91	0
-0.00148	0.91	0
-0.0014	0.91	0
-0.00132	0.91	0
-0.00124	0.91	0
-0.00116	0.91	0
-0.00108	0.91	0
-0.001	0.91	0
-0.00092	0.91	0
-0.00084	0.91	0
-0.00076	0.91	0
-0.00068	0.91	0
-0.0006	0.91	0
-0.00052	0.91	0
-0.00044	0.91	0
-0.00036	0.91	0
-0.00028	0.91	0
-0.0002	0.91	0
-0.00012	0.91	0
-4e-05	0.91	0
4e-05	0.91	0
0.00012	0.91	0
0.0002	0.91	0
0.00028	0.91	1.03259e-177
0.00036	0.91	1.10075e-149
0.00044	0.91	2.40977e-141
0.00052	0.91	1.4911e-138
0.0006	0.91	2.39012e-145
0.00068	0.91	6.25755e-168
0.00076	0.91	2.91117e-179
0.00084	0.91	1.85163e-201
0.00092	0.91	6.67986e-225
0.001	0.91	0
0.00108	0.91	0
0.00116	0.91	0
0.00124	0.91	0
0.00132	0.91	0
0.0014	0.91	0
0.00148	0.91	0
0.00156	0.91	0
0.00164	0.91	0
0.00172	0.91	0
0.0018	0.91	0
0.00188	0.91	0
0.00196	0.91	0
-0.00196	0.93	0
-0.00188	0.93	0
-0.0018	0.93	0
-0.00172	0.93	0
-0.00164	0.93	0
-0.00156	0.93	0
-0.00148	0.93	0
-0.0014	0.93	0
-0.00132	0.93	0
-0.00124	0.93	0
-0.00116	0.93	0
-0.00108	0.93	0
-0.001	0.93	0
-0.00092	0.93	0
-0.00084	0.93	0
-0.00076	0.93	0
-0.00068	0.93	0
-0.0006	0.93	0
-0.00052	0.93	0
-0.00044	0.93	0
-0.00036	0.93	0
-0.00028	0.93	0
-0.0002	0.93	0
-0.00012	0.93	0
-4e-05	0.93	0
4e-05	0.93	0
0.00012	0.93	0
0.0002	0.93	0
0.00028	0.93	1.08211e-188
0.00036	0.93	6.59401e-162
0.00044	0.93	5.4551e-148
0.00052	0.93	3.88097e-147
0.0006	0.93	6.20938e-154
0.00068	0.93	3.47648e-178
0.00076	0.93	1.226e-189
0.00084	0.93	1.07165e-205
0.00092	0.93	0
0.001	0.93	0
0.00108	0.93	0
0.00116	0.93	0
0.00124	0.93	0
0.00132	0.93	0
0.0014	0.93	0
0.00148	0.93	0
0.00156	0.93	0
0.00164	0.93	0
0.00172	0.93	0
0.0018	0.93	0
0.00188	0.93	0
0.00196	0.93	0
-0.00196	0.95	0
-0.00188	0.95	0
-0.0018	0.95	0
-0.00172	0.95	0
-0.00164	0.95	0
-0.00156	0.95	0
-0.00148	0.95	0
-0.0014	0.95	0
-0.00132	0.95	0
-0.00124	0.95	0
-0.00116	0.95	0
-0.00108	0.95	0
-0.001	0.95	0
-0.00092	0.95	0
-0.00084	0.95	0
-0.00076	0.95	0
-0.00068	0.95	0
-0.0006	0.95	0
-0.00052	0.95	0
-0.00044	0.95	0
-0.00036	0.95	0
-0.00028	0.95	0
-0.0002	0.95	0
-0.00012	0.95	0
-4e-05	0.95	0
4e-05	0.95	0
0.00012	0.95	0
0.0002	0.95	0
0.00028	0.95	1.67442e-204
0.00036	0.95	3.66032e-171
0.00044	0.95	7.38078e-156
0.00052	0.95	5.12487e-156
0.0006	0.95	7.2314e-165
0.00068	0.95	7.81145e-179
0.00076	0.95	4.28459e-207
0.00084	0.95	1.10276e-241
0.00092	0.95	0
0.001	0.95	0
0.00108	0.95	0
0.00116	0.95	0
0.00124	0.95	0
0.00132	0.95	0
0.0014	0.95	0
0.00148	0.95	0
0.00156	0.95	0
0.00164	0.95	0
0.00172	0.95	0
0.0018	0.95	0
0.00188	0.95	0
0.00196	0.95	0
-0.00196	0.97	0
-0.00188	0.97	0
-0.0018	0.97	0
-0.00172	0.97	0
-0.00164	0.97	0
-0.00156	0.97	0
-0.00148	0.97	0
-0.0014	0.97	0
-0.00132	0.97	0
-0.00124	0.97	0
-0.00116	0.97	0
-0.00108	0.97	0
-0.001	0.97	0
-0.00092	0.97	0
-0.00084	0.97	0
-0.00076	0.97	0
-0.00068	0.97	0
-0.0006	0.97	0
-0.00052	0.97	0
-0.00044	0.97	0
-0.00036	0.97	0
-0.00028	0.97	0
-0.0002	0.97	0
-0.00012	0.97	0
-4e-05	0.97	0
4e-05	0.97	0
0.00012	0.97	0
0.0002	0.97	0
0.00028	0.97	1.35159e-214
0.00036	0.97	1.5099e-185
0.00044	0.97	2.8458e-165
0.00052	0.97	1.2602e-159
0.0006	0.97	7.97458e-186
0.00068	0.97	3.43231e-205
0.00076	0.97	3.92781e-217
0.00084	0.97	0
0.00092	0.97	0
0.001	0.97	0
0.00108	0.97	0
0.00116	0.97	0
0.00124	0.97	0
0.00132	0.97	0
0.0014	0.97	0
0.00148	0.97	0
0.00156	0.97	0
0.00164	0.97	0
0.00172	0.97	0
0.0018	0.97	0
0.00188	0.97	0
0.00196	0.97	0
-0.00196	0.99	0
-0.00188	0.99	0
-0.0018	0.99	0
-0.00172	0.99	0
-0.00164	0.99	0
-0.00156	0.99	0
-0.00148	0.99	0
-0.0014	0.99	0
-0.00132	0.99	0
-0.00124	0.99	0
-0.00116	0.99	0
-0.00108	0.99	0
-0.001	0.99	0
-0.00092	0.99	0
-0.00084	0.99	0
-0.00076	0.99	0
-0.00068	0.99	0
-0.0006	0.99	0
-0.00052	0.99	0
-0.00044	0.99	0
-0.00036	0.99	0
-0.00028	0.99	0
-0.0002	0.99	0
-0.00012	0.99	0
-4e-05	0.99	0
4e-05	0.99	0
0.00012	0.99	0
0.0002	0.99	0
0.00028	0.99	0
0.00036	0.99	1.62424e-200
0.00044	0.99	1.88844e-176
0.00052	0.99	9.93643e-168
0.0006	0.99	7.46541e-219
0.00068	0.99	1.10451e-218
0.00076	0.99	0
0.00084	0.99	0
0.00092	0.99	0
0.001	0.99	0
0.00108	0.99	0
0.00116	0.99	0
0.00124	0.99	0
0.00132	0.99	0
0.0014	0.99	0
0.00148	0.99	0
0.00156	0.99	0
0.00164	0.99	0
0.00172	0.99	0
0.0018	0.99	0
0.00188	0.99	0
0.00196	0.99	0
