pa/bp1p2_n_l
1.4
1.44
5.62125e-210
1.42848e-199
5.54296e-192
1.28597e-185
1.80031e-175
2.17634e-168
2.28661e-163
5.48516e-156
3.66349e-151
3.43255e-146
4.60967e-141
7.9049e-137
4.83999e-132
1.10968e-126
5.91949e-121
1.48719e-115
3.21508e-111
5.5346e-108
4.9498e-104
1.74296e-99
2.56416e-96
4.70429e-91
5.60486e-86
5.77495e-84
6.83923e-82
2.29691e-77
5.27907e-74
1.16611e-70
3.84969e-67
2.34416e-64
3.01656e-61
2.91609e-58
3.99871e-56
1.40348e-55
1.88495e-52
1.63376e-49
5.80736e-48
1.29729e-45
1.86687e-43
3.28246e-42
4.99817e-40
2.66764e-38
4.99347e-36
3.22091e-34
1.82602e-32
9.19465e-31
4.97164e-29
9.11486e-28
5.82586e-27
4.86653e-26
1.39867e-24
2.24364e-22
9.11527e-21
4.12899e-19
2.7584e-17
9.16244e-16
3.28885e-14
1.0872e-12
5.4623e-11
1.23463e-09
6.60453e-08
1.84461e-06
5.20458e-05
0.000485907
0.0103873
0.442349
2.80596
7.89518
43.0388
240.1
866.524
1094.49
226.515
17.9671
0.202755
0.00395607
0.000149856
3.01836e-06
6.00325e-08
2.22675e-10
4.94803e-12
4.67546e-14
2.42231e-17
2.7317e-21
2.00306e-26
3.55269e-30
3.92691e-35
2.75034e-39
2.48417e-43
5.17279e-50
1.68023e-54
1.91507e-62
1.11372e-64
6.77034e-69
3.103e-75
8.48097e-79
1.09383e-88
3.41778e-93
3.79359e-97
7.65338e-107
