-99.2758	-0.133449	0.0003773
-98.6351	-0.133013	0.000374925
-97.9522	-0.132629	0.000374897
-97.3091	-0.13222	0.000373574
-96.6917	-0.131785	0.000372244
-96.0541	-0.131374	0.00037083
-95.4307	-0.130965	0.000370033
-94.8308	-0.13053	0.000368995
-94.233	-0.130095	0.000367541
-93.613	-0.129684	0.00036617
-92.9692	-0.129301	0.000365186
-92.3756	-0.128866	0.000364213
-91.7583	-0.128457	0.000363323
-91.1777	-0.127996	0.000361584
-90.493	-0.127637	0.000360713
-89.8533	-0.127228	0.000359809
-89.1965	-0.126818	0.000358447
-88.4658	-0.126487	0.000358092
-87.8802	-0.125973	0.000361383
-87.2319	-0.125538	0.000358348
-86.604	-0.125077	0.000357431
-85.9761	-0.124616	0.00035644
-85.3409	-0.124156	0.000354752
-84.6851	-0.12372	0.000356101
-84.1032	-0.123182	0.000354485
-83.4068	-0.122775	0.000349443
-82.7104	-0.122364	0.000349326
-82.061	-0.121903	0.000348536
-81.4395	-0.121466	0.000349337
-80.8627	-0.120981	0.000350402
-80.3325	-0.120418	0.000346582
-79.6265	-0.120061	0.000342627
-78.9625	-0.11965	0.00034412
-78.3294	-0.11919	0.000344288
-77.6951	-0.118729	0.000345026
-77.1178	-0.118191	0.000344349
-76.5106	-0.117679	0.000340432
-75.8288	-0.117265	0.000338939
-75.233	-0.116783	0.000337607
-74.6257	-0.116348	0.000338555
-74.1437	-0.11576	0.000336902
-73.5243	-0.115299	0.000337104
-73.01	-0.114709	0.000337711
-72.3937	-0.114224	0.000333355
-71.7572	-0.113763	0.000333255
-71.1536	-0.113251	0.000332162
-70.5003	-0.11279	0.00033071
-69.8855	-0.112279	0.000330841
-69.2748	-0.111767	0.000331836
-68.7048	-0.111204	0.000327846
-68.0569	-0.110742	0.00032504
-67.4498	-0.110231	0.000324316
-66.8231	-0.109745	0.000325241
-66.2253	-0.109181	0.00032431
-65.5721	-0.108669	0.000322253
-64.9188	-0.108157	0.000320483
-64.2787	-0.107646	0.00032047
-63.679	-0.107083	0.000319224
-63.0579	-0.106545	0.000316285
-62.4027	-0.106034	0.000315703
-61.782	-0.10547	0.00031534
-61.1483	-0.104932	0.00031498
-60.5564	-0.104343	0.000312799
-59.9112	-0.103831	0.000311512
-59.2584	-0.103268	0.000312037
-58.5928	-0.102705	0.000310067
-57.8969	-0.102193	0.000308786
-57.2572	-0.10163	0.000308624
-56.646	-0.101042	0.000307825
-56.033	-0.100453	0.000307412
-55.4178	-0.0998393	0.000306109
-54.7867	-0.0992497	0.000303036
-54.1513	-0.0986866	0.000302949
-53.5686	-0.0980723	0.000298973
-52.8991	-0.0975871	0.000298647
-52.3146	-0.096946	0.000298991
-51.6588	-0.096408	0.000298713
-51.0893	-0.0957419	0.000296627
-50.4686	-0.0951798	0.000291791
-49.8479	-0.0946167	0.000292299
-49.2872	-0.0939765	0.000290591
-48.6601	-0.0934387	0.000286752
-48.028	-0.0929015	0.000286649
-47.375	-0.0923119	0.000286252
-46.707	-0.0917496	0.000288509
-46.0999	-0.0910838	0.000286211
-45.4188	-0.0905456	0.00028306
-44.7986	-0.089907	0.000284634
-44.1627	-0.0892925	0.000281801
-43.5263	-0.088678	0.000280505
-42.89	-0.0880635	0.000279614
-42.213	-0.0874758	0.000280639
-41.5785	-0.0867847	0.000280889
-40.9033	-0.0861702	0.000279774
-40.2809	-0.0855047	0.000277671
-39.6236	-0.0849162	0.000276768
-38.9961	-0.0842763	0.000276181
-38.373	-0.0836105	0.000279097
-37.7788	-0.0828938	0.00027827
-37.1716	-0.0822023	0.000276766
-36.5663	-0.0815114	0.000280441
-36.0099	-0.0807337	0.000282809
-35.3959	-0.0800022	0.00028739
-34.8682	-0.0791058	0.000284026
-34.228	-0.0784402	0.000270965
-33.537	-0.077877	0.000280051
-33.0005	-0.0770324	0.000293684
-32.4114	-0.0761873	0.000286401
-31.785	-0.0754194	0.000281078
-31.1589	-0.0746772	0.000276821
-30.5515	-0.0739349	0.00027372
-29.9848	-0.0731165	0.000275282
-29.5316	-0.072271	0.000281875
-29.0384	-0.0714515	0.000278974
-28.3231	-0.0707101	0.000281959
-27.6568	-0.0698398	0.000292245
-27.0004	-0.0689435	0.000292293
-26.3895	-0.0680995	0.000286778
-25.7786	-0.0672547	0.000272907
-25.1547	-0.06641	0.000264531
-24.5204	-0.0655499	0.000268
-23.8839	-0.0646946	0.000272233
-23.2626	-0.0637737	0.000273532
-22.6149	-0.0629027	0.00026863
-21.9569	-0.0620582	0.00027348
-21.3909	-0.0610598	0.000270973
-20.7612	-0.060215	0.00026375
-20.164	-0.059294	0.000266094
-19.5653	-0.0583713	0.000266077
-18.9554	-0.0574767	0.000270714
-18.3169	-0.0565039	0.000274304
-17.6804	-0.0555054	0.000272904
-17.0249	-0.054559	0.000276242
-16.3821	-0.0535606	0.000271509
-15.7485	-0.0525372	0.000273631
-15.0932	-0.0515381	0.000275299
-14.4405	-0.0504374	0.000277395
-13.7716	-0.0493877	0.000279449
-13.1211	-0.0482875	0.000289691
-12.4996	-0.0471106	0.000291873
-11.8535	-0.0460086	0.000293631
-11.2282	-0.0448063	0.000309085
-10.6113	-0.0435523	0.00031887
-10.0097	-0.0422459	0.000324655
-9.41269	-0.0408906	0.000339055
-8.82327	-0.0395081	0.000342967
-8.19241	-0.0380598	0.000351334
-7.48314	-0.0367682	0.000356905
-6.85808	-0.0351063	0.00037098
-6.20768	-0.0335692	0.000372783
-5.61838	-0.0317778	0.000391795
-4.97863	-0.0302059	0.000430174
-4.32248	-0.0282452	0.000447517
-3.66547	-0.0262589	0.000498505
-3.01271	-0.0242168	0.000534983
-2.35038	-0.0214195	0.00070288
-1.68127	-0.018678	0.000698036
-1.02261	-0.0156258	0.000896793
-0.227636	-0.0117734	0.00133673
0.203467	-0.000945977	0.00361791
0.590895	0.0083684	0.00153194
1.26308	0.0126549	0.00106105
1.97001	0.0163316	0.00082994
2.57549	0.0195052	0.000782363
3.22283	0.0223458	0.00070776
3.85939	0.0248475	0.00059511
4.43557	0.0269708	0.00052098
5.01584	0.0290758	0.000476229
5.65723	0.0310668	0.000465544
6.33784	0.0328484	0.000456074
6.94106	0.0349918	0.00046166
7.53679	0.0367791	0.00040982
8.18002	0.0383558	0.000387527
8.80532	0.039841	0.000357564
9.39305	0.0413	0.000355367
9.99427	0.0427081	0.00031648
10.6282	0.0437826	0.000296969
11.2448	0.0449091	0.000299372
11.8287	0.0460718	0.000282026
12.46	0.0470278	0.00028792
12.972	0.0483134	0.000302143
13.6389	0.0494083	0.000293983
14.2897	0.0505558	0.000290904
14.9604	0.0516179	0.000285487
15.5856	0.0526587	0.000286554
16.2154	0.0536865	0.000283107
16.851	0.0547006	0.000281557
17.4914	0.0557029	0.000276293
18.1364	0.0566937	0.000279011
18.7249	0.0577151	0.000282014
19.2939	0.0587192	0.000283801
19.8502	0.0597883	0.000276116
20.545	0.060574	0.000271967
21.1869	0.0614954	0.000275136
21.7997	0.062419	0.000274747
22.3838	0.0633396	0.000265837
23.0155	0.0641547	0.000268033
23.6042	0.0651183	0.000281488
24.1845	0.066103	0.000274095
24.8714	0.0668669	0.000274409
25.5188	0.0677725	0.000277121
26.1691	0.0686707	0.000276027
26.7886	0.0695588	0.000274503
27.3938	0.0704075	0.000266833
28.051	0.0711449	0.000272446
28.6332	0.0720787	0.000276788
29.2869	0.0728565	0.000271498
29.9564	0.0735906	0.000273024
30.5473	0.0744306	0.000276516
31.1731	0.0751995	0.000271521
31.7964	0.0759566	0.000271302
32.432	0.076675	0.000270083
33.0806	0.0773667	0.000268086
33.6783	0.0780774	0.000269044
34.2783	0.0787638	0.000266533
34.9168	0.0793836	0.000267763
35.4965	0.0801039	0.000264948
36.1726	0.0806595	0.000262225
36.7758	0.0813058	0.000267461
37.3637	0.0819493	0.000269195
37.9581	0.082595	0.000272143
38.5968	0.0832703	0.000278276
39.2055	0.0840007	0.000281936
39.8425	0.0846837	0.000279392
40.5398	0.0852567	0.000279021
41.2011	0.0858987	0.00028109
41.8394	0.0865508	0.000281454
42.4752	0.0871658	0.000279647
43.1431	0.0877269	0.000280784
43.7256	0.088397	0.000283062
44.3463	0.0889896	0.000283965
44.9274	0.0896569	0.000289352
45.5442	0.0903232	0.000287327
46.2056	0.0909129	0.000290653
46.7538	0.0916239	0.000292224
47.3344	0.0922243	0.0002911
47.903	0.0928626	0.000291954
48.5525	0.0934358	0.00029267
49.2015	0.0940117	0.000296302
49.8341	0.0946181	0.000298987
50.4434	0.0952675	0.000299449
51.081	0.0958709	0.000295668
51.7271	0.0963834	0.00029401
