#theta_0	N_0	probability

-0.000318433	0.108896	6.41501e-33
-0.0003089	0.108896	2.04656e-31
-0.000299366	0.108896	9.08365e-29
-0.000289833	0.108896	3.04396e-27
-0.0002803	0.108896	4.60024e-26
-0.000270766	0.108896	1.25068e-24
-0.000261233	0.108896	1.4761e-23
-0.000251699	0.108896	8.16328e-23
-0.000242166	0.108896	1.18319e-21
-0.000232632	0.108896	5.06182e-20
-0.000223099	0.108896	5.73763e-19
-0.000213565	0.108896	3.59106e-18
-0.000204032	0.108896	1.40659e-17
-0.000194499	0.108896	9.8216e-18
-0.000184965	0.108896	3.96418e-17
-0.000175432	0.108896	2.00114e-16
-0.000165898	0.108896	1.08657e-15
-0.000156365	0.108896	1.00869e-15
-0.000146831	0.108896	1.52414e-16
-0.000137298	0.108896	9.23772e-16
-0.000127764	0.108896	4.30447e-15
-0.000118231	0.108896	1.16868e-15
-0.000108698	0.108896	2.27988e-15
-9.91642e-05	0.108896	7.18344e-16
-8.96307e-05	0.108896	3.82918e-15
-8.00973e-05	0.108896	7.79705e-15
-7.05638e-05	0.108896	2.4006e-14
-6.10304e-05	0.108896	1.21131e-14
-5.1497e-05	0.108896	1.13477e-15
-4.19635e-05	0.108896	3.04691e-18
-3.24301e-05	0.108896	1.75003e-18
-2.28966e-05	0.108896	2.76088e-19
-1.33632e-05	0.108896	6.41181e-20
-3.82976e-06	0.108896	5.03099e-20
5.70368e-06	0.108896	2.67118e-20
1.52371e-05	0.108896	6.24722e-21
2.47706e-05	0.108896	1.43961e-21
3.4304e-05	0.108896	1.89306e-22
4.38374e-05	0.108896	1.28979e-23
5.33709e-05	0.108896	1.65427e-27
6.29043e-05	0.108896	1.49186e-30
7.24378e-05	0.108896	0
8.19712e-05	0.108896	0
9.15046e-05	0.108896	0
0.000101038	0.108896	0
0.000110572	0.108896	0
0.000120105	0.108896	0
0.000129638	0.108896	0
0.000139172	0.108896	0
0.000148705	0.108896	0
-0.000318433	0.116288	3.16876e-32
-0.0003089	0.116288	1.06321e-30
-0.000299366	0.116288	6.7067e-29
-0.000289833	0.116288	6.57592e-27
-0.0002803	0.116288	3.83146e-25
-0.000270766	0.116288	1.85037e-23
-0.000261233	0.116288	2.79837e-22
-0.000251699	0.116288	7.43078e-21
-0.000242166	0.116288	3.29051e-20
-0.000232632	0.116288	1.24491e-18
-0.000223099	0.116288	9.90833e-18
-0.000213565	0.116288	9.73231e-17
-0.000204032	0.116288	2.93964e-16
-0.000194499	0.116288	4.95519e-15
-0.000184965	0.116288	3.344e-14
-0.000175432	0.116288	9.83484e-14
-0.000165898	0.116288	2.66253e-14
-0.000156365	0.116288	7.46918e-14
-0.000146831	0.116288	1.96087e-13
-0.000137298	0.116288	9.16665e-13
-0.000127764	0.116288	4.85208e-13
-0.000118231	0.116288	2.47235e-12
-0.000108698	0.116288	2.24888e-12
-9.91642e-05	0.116288	1.67398e-12
-8.96307e-05	0.116288	3.62306e-14
-8.00973e-05	0.116288	9.17424e-14
-7.05638e-05	0.116288	1.09262e-13
-6.10304e-05	0.116288	1.88483e-13
-5.1497e-05	0.116288	2.08876e-13
-4.19635e-05	0.116288	1.16091e-13
-3.24301e-05	0.116288	9.42603e-14
-2.28966e-05	0.116288	3.73611e-14
-1.33632e-05	0.116288	1.93724e-17
-3.82976e-06	0.116288	7.67754e-18
5.70368e-06	0.116288	2.08742e-18
1.52371e-05	0.116288	1.55012e-19
2.47706e-05	0.116288	1.85198e-19
3.4304e-05	0.116288	3.87393e-20
4.38374e-05	0.116288	9.40909e-22
5.33709e-05	0.116288	2.7853e-22
6.29043e-05	0.116288	3.19129e-24
7.24378e-05	0.116288	2.47841e-27
8.19712e-05	0.116288	9.59021e-29
9.15046e-05	0.116288	2.79847e-31
0.000101038	0.116288	7.65525e-33
0.000110572	0.116288	1.8434e-33
0.000120105	0.116288	3.72321e-35
0.000129638	0.116288	2.19949e-36
0.000139172	0.116288	6.31671e-38
0.000148705	0.116288	1.62782e-39
-0.000318433	0.12368	2.71016e-31
-0.0003089	0.12368	3.06385e-30
-0.000299366	0.12368	3.8115e-28
-0.000289833	0.12368	1.47689e-26
-0.0002803	0.12368	2.72873e-24
-0.000270766	0.12368	1.37592e-22
-0.000261233	0.12368	2.44435e-21
-0.000251699	0.12368	1.17784e-19
-0.000242166	0.12368	4.39929e-18
-0.000232632	0.12368	2.48933e-17
-0.000223099	0.12368	6.07732e-17
-0.000213565	0.12368	7.0494e-16
-0.000204032	0.12368	7.01158e-15
-0.000194499	0.12368	2.52748e-14
-0.000184965	0.12368	1.88062e-13
-0.000175432	0.12368	1.14072e-12
-0.000165898	0.12368	6.77623e-12
-0.000156365	0.12368	3.16607e-11
-0.000146831	0.12368	5.92183e-11
-0.000137298	0.12368	1.80587e-11
-0.000127764	0.12368	1.92526e-10
-0.000118231	0.12368	4.89584e-11
-0.000108698	0.12368	1.2268e-10
-9.91642e-05	0.12368	1.80099e-10
-8.96307e-05	0.12368	3.21528e-10
-8.00973e-05	0.12368	1.2222e-10
-7.05638e-05	0.12368	7.21927e-11
-6.10304e-05	0.12368	3.61712e-12
-5.1497e-05	0.12368	7.3744e-13
-4.19635e-05	0.12368	7.52801e-13
-3.24301e-05	0.12368	5.63849e-13
-2.28966e-05	0.12368	3.02063e-13
-1.33632e-05	0.12368	1.99159e-13
-3.82976e-06	0.12368	1.09942e-14
5.70368e-06	0.12368	3.22892e-15
1.52371e-05	0.12368	6.63402e-18
2.47706e-05	0.12368	1.52683e-18
3.4304e-05	0.12368	9.44272e-19
4.38374e-05	0.12368	3.58651e-19
5.33709e-05	0.12368	9.00667e-20
6.29043e-05	0.12368	1.24766e-20
7.24378e-05	0.12368	1.4984e-23
8.19712e-05	0.12368	6.16005e-25
9.15046e-05	0.12368	2.41788e-26
0.000101038	0.12368	1.53099e-29
0.000110572	0.12368	5.40925e-31
0.000120105	0.12368	1.07963e-32
0.000129638	0.12368	5.43248e-35
0.000139172	0.12368	5.01927e-36
0.000148705	0.12368	8.12574e-38
-0.000318433	0.131072	3.22087e-28
-0.0003089	0.131072	6.71271e-27
-0.000299366	0.131072	7.46391e-26
-0.000289833	0.131072	1.56541e-25
-0.0002803	0.131072	1.77141e-23
-0.000270766	0.131072	5.91568e-22
-0.000261233	0.131072	3.93564e-20
-0.000251699	0.131072	8.79146e-19
-0.000242166	0.131072	2.86409e-17
-0.000232632	0.131072	3.62874e-16
-0.000223099	0.131072	3.5038e-15
-0.000213565	0.131072	3.01265e-14
-0.000204032	0.131072	1.91684e-13
-0.000194499	0.131072	3.62339e-13
-0.000184965	0.131072	1.28041e-12
-0.000175432	0.131072	7.30354e-12
-0.000165898	0.131072	4.29448e-11
-0.000156365	0.131072	2.49046e-10
-0.000146831	0.131072	1.64615e-09
-0.000137298	0.131072	7.5558e-09
-0.000127764	0.131072	1.5262e-08
-0.000118231	0.131072	3.2895e-09
-0.000108698	0.131072	4.31181e-09
-9.91642e-05	0.131072	1.17292e-08
-8.96307e-05	0.131072	1.72995e-09
-8.00973e-05	0.131072	4.89255e-10
-7.05638e-05	0.131072	4.5125e-10
-6.10304e-05	0.131072	2.32777e-10
-5.1497e-05	0.131072	1.46673e-10
-4.19635e-05	0.131072	1.21858e-10
-3.24301e-05	0.131072	1.11885e-11
-2.28966e-05	0.131072	1.27465e-11
-1.33632e-05	0.131072	4.94496e-13
-3.82976e-06	0.131072	1.79226e-13
5.70368e-06	0.131072	3.60342e-14
1.52371e-05	0.131072	9.49167e-15
2.47706e-05	0.131072	1.11877e-15
3.4304e-05	0.131072	5.19462e-17
4.38374e-05	0.131072	4.75409e-17
5.33709e-05	0.131072	1.2183e-18
6.29043e-05	0.131072	2.49615e-19
7.24378e-05	0.131072	3.23608e-20
8.19712e-05	0.131072	8.2676e-22
9.15046e-05	0.131072	7.68513e-24
0.000101038	0.131072	3.51129e-25
0.000110572	0.131072	1.17814e-26
0.000120105	0.131072	8.80392e-30
0.000129638	0.131072	5.00441e-31
0.000139172	0.131072	4.26294e-33
0.000148705	0.131072	3.59248e-35
-0.000318433	0.138464	6.5332e-25
-0.0003089	0.138464	7.61668e-24
-0.000299366	0.138464	9.5222e-22
-0.000289833	0.138464	1.7434e-20
-0.0002803	0.138464	2.02661e-19
-0.000270766	0.138464	9.15994e-19
-0.000261233	0.138464	2.0441e-19
-0.000251699	0.138464	5.69409e-18
-0.000242166	0.138464	1.79635e-16
-0.000232632	0.138464	1.65859e-15
-0.000223099	0.138464	4.78856e-15
-0.000213565	0.138464	4.01653e-14
-0.000204032	0.138464	3.68092e-13
-0.000194499	0.138464	1.43537e-12
-0.000184965	0.138464	1.47208e-11
-0.000175432	0.138464	2.05442e-11
-0.000165898	0.138464	1.02436e-10
-0.000156365	0.138464	4.97638e-10
-0.000146831	0.138464	2.4439e-09
-0.000137298	0.138464	1.00891e-08
-0.000127764	0.138464	2.59885e-08
-0.000118231	0.138464	1.2166e-07
-0.000108698	0.138464	3.69421e-07
-9.91642e-05	0.138464	1.59065e-06
-8.96307e-05	0.138464	1.68824e-06
-8.00973e-05	0.138464	2.89368e-07
-7.05638e-05	0.138464	1.4963e-07
-6.10304e-05	0.138464	3.7206e-09
-5.1497e-05	0.138464	2.32579e-09
-4.19635e-05	0.138464	1.43435e-09
-3.24301e-05	0.138464	1.32944e-09
-2.28966e-05	0.138464	9.86528e-10
-1.33632e-05	0.138464	1.93097e-10
-3.82976e-06	0.138464	1.50344e-11
5.70368e-06	0.138464	4.62532e-12
1.52371e-05	0.138464	8.20449e-13
2.47706e-05	0.138464	2.79471e-13
3.4304e-05	0.138464	5.91043e-15
4.38374e-05	0.138464	1.20512e-15
5.33709e-05	0.138464	2.17329e-16
6.29043e-05	0.138464	4.13183e-17
7.24378e-05	0.138464	6.01122e-18
8.19712e-05	0.138464	4.43085e-19
9.15046e-05	0.138464	1.69889e-21
0.000101038	0.138464	5.916e-23
0.000110572	0.138464	1.74697e-24
0.000120105	0.138464	1.02939e-25
0.000129638	0.138464	1.65645e-27
0.000139172	0.138464	2.4514e-31
0.000148705	0.138464	5.67555e-33
-0.000318433	0.145856	1.3318e-23
-0.0003089	0.145856	5.3193e-23
-0.000299366	0.145856	7.81506e-21
-0.000289833	0.145856	8.48126e-20
-0.0002803	0.145856	1.74051e-18
-0.000270766	0.145856	2.94712e-17
-0.000261233	0.145856	3.24957e-16
-0.000251699	0.145856	5.64365e-15
-0.000242166	0.145856	4.72619e-14
-0.000232632	0.145856	7.3461e-13
-0.000223099	0.145856	1.73853e-12
-0.000213565	0.145856	2.07624e-11
-0.000204032	0.145856	1.25116e-10
-0.000194499	0.145856	1.17608e-09
-0.000184965	0.145856	4.40324e-09
-0.000175432	0.145856	3.31644e-08
-0.000165898	0.145856	1.74894e-07
-0.000156365	0.145856	4.78366e-07
-0.000146831	0.145856	6.94175e-07
-0.000137298	0.145856	5.34161e-08
-0.000127764	0.145856	1.67382e-07
-0.000118231	0.145856	6.50855e-07
-0.000108698	0.145856	2.54195e-06
-9.91642e-05	0.145856	8.80032e-06
-8.96307e-05	0.145856	2.7766e-05
-8.00973e-05	0.145856	2.07937e-05
-7.05638e-05	0.145856	3.20338e-05
-6.10304e-05	0.145856	5.87623e-05
-5.1497e-05	0.145856	1.00509e-05
-4.19635e-05	0.145856	2.06526e-07
-3.24301e-05	0.145856	7.06035e-09
-2.28966e-05	0.145856	5.43871e-09
-1.33632e-05	0.145856	2.45646e-09
-3.82976e-06	0.145856	1.29607e-09
5.70368e-06	0.145856	5.44136e-10
1.52371e-05	0.145856	5.10182e-11
2.47706e-05	0.145856	4.46522e-12
3.4304e-05	0.145856	8.94585e-13
4.38374e-05	0.145856	1.33086e-13
5.33709e-05	0.145856	4.22839e-14
6.29043e-05	0.145856	1.88498e-14
7.24378e-05	0.145856	1.49114e-16
8.19712e-05	0.145856	4.70953e-18
9.15046e-05	0.145856	4.59784e-19
0.000101038	0.145856	2.13305e-20
0.000110572	0.145856	1.2699e-21
0.000120105	0.145856	2.12491e-24
0.000129638	0.145856	2.78746e-27
0.000139172	0.145856	1.44026e-28
0.000148705	0.145856	3.8382e-30
-0.000318433	0.153248	1.38322e-22
-0.0003089	0.153248	5.93649e-21
-0.000299366	0.153248	4.44823e-19
-0.000289833	0.153248	5.91289e-18
-0.0002803	0.153248	5.9712e-17
-0.000270766	0.153248	9.3901e-16
-0.000261233	0.153248	3.09749e-14
-0.000251699	0.153248	2.51318e-13
-0.000242166	0.153248	4.67991e-12
-0.000232632	0.153248	1.63876e-11
-0.000223099	0.153248	1.36178e-10
-0.000213565	0.153248	1.11024e-09
-0.000204032	0.153248	1.16089e-08
-0.000194499	0.153248	5.70771e-08
-0.000184965	0.153248	5.15499e-08
-0.000175432	0.153248	1.44328e-07
-0.000165898	0.153248	1.38362e-06
-0.000156365	0.153248	7.29801e-06
-0.000146831	0.153248	3.05849e-05
-0.000137298	0.153248	6.7932e-05
-0.000127764	0.153248	4.34991e-05
-0.000118231	0.153248	0.000154908
-0.000108698	0.153248	0.000354873
-9.91642e-05	0.153248	0.00102966
-8.96307e-05	0.153248	0.00401781
-8.00973e-05	0.153248	0.00998923
-7.05638e-05	0.153248	0.0369961
-6.10304e-05	0.153248	0.0421748
-5.1497e-05	0.153248	0.0236846
-4.19635e-05	0.153248	0.00992962
-3.24301e-05	0.153248	0.00470459
-2.28966e-05	0.153248	6.43246e-05
-1.33632e-05	0.153248	8.2154e-07
-3.82976e-06	0.153248	7.5578e-09
5.70368e-06	0.153248	2.47183e-10
1.52371e-05	0.153248	1.80405e-10
2.47706e-05	0.153248	1.50382e-11
3.4304e-05	0.153248	2.12643e-12
4.38374e-05	0.153248	7.81806e-14
5.33709e-05	0.153248	6.90002e-15
6.29043e-05	0.153248	2.06758e-15
7.24378e-05	0.153248	4.65299e-16
8.19712e-05	0.153248	8.87713e-17
9.15046e-05	0.153248	2.44125e-17
0.000101038	0.153248	2.32928e-18
0.000110572	0.153248	2.28364e-20
0.000120105	0.153248	4.16667e-23
0.000129638	0.153248	4.72693e-24
0.000139172	0.153248	2.91027e-25
0.000148705	0.153248	1.44312e-26
-0.000318433	0.16064	2.23705e-21
-0.0003089	0.16064	8.63516e-20
-0.000299366	0.16064	5.86401e-18
-0.000289833	0.16064	1.4187e-16
-0.0002803	0.16064	3.41215e-15
-0.000270766	0.16064	4.47891e-14
-0.000261233	0.16064	1.29338e-12
-0.000251699	0.16064	7.28646e-12
-0.000242166	0.16064	7.84907e-11
-0.000232632	0.16064	2.2538e-09
-0.000223099	0.16064	2.1894e-08
-0.000213565	0.16064	6.91227e-07
-0.000204032	0.16064	9.43729e-07
-0.000194499	0.16064	8.38807e-06
-0.000184965	0.16064	4.95004e-06
-0.000175432	0.16064	1.70458e-05
-0.000165898	0.16064	4.21434e-05
-0.000156365	0.16064	6.82417e-05
-0.000146831	0.16064	0.00011354
-0.000137298	0.16064	0.000299738
-0.000127764	0.16064	0.000909823
-0.000118231	0.16064	0.000685592
-0.000108698	0.16064	0.000179325
-9.91642e-05	0.16064	0.000338543
-8.96307e-05	0.16064	0.000597708
-8.00973e-05	0.16064	0.00183551
-7.05638e-05	0.16064	0.00493188
-6.10304e-05	0.16064	0.016695
-5.1497e-05	0.16064	0.0271556
-4.19635e-05	0.16064	0.0522727
-3.24301e-05	0.16064	0.00848282
-2.28966e-05	0.16064	0.00136312
-1.33632e-05	0.16064	0.000294631
-3.82976e-06	0.16064	1.34834e-05
5.70368e-06	0.16064	2.42048e-07
1.52371e-05	0.16064	1.57199e-08
2.47706e-05	0.16064	5.37113e-09
3.4304e-05	0.16064	7.12868e-10
4.38374e-05	0.16064	9.19268e-11
5.33709e-05	0.16064	2.38245e-11
6.29043e-05	0.16064	1.51292e-12
7.24378e-05	0.16064	8.63568e-14
8.19712e-05	0.16064	1.45567e-14
9.15046e-05	0.16064	4.0929e-15
0.000101038	0.16064	9.66038e-16
0.000110572	0.16064	9.83721e-17
0.000120105	0.16064	5.613e-18
0.000129638	0.16064	4.30223e-20
0.000139172	0.16064	8.41823e-24
0.000148705	0.16064	3.74816e-25
-0.000318433	0.168032	1.76122e-20
-0.0003089	0.168032	3.37163e-19
-0.000299366	0.168032	2.45333e-17
-0.000289833	0.168032	5.53078e-16
-0.0002803	0.168032	1.58374e-14
-0.000270766	0.168032	6.95116e-13
-0.000261233	0.168032	2.40438e-11
-0.000251699	0.168032	4.26217e-10
-0.000242166	0.168032	3.2143e-08
-0.000232632	0.168032	6.74566e-09
-0.000223099	0.168032	3.86107e-08
-0.000213565	0.168032	2.07361e-07
-0.000204032	0.168032	5.93306e-06
-0.000194499	0.168032	4.55211e-05
-0.000184965	0.168032	0.000124446
-0.000175432	0.168032	0.000161147
-0.000165898	0.168032	0.000118668
-0.000156365	0.168032	0.0001471
-0.000146831	0.168032	0.000670808
-0.000137298	0.168032	0.00272559
-0.000127764	0.168032	0.0106432
-0.000118231	0.168032	0.00134348
-0.000108698	0.168032	0.00205307
-9.91642e-05	0.168032	0.00286137
-8.96307e-05	0.168032	0.00408823
-8.00973e-05	0.168032	0.00409927
-7.05638e-05	0.168032	0.00573866
-6.10304e-05	0.168032	0.0183457
-5.1497e-05	0.168032	0.0716944
-4.19635e-05	0.168032	0.0793996
-3.24301e-05	0.168032	0.0645533
-2.28966e-05	0.168032	0.0397969
-1.33632e-05	0.168032	0.00491258
-3.82976e-06	0.168032	0.000625438
5.70368e-06	0.168032	0.000146756
1.52371e-05	0.168032	7.59684e-06
2.47706e-05	0.168032	4.58095e-07
3.4304e-05	0.168032	5.65358e-08
4.38374e-05	0.168032	1.16096e-09
5.33709e-05	0.168032	7.13009e-11
6.29043e-05	0.168032	1.25824e-11
7.24378e-05	0.168032	2.73785e-12
8.19712e-05	0.168032	8.21628e-13
9.15046e-05	0.168032	6.42989e-14
0.000101038	0.168032	1.20593e-15
0.000110572	0.168032	1.38773e-16
0.000120105	0.168032	9.11189e-18
0.000129638	0.168032	1.0792e-18
0.000139172	0.168032	1.15476e-19
0.000148705	0.168032	2.66162e-21
-0.000318433	0.175424	5.93207e-21
-0.0003089	0.175424	3.12175e-19
-0.000299366	0.175424	1.54158e-17
-0.000289833	0.175424	2.98813e-16
-0.0002803	0.175424	3.75264e-15
-0.000270766	0.175424	1.4734e-13
-0.000261233	0.175424	3.7242e-12
-0.000251699	0.175424	7.34574e-11
-0.000242166	0.175424	3.76595e-09
-0.000232632	0.175424	1.00831e-07
-0.000223099	0.175424	1.21612e-06
-0.000213565	0.175424	6.09641e-05
-0.000204032	0.175424	0.00231236
-0.000194499	0.175424	0.00797539
-0.000184965	0.175424	0.00119601
-0.000175432	0.175424	0.00256419
-0.000165898	0.175424	0.00405272
-0.000156365	0.175424	0.00512401
-0.000146831	0.175424	0.00885241
-0.000137298	0.175424	0.0112202
-0.000127764	0.175424	0.0212965
-0.000118231	0.175424	0.0825921
-0.000108698	0.175424	0.169343
-9.91642e-05	0.175424	0.422537
-8.96307e-05	0.175424	0.39742
-8.00973e-05	0.175424	0.237294
-7.05638e-05	0.175424	0.305663
-6.10304e-05	0.175424	0.269565
-5.1497e-05	0.175424	0.0949986
-4.19635e-05	0.175424	0.126288
-3.24301e-05	0.175424	0.129523
-2.28966e-05	0.175424	0.0553996
-1.33632e-05	0.175424	0.0211043
-3.82976e-06	0.175424	0.0138992
5.70368e-06	0.175424	0.00440791
1.52371e-05	0.175424	0.000413024
2.47706e-05	0.175424	2.34411e-05
3.4304e-05	0.175424	1.26255e-06
4.38374e-05	0.175424	1.14194e-07
5.33709e-05	0.175424	1.97674e-08
6.29043e-05	0.175424	1.18351e-09
7.24378e-05	0.175424	2.62549e-11
8.19712e-05	0.175424	1.43965e-12
9.15046e-05	0.175424	2.17958e-13
0.000101038	0.175424	1.5356e-21
0.000110572	0.175424	1.72e-45
0.000120105	0.175424	8.22546e-82
0.000129638	0.175424	9.10856e-128
0.000139172	0.175424	0
0.000148705	0.175424	0
-0.000318433	0.182816	2.61466e-19
-0.0003089	0.182816	8.75067e-18
-0.000299366	0.182816	2.5668e-16
-0.000289833	0.182816	6.87747e-15
-0.0002803	0.182816	2.65476e-13
-0.000270766	0.182816	5.22112e-12
-0.000261233	0.182816	8.44426e-11
-0.000251699	0.182816	1.48771e-10
-0.000242166	0.182816	6.0775e-09
-0.000232632	0.182816	1.43853e-07
-0.000223099	0.182816	3.8939e-06
-0.000213565	0.182816	0.000234721
-0.000204032	0.182816	0.0080148
-0.000194499	0.182816	0.0464568
-0.000184965	0.182816	0.223763
-0.000175432	0.182816	0.385165
-0.000165898	0.182816	0.985576
-0.000156365	0.182816	0.413379
-0.000146831	0.182816	0.885948
-0.000137298	0.182816	0.123867
-0.000127764	0.182816	0.216305
-0.000118231	0.182816	0.259603
-0.000108698	0.182816	0.54158
-9.91642e-05	0.182816	1.02995
-8.96307e-05	0.182816	2.7125
-8.00973e-05	0.182816	3.99416
-7.05638e-05	0.182816	5.23477
-6.10304e-05	0.182816	28.0859
-5.1497e-05	0.182816	35.3459
-4.19635e-05	0.182816	4.10454
-3.24301e-05	0.182816	0.565473
-2.28966e-05	0.182816	1.69794e-09
-1.33632e-05	0.182816	9.5932e-34
-3.82976e-06	0.182816	2.97188e-69
5.70368e-06	0.182816	5.71575e-116
1.52371e-05	0.182816	1.50471e-314
2.47706e-05	0.182816	4.4646e-315
3.4304e-05	0.182816	3.14357e-316
4.38374e-05	0.182816	5.03153e-317
5.33709e-05	0.182816	3.85716e-318
6.29043e-05	0.182816	3.67832e-320
7.24378e-05	0.182816	2.49009e-321
8.19712e-05	0.182816	1.4822e-322
9.15046e-05	0.182816	2.47033e-323
0.000101038	0.182816	0
0.000110572	0.182816	0
0.000120105	0.182816	0
0.000129638	0.182816	0
0.000139172	0.182816	0
0.000148705	0.182816	0
-0.000318433	0.190208	7.60118e-19
-0.0003089	0.190208	1.80905e-17
-0.000299366	0.190208	6.71507e-16
-0.000289833	0.190208	1.82324e-14
-0.0002803	0.190208	4.99307e-13
-0.000270766	0.190208	1.53582e-11
-0.000261233	0.190208	2.85551e-10
-0.000251699	0.190208	6.26643e-09
-0.000242166	0.190208	2.03397e-07
-0.000232632	0.190208	2.05226e-06
-0.000223099	0.190208	2.21797e-05
-0.000213565	0.190208	0.000992524
-0.000204032	0.190208	0.107314
-0.000194499	0.190208	0.652886
-0.000184965	0.190208	2.08786
-0.000175432	0.190208	10.722
-0.000165898	0.190208	48.308
-0.000156365	0.190208	0.372851
-0.000146831	0.190208	6.86746e-18
-0.000137298	0.190208	7.38652e-45
-0.000127764	0.190208	2.48667e-85
-0.000118231	0.190208	6.04609e-310
-0.000108698	0.190208	5.16705e-310
-9.91642e-05	0.190208	5.00984e-310
-8.96307e-05	0.190208	1.40358e-310
-8.00973e-05	0.190208	6.90265e-311
-7.05638e-05	0.190208	8.50287e-311
-6.10304e-05	0.190208	2.61139e-310
-5.1497e-05	0.190208	3.29374e-310
-4.19635e-05	0.190208	3.30117e-310
-3.24301e-05	0.190208	2.17531e-310
-2.28966e-05	0.190208	1.6301e-310
-1.33632e-05	0.190208	5.63048e-311
-3.82976e-06	0.190208	2.60652e-312
5.70368e-06	0.190208	6.73388e-313
1.52371e-05	0.190208	2.04051e-313
2.47706e-05	0.190208	4.4018e-314
3.4304e-05	0.190208	1.49293e-314
4.38374e-05	0.190208	2.35107e-315
5.33709e-05	0.190208	4.73052e-316
6.29043e-05	0.190208	2.76831e-317
7.24378e-05	0.190208	4.48913e-319
8.19712e-05	0.190208	2.00492e-320
9.15046e-05	0.190208	9.38725e-323
0.000101038	0.190208	2.47033e-323
0.000110572	0.190208	0
0.000120105	0.190208	0
0.000129638	0.190208	0
0.000139172	0.190208	0
0.000148705	0.190208	0
-0.000318433	0.1976	4.90116e-18
-0.0003089	0.1976	1.14602e-16
-0.000299366	0.1976	2.24876e-15
-0.000289833	0.1976	7.35062e-15
-0.0002803	0.1976	1.30117e-26
-0.000270766	0.1976	1.54606e-49
-0.000261233	0.1976	1.64328e-86
-0.000251699	0.1976	3.02665e-320
-0.000242166	0.1976	1.03541e-318
-0.000232632	0.1976	3.89143e-317
-0.000223099	0.1976	1.22253e-315
-0.000213565	0.1976	1.28605e-314
-0.000204032	0.1976	3.82929e-313
-0.000194499	0.1976	3.49371e-312
-0.000184965	0.1976	2.66306e-311
-0.000175432	0.1976	1.7043e-310
-0.000165898	0.1976	6.14765e-310
-0.000156365	0.1976	2.29143e-309
-0.000146831	0.1976	1.20808e-308
-0.000137298	0.1976	1.8968e-308
-0.000127764	0.1976	1.69533e-308
-0.000118231	0.1976	2.46185e-308
-0.000108698	0.1976	2.15671e-308
-9.91642e-05	0.1976	1.63919e-308
-8.96307e-05	0.1976	8.61445e-309
-8.00973e-05	0.1976	2.85163e-308
-7.05638e-05	0.1976	2.97107e-308
-6.10304e-05	0.1976	1.80976e-308
-5.1497e-05	0.1976	3.9164e-309
-4.19635e-05	0.1976	6.39376e-309
-3.24301e-05	0.1976	2.58035e-309
-2.28966e-05	0.1976	2.66766e-309
-1.33632e-05	0.1976	1.11145e-309
-3.82976e-06	0.1976	5.80349e-310
5.70368e-06	0.1976	3.28662e-310
1.52371e-05	0.1976	6.56647e-311
2.47706e-05	0.1976	1.54277e-312
3.4304e-05	0.1976	1.32748e-313
4.38374e-05	0.1976	3.19644e-314
5.33709e-05	0.1976	7.40219e-315
6.29043e-05	0.1976	2.55706e-315
7.24378e-05	0.1976	6.20468e-317
8.19712e-05	0.1976	1.56511e-318
9.15046e-05	0.1976	1.66154e-320
0.000101038	0.1976	1.16105e-321
0.000110572	0.1976	9.88131e-324
0.000120105	0.1976	0
0.000129638	0.1976	0
0.000139172	0.1976	0
0.000148705	0.1976	0
-0.000318433	0.204992	0
-0.0003089	0.204992	0
-0.000299366	0.204992	0
-0.000289833	0.204992	0
-0.0002803	0.204992	4.94066e-324
-0.000270766	0.204992	7.90505e-323
-0.000261233	0.204992	2.41104e-321
-0.000251699	0.204992	6.90901e-320
-0.000242166	0.204992	3.1627e-318
-0.000232632	0.204992	9.87044e-317
-0.000223099	0.204992	1.90102e-315
-0.000213565	0.204992	4.67408e-314
-0.000204032	0.204992	1.05201e-312
-0.000194499	0.204992	7.28423e-312
-0.000184965	0.204992	4.09088e-311
-0.000175432	0.204992	2.51209e-310
-0.000165898	0.204992	1.92155e-309
-0.000156365	0.204992	7.88171e-309
-0.000146831	0.204992	1.23555e-308
-0.000137298	0.204992	2.85818e-308
-0.000127764	0.204992	6.33404e-308
-0.000118231	0.204992	3.12731e-307
-0.000108698	0.204992	4.31089e-307
-9.91642e-05	0.204992	2.95174e-307
-8.96307e-05	0.204992	6.75658e-307
-8.00973e-05	0.204992	4.73866e-307
-7.05638e-05	0.204992	1.15482e-307
-6.10304e-05	0.204992	7.09135e-308
-5.1497e-05	0.204992	5.6664e-308
-4.19635e-05	0.204992	1.2184e-307
-3.24301e-05	0.204992	3.31741e-308
-2.28966e-05	0.204992	3.40672e-308
-1.33632e-05	0.204992	1.95166e-308
-3.82976e-06	0.204992	1.50999e-309
5.70368e-06	0.204992	2.86236e-310
1.52371e-05	0.204992	9.11451e-311
2.47706e-05	0.204992	1.76489e-311
3.4304e-05	0.204992	1.55736e-316
4.38374e-05	0.204992	0
5.33709e-05	0.204992	0
6.29043e-05	0.204992	0
7.24378e-05	0.204992	0
8.19712e-05	0.204992	0
9.15046e-05	0.204992	0
0.000101038	0.204992	0
0.000110572	0.204992	0
0.000120105	0.204992	0
0.000129638	0.204992	0
0.000139172	0.204992	0
0.000148705	0.204992	0
-0.000318433	0.212384	0
-0.0003089	0.212384	0
-0.000299366	0.212384	0
-0.000289833	0.212384	9.88131e-324
-0.0002803	0.212384	2.07508e-322
-0.000270766	0.212384	4.51576e-321
-0.000261233	0.212384	3.8715e-320
-0.000251699	0.212384	2.92418e-319
-0.000242166	0.212384	3.53272e-318
-0.000232632	0.212384	9.9548e-317
-0.000223099	0.212384	2.76499e-315
-0.000213565	0.212384	5.10537e-314
-0.000204032	0.212384	1.07174e-312
-0.000194499	0.212384	3.53166e-311
-0.000184965	0.212384	2.20065e-310
-0.000175432	0.212384	1.81562e-309
-0.000165898	0.212384	6.10089e-309
-0.000156365	0.212384	8.12226e-309
-0.000146831	0.212384	1.40608e-308
-0.000137298	0.212384	4.04162e-308
-0.000127764	0.212384	1.47935e-307
-0.000118231	0.212384	2.68189e-307
-0.000108698	0.212384	2.03051e-307
-9.91642e-05	0.212384	2.02567e-322
-8.96307e-05	0.212384	0
-8.00973e-05	0.212384	0
-7.05638e-05	0.212384	0
-6.10304e-05	0.212384	0
-5.1497e-05	0.212384	0
-4.19635e-05	0.212384	0
-3.24301e-05	0.212384	0
-2.28966e-05	0.212384	0
-1.33632e-05	0.212384	0
-3.82976e-06	0.212384	0
5.70368e-06	0.212384	0
1.52371e-05	0.212384	0
2.47706e-05	0.212384	0
3.4304e-05	0.212384	0
4.38374e-05	0.212384	0
5.33709e-05	0.212384	0
6.29043e-05	0.212384	0
7.24378e-05	0.212384	0
8.19712e-05	0.212384	0
9.15046e-05	0.212384	0
0.000101038	0.212384	0
0.000110572	0.212384	0
0.000120105	0.212384	0
0.000129638	0.212384	0
0.000139172	0.212384	0
0.000148705	0.212384	0
-0.000318433	0.219776	0
-0.0003089	0.219776	4.94066e-324
-0.000299366	0.219776	4.94066e-323
-0.000289833	0.219776	6.17582e-322
-0.0002803	0.219776	1.71737e-320
-0.000270766	0.219776	7.15911e-319
-0.000261233	0.219776	2.32017e-318
-0.000251699	0.219776	5.19263e-320
-0.000242166	0.219776	0
-0.000232632	0.219776	0
-0.000223099	0.219776	0
-0.000213565	0.219776	0
-0.000204032	0.219776	0
-0.000194499	0.219776	0
-0.000184965	0.219776	0
-0.000175432	0.219776	0
-0.000165898	0.219776	0
-0.000156365	0.219776	0
-0.000146831	0.219776	0
-0.000137298	0.219776	0
-0.000127764	0.219776	0
-0.000118231	0.219776	0
-0.000108698	0.219776	0
-9.91642e-05	0.219776	0
-8.96307e-05	0.219776	0
-8.00973e-05	0.219776	0
-7.05638e-05	0.219776	0
-6.10304e-05	0.219776	0
-5.1497e-05	0.219776	0
-4.19635e-05	0.219776	0
-3.24301e-05	0.219776	0
-2.28966e-05	0.219776	0
-1.33632e-05	0.219776	0
-3.82976e-06	0.219776	0
5.70368e-06	0.219776	0
1.52371e-05	0.219776	0
2.47706e-05	0.219776	0
3.4304e-05	0.219776	0
4.38374e-05	0.219776	0
5.33709e-05	0.219776	0
6.29043e-05	0.219776	0
7.24378e-05	0.219776	0
8.19712e-05	0.219776	0
9.15046e-05	0.219776	0
0.000101038	0.219776	0
0.000110572	0.219776	0
0.000120105	0.219776	0
0.000129638	0.219776	0
0.000139172	0.219776	0
0.000148705	0.219776	0
-0.000318433	0.227168	0
-0.0003089	0.227168	0
-0.000299366	0.227168	0
-0.000289833	0.227168	0
-0.0002803	0.227168	0
-0.000270766	0.227168	0
-0.000261233	0.227168	0
-0.000251699	0.227168	0
-0.000242166	0.227168	0
-0.000232632	0.227168	0
-0.000223099	0.227168	0
-0.000213565	0.227168	0
-0.000204032	0.227168	0
-0.000194499	0.227168	0
-0.000184965	0.227168	0
-0.000175432	0.227168	0
-0.000165898	0.227168	0
-0.000156365	0.227168	0
-0.000146831	0.227168	0
-0.000137298	0.227168	0
-0.000127764	0.227168	0
-0.000118231	0.227168	0
-0.000108698	0.227168	0
-9.91642e-05	0.227168	0
-8.96307e-05	0.227168	0
-8.00973e-05	0.227168	0
-7.05638e-05	0.227168	0
-6.10304e-05	0.227168	0
-5.1497e-05	0.227168	0
-4.19635e-05	0.227168	0
-3.24301e-05	0.227168	0
-2.28966e-05	0.227168	0
-1.33632e-05	0.227168	0
-3.82976e-06	0.227168	0
5.70368e-06	0.227168	0
1.52371e-05	0.227168	0
2.47706e-05	0.227168	0
3.4304e-05	0.227168	0
4.38374e-05	0.227168	0
5.33709e-05	0.227168	0
6.29043e-05	0.227168	0
7.24378e-05	0.227168	0
8.19712e-05	0.227168	0
9.15046e-05	0.227168	0
0.000101038	0.227168	0
0.000110572	0.227168	0
0.000120105	0.227168	0
0.000129638	0.227168	0
0.000139172	0.227168	0
0.000148705	0.227168	0
-0.000318433	0.23456	0
-0.0003089	0.23456	0
-0.000299366	0.23456	0
-0.000289833	0.23456	0
-0.0002803	0.23456	0
-0.000270766	0.23456	0
-0.000261233	0.23456	0
-0.000251699	0.23456	0
-0.000242166	0.23456	0
-0.000232632	0.23456	0
-0.000223099	0.23456	0
-0.000213565	0.23456	0
-0.000204032	0.23456	0
-0.000194499	0.23456	0
-0.000184965	0.23456	0
-0.000175432	0.23456	0
-0.000165898	0.23456	0
-0.000156365	0.23456	0
-0.000146831	0.23456	0
-0.000137298	0.23456	0
-0.000127764	0.23456	0
-0.000118231	0.23456	0
-0.000108698	0.23456	0
-9.91642e-05	0.23456	0
-8.96307e-05	0.23456	0
-8.00973e-05	0.23456	0
-7.05638e-05	0.23456	0
-6.10304e-05	0.23456	0
-5.1497e-05	0.23456	0
-4.19635e-05	0.23456	0
-3.24301e-05	0.23456	0
-2.28966e-05	0.23456	0
-1.33632e-05	0.23456	0
-3.82976e-06	0.23456	0
5.70368e-06	0.23456	0
1.52371e-05	0.23456	0
2.47706e-05	0.23456	0
3.4304e-05	0.23456	0
4.38374e-05	0.23456	0
5.33709e-05	0.23456	0
6.29043e-05	0.23456	0
7.24378e-05	0.23456	0
8.19712e-05	0.23456	0
9.15046e-05	0.23456	0
0.000101038	0.23456	0
0.000110572	0.23456	0
0.000120105	0.23456	0
0.000129638	0.23456	0
0.000139172	0.23456	0
0.000148705	0.23456	0
-0.000318433	0.241952	0
-0.0003089	0.241952	0
-0.000299366	0.241952	0
-0.000289833	0.241952	0
-0.0002803	0.241952	0
-0.000270766	0.241952	0
-0.000261233	0.241952	0
-0.000251699	0.241952	0
-0.000242166	0.241952	0
-0.000232632	0.241952	0
-0.000223099	0.241952	0
-0.000213565	0.241952	0
-0.000204032	0.241952	0
-0.000194499	0.241952	0
-0.000184965	0.241952	0
-0.000175432	0.241952	0
-0.000165898	0.241952	0
-0.000156365	0.241952	0
-0.000146831	0.241952	0
-0.000137298	0.241952	0
-0.000127764	0.241952	0
-0.000118231	0.241952	0
-0.000108698	0.241952	0
-9.91642e-05	0.241952	0
-8.96307e-05	0.241952	0
-8.00973e-05	0.241952	0
-7.05638e-05	0.241952	0
-6.10304e-05	0.241952	0
-5.1497e-05	0.241952	0
-4.19635e-05	0.241952	0
-3.24301e-05	0.241952	0
-2.28966e-05	0.241952	0
-1.33632e-05	0.241952	0
-3.82976e-06	0.241952	0
5.70368e-06	0.241952	0
1.52371e-05	0.241952	0
2.47706e-05	0.241952	0
3.4304e-05	0.241952	0
4.38374e-05	0.241952	0
5.33709e-05	0.241952	0
6.29043e-05	0.241952	0
7.24378e-05	0.241952	0
8.19712e-05	0.241952	0
9.15046e-05	0.241952	0
0.000101038	0.241952	0
0.000110572	0.241952	0
0.000120105	0.241952	0
0.000129638	0.241952	0
0.000139172	0.241952	0
0.000148705	0.241952	0
-0.000318433	0.249344	0
-0.0003089	0.249344	0
-0.000299366	0.249344	0
-0.000289833	0.249344	0
-0.0002803	0.249344	0
-0.000270766	0.249344	0
-0.000261233	0.249344	0
-0.000251699	0.249344	0
-0.000242166	0.249344	0
-0.000232632	0.249344	0
-0.000223099	0.249344	0
-0.000213565	0.249344	0
-0.000204032	0.249344	0
-0.000194499	0.249344	0
-0.000184965	0.249344	0
-0.000175432	0.249344	0
-0.000165898	0.249344	0
-0.000156365	0.249344	0
-0.000146831	0.249344	0
-0.000137298	0.249344	0
-0.000127764	0.249344	0
-0.000118231	0.249344	0
-0.000108698	0.249344	0
-9.91642e-05	0.249344	0
-8.96307e-05	0.249344	0
-8.00973e-05	0.249344	0
-7.05638e-05	0.249344	0
-6.10304e-05	0.249344	0
-5.1497e-05	0.249344	0
-4.19635e-05	0.249344	0
-3.24301e-05	0.249344	0
-2.28966e-05	0.249344	0
-1.33632e-05	0.249344	0
-3.82976e-06	0.249344	0
5.70368e-06	0.249344	0
1.52371e-05	0.249344	0
2.47706e-05	0.249344	0
3.4304e-05	0.249344	0
4.38374e-05	0.249344	0
5.33709e-05	0.249344	0
6.29043e-05	0.249344	0
7.24378e-05	0.249344	0
8.19712e-05	0.249344	0
9.15046e-05	0.249344	0
0.000101038	0.249344	0
0.000110572	0.249344	0
0.000120105	0.249344	0
0.000129638	0.249344	0
0.000139172	0.249344	0
0.000148705	0.249344	0
-0.000318433	0.256736	0
-0.0003089	0.256736	0
-0.000299366	0.256736	0
-0.000289833	0.256736	0
-0.0002803	0.256736	0
-0.000270766	0.256736	0
-0.000261233	0.256736	0
-0.000251699	0.256736	0
-0.000242166	0.256736	0
-0.000232632	0.256736	0
-0.000223099	0.256736	0
-0.000213565	0.256736	0
-0.000204032	0.256736	0
-0.000194499	0.256736	0
-0.000184965	0.256736	0
-0.000175432	0.256736	0
-0.000165898	0.256736	0
-0.000156365	0.256736	0
-0.000146831	0.256736	0
-0.000137298	0.256736	0
-0.000127764	0.256736	0
-0.000118231	0.256736	0
-0.000108698	0.256736	0
-9.91642e-05	0.256736	0
-8.96307e-05	0.256736	0
-8.00973e-05	0.256736	0
-7.05638e-05	0.256736	0
-6.10304e-05	0.256736	0
-5.1497e-05	0.256736	0
-4.19635e-05	0.256736	0
-3.24301e-05	0.256736	0
-2.28966e-05	0.256736	0
-1.33632e-05	0.256736	0
-3.82976e-06	0.256736	0
5.70368e-06	0.256736	0
1.52371e-05	0.256736	0
2.47706e-05	0.256736	0
3.4304e-05	0.256736	0
4.38374e-05	0.256736	0
5.33709e-05	0.256736	0
6.29043e-05	0.256736	0
7.24378e-05	0.256736	0
8.19712e-05	0.256736	0
9.15046e-05	0.256736	0
0.000101038	0.256736	0
0.000110572	0.256736	0
0.000120105	0.256736	0
0.000129638	0.256736	0
0.000139172	0.256736	0
0.000148705	0.256736	0
-0.000318433	0.264128	0
-0.0003089	0.264128	0
-0.000299366	0.264128	0
-0.000289833	0.264128	0
-0.0002803	0.264128	0
-0.000270766	0.264128	0
-0.000261233	0.264128	0
-0.000251699	0.264128	0
-0.000242166	0.264128	0
-0.000232632	0.264128	0
-0.000223099	0.264128	0
-0.000213565	0.264128	0
-0.000204032	0.264128	0
-0.000194499	0.264128	0
-0.000184965	0.264128	0
-0.000175432	0.264128	0
-0.000165898	0.264128	0
-0.000156365	0.264128	0
-0.000146831	0.264128	0
-0.000137298	0.264128	0
-0.000127764	0.264128	0
-0.000118231	0.264128	0
-0.000108698	0.264128	0
-9.91642e-05	0.264128	0
-8.96307e-05	0.264128	0
-8.00973e-05	0.264128	0
-7.05638e-05	0.264128	0
-6.10304e-05	0.264128	0
-5.1497e-05	0.264128	0
-4.19635e-05	0.264128	0
-3.24301e-05	0.264128	0
-2.28966e-05	0.264128	0
-1.33632e-05	0.264128	0
-3.82976e-06	0.264128	0
5.70368e-06	0.264128	0
1.52371e-05	0.264128	0
2.47706e-05	0.264128	0
3.4304e-05	0.264128	0
4.38374e-05	0.264128	0
5.33709e-05	0.264128	0
6.29043e-05	0.264128	0
7.24378e-05	0.264128	0
8.19712e-05	0.264128	0
9.15046e-05	0.264128	0
0.000101038	0.264128	0
0.000110572	0.264128	0
0.000120105	0.264128	0
0.000129638	0.264128	0
0.000139172	0.264128	0
0.000148705	0.264128	0
-0.000318433	0.27152	0
-0.0003089	0.27152	0
-0.000299366	0.27152	0
-0.000289833	0.27152	0
-0.0002803	0.27152	0
-0.000270766	0.27152	0
-0.000261233	0.27152	0
-0.000251699	0.27152	0
-0.000242166	0.27152	0
-0.000232632	0.27152	0
-0.000223099	0.27152	0
-0.000213565	0.27152	0
-0.000204032	0.27152	0
-0.000194499	0.27152	0
-0.000184965	0.27152	0
-0.000175432	0.27152	0
-0.000165898	0.27152	0
-0.000156365	0.27152	0
-0.000146831	0.27152	0
-0.000137298	0.27152	0
-0.000127764	0.27152	0
-0.000118231	0.27152	0
-0.000108698	0.27152	0
-9.91642e-05	0.27152	0
-8.96307e-05	0.27152	0
-8.00973e-05	0.27152	0
-7.05638e-05	0.27152	0
-6.10304e-05	0.27152	0
-5.1497e-05	0.27152	0
-4.19635e-05	0.27152	0
-3.24301e-05	0.27152	0
-2.28966e-05	0.27152	0
-1.33632e-05	0.27152	0
-3.82976e-06	0.27152	0
5.70368e-06	0.27152	0
1.52371e-05	0.27152	0
2.47706e-05	0.27152	0
3.4304e-05	0.27152	0
4.38374e-05	0.27152	0
5.33709e-05	0.27152	0
6.29043e-05	0.27152	0
7.24378e-05	0.27152	0
8.19712e-05	0.27152	0
9.15046e-05	0.27152	0
0.000101038	0.27152	0
0.000110572	0.27152	0
0.000120105	0.27152	0
0.000129638	0.27152	0
0.000139172	0.27152	0
0.000148705	0.27152	0
-0.000318433	0.278912	0
-0.0003089	0.278912	0
-0.000299366	0.278912	0
-0.000289833	0.278912	0
-0.0002803	0.278912	0
-0.000270766	0.278912	0
-0.000261233	0.278912	0
-0.000251699	0.278912	0
-0.000242166	0.278912	0
-0.000232632	0.278912	0
-0.000223099	0.278912	0
-0.000213565	0.278912	0
-0.000204032	0.278912	0
-0.000194499	0.278912	0
-0.000184965	0.278912	0
-0.000175432	0.278912	0
-0.000165898	0.278912	0
-0.000156365	0.278912	0
-0.000146831	0.278912	0
-0.000137298	0.278912	0
-0.000127764	0.278912	0
-0.000118231	0.278912	0
-0.000108698	0.278912	0
-9.91642e-05	0.278912	0
-8.96307e-05	0.278912	0
-8.00973e-05	0.278912	0
-7.05638e-05	0.278912	0
-6.10304e-05	0.278912	0
-5.1497e-05	0.278912	0
-4.19635e-05	0.278912	0
-3.24301e-05	0.278912	0
-2.28966e-05	0.278912	0
-1.33632e-05	0.278912	0
-3.82976e-06	0.278912	0
5.70368e-06	0.278912	0
1.52371e-05	0.278912	0
2.47706e-05	0.278912	0
3.4304e-05	0.278912	0
4.38374e-05	0.278912	0
5.33709e-05	0.278912	0
6.29043e-05	0.278912	0
7.24378e-05	0.278912	0
8.19712e-05	0.278912	0
9.15046e-05	0.278912	0
0.000101038	0.278912	0
0.000110572	0.278912	0
0.000120105	0.278912	0
0.000129638	0.278912	0
0.000139172	0.278912	0
0.000148705	0.278912	0
-0.000318433	0.286304	0
-0.0003089	0.286304	0
-0.000299366	0.286304	0
-0.000289833	0.286304	0
-0.0002803	0.286304	0
-0.000270766	0.286304	0
-0.000261233	0.286304	0
-0.000251699	0.286304	0
-0.000242166	0.286304	0
-0.000232632	0.286304	0
-0.000223099	0.286304	0
-0.000213565	0.286304	0
-0.000204032	0.286304	0
-0.000194499	0.286304	0
-0.000184965	0.286304	0
-0.000175432	0.286304	0
-0.000165898	0.286304	0
-0.000156365	0.286304	0
-0.000146831	0.286304	0
-0.000137298	0.286304	0
-0.000127764	0.286304	0
-0.000118231	0.286304	0
-0.000108698	0.286304	0
-9.91642e-05	0.286304	0
-8.96307e-05	0.286304	0
-8.00973e-05	0.286304	0
-7.05638e-05	0.286304	0
-6.10304e-05	0.286304	0
-5.1497e-05	0.286304	0
-4.19635e-05	0.286304	0
-3.24301e-05	0.286304	0
-2.28966e-05	0.286304	0
-1.33632e-05	0.286304	0
-3.82976e-06	0.286304	0
5.70368e-06	0.286304	0
1.52371e-05	0.286304	0
2.47706e-05	0.286304	0
3.4304e-05	0.286304	0
4.38374e-05	0.286304	0
5.33709e-05	0.286304	0
6.29043e-05	0.286304	0
7.24378e-05	0.286304	0
8.19712e-05	0.286304	0
9.15046e-05	0.286304	0
0.000101038	0.286304	0
0.000110572	0.286304	0
0.000120105	0.286304	0
0.000129638	0.286304	0
0.000139172	0.286304	0
0.000148705	0.286304	0
-0.000318433	0.293696	0
-0.0003089	0.293696	0
-0.000299366	0.293696	0
-0.000289833	0.293696	0
-0.0002803	0.293696	0
-0.000270766	0.293696	0
-0.000261233	0.293696	0
-0.000251699	0.293696	0
-0.000242166	0.293696	0
-0.000232632	0.293696	0
-0.000223099	0.293696	0
-0.000213565	0.293696	0
-0.000204032	0.293696	0
-0.000194499	0.293696	0
-0.000184965	0.293696	0
-0.000175432	0.293696	0
-0.000165898	0.293696	0
-0.000156365	0.293696	0
-0.000146831	0.293696	0
-0.000137298	0.293696	0
-0.000127764	0.293696	0
-0.000118231	0.293696	0
-0.000108698	0.293696	0
-9.91642e-05	0.293696	0
-8.96307e-05	0.293696	0
-8.00973e-05	0.293696	0
-7.05638e-05	0.293696	0
-6.10304e-05	0.293696	0
-5.1497e-05	0.293696	0
-4.19635e-05	0.293696	0
-3.24301e-05	0.293696	0
-2.28966e-05	0.293696	0
-1.33632e-05	0.293696	0
-3.82976e-06	0.293696	0
5.70368e-06	0.293696	0
1.52371e-05	0.293696	0
2.47706e-05	0.293696	0
3.4304e-05	0.293696	0
4.38374e-05	0.293696	0
5.33709e-05	0.293696	0
6.29043e-05	0.293696	0
7.24378e-05	0.293696	0
8.19712e-05	0.293696	0
9.15046e-05	0.293696	0
0.000101038	0.293696	0
0.000110572	0.293696	0
0.000120105	0.293696	0
0.000129638	0.293696	0
0.000139172	0.293696	0
0.000148705	0.293696	0
-0.000318433	0.301088	0
-0.0003089	0.301088	0
-0.000299366	0.301088	0
-0.000289833	0.301088	0
-0.0002803	0.301088	0
-0.000270766	0.301088	0
-0.000261233	0.301088	0
-0.000251699	0.301088	0
-0.000242166	0.301088	0
-0.000232632	0.301088	0
-0.000223099	0.301088	0
-0.000213565	0.301088	0
-0.000204032	0.301088	0
-0.000194499	0.301088	0
-0.000184965	0.301088	0
-0.000175432	0.301088	0
-0.000165898	0.301088	0
-0.000156365	0.301088	0
-0.000146831	0.301088	0
-0.000137298	0.301088	0
-0.000127764	0.301088	0
-0.000118231	0.301088	0
-0.000108698	0.301088	0
-9.91642e-05	0.301088	0
-8.96307e-05	0.301088	0
-8.00973e-05	0.301088	0
-7.05638e-05	0.301088	0
-6.10304e-05	0.301088	0
-5.1497e-05	0.301088	0
-4.19635e-05	0.301088	0
-3.24301e-05	0.301088	0
-2.28966e-05	0.301088	0
-1.33632e-05	0.301088	0
-3.82976e-06	0.301088	0
5.70368e-06	0.301088	0
1.52371e-05	0.301088	0
2.47706e-05	0.301088	0
3.4304e-05	0.301088	0
4.38374e-05	0.301088	0
5.33709e-05	0.301088	0
6.29043e-05	0.301088	0
7.24378e-05	0.301088	0
8.19712e-05	0.301088	0
9.15046e-05	0.301088	0
0.000101038	0.301088	0
0.000110572	0.301088	0
0.000120105	0.301088	0
0.000129638	0.301088	0
0.000139172	0.301088	0
0.000148705	0.301088	0
-0.000318433	0.30848	0
-0.0003089	0.30848	0
-0.000299366	0.30848	0
-0.000289833	0.30848	0
-0.0002803	0.30848	0
-0.000270766	0.30848	0
-0.000261233	0.30848	0
-0.000251699	0.30848	0
-0.000242166	0.30848	0
-0.000232632	0.30848	0
-0.000223099	0.30848	0
-0.000213565	0.30848	0
-0.000204032	0.30848	0
-0.000194499	0.30848	0
-0.000184965	0.30848	0
-0.000175432	0.30848	0
-0.000165898	0.30848	0
-0.000156365	0.30848	0
-0.000146831	0.30848	0
-0.000137298	0.30848	0
-0.000127764	0.30848	0
-0.000118231	0.30848	0
-0.000108698	0.30848	0
-9.91642e-05	0.30848	0
-8.96307e-05	0.30848	0
-8.00973e-05	0.30848	0
-7.05638e-05	0.30848	0
-6.10304e-05	0.30848	0
-5.1497e-05	0.30848	0
-4.19635e-05	0.30848	0
-3.24301e-05	0.30848	0
-2.28966e-05	0.30848	0
-1.33632e-05	0.30848	0
-3.82976e-06	0.30848	0
5.70368e-06	0.30848	0
1.52371e-05	0.30848	0
2.47706e-05	0.30848	0
3.4304e-05	0.30848	0
4.38374e-05	0.30848	0
5.33709e-05	0.30848	0
6.29043e-05	0.30848	0
7.24378e-05	0.30848	0
8.19712e-05	0.30848	0
9.15046e-05	0.30848	0
0.000101038	0.30848	0
0.000110572	0.30848	0
0.000120105	0.30848	0
0.000129638	0.30848	0
0.000139172	0.30848	0
0.000148705	0.30848	0
-0.000318433	0.315872	0
-0.0003089	0.315872	0
-0.000299366	0.315872	0
-0.000289833	0.315872	0
-0.0002803	0.315872	0
-0.000270766	0.315872	0
-0.000261233	0.315872	0
-0.000251699	0.315872	0
-0.000242166	0.315872	0
-0.000232632	0.315872	0
-0.000223099	0.315872	0
-0.000213565	0.315872	0
-0.000204032	0.315872	0
-0.000194499	0.315872	0
-0.000184965	0.315872	0
-0.000175432	0.315872	0
-0.000165898	0.315872	0
-0.000156365	0.315872	0
-0.000146831	0.315872	0
-0.000137298	0.315872	0
-0.000127764	0.315872	0
-0.000118231	0.315872	0
-0.000108698	0.315872	0
-9.91642e-05	0.315872	0
-8.96307e-05	0.315872	0
-8.00973e-05	0.315872	0
-7.05638e-05	0.315872	0
-6.10304e-05	0.315872	0
-5.1497e-05	0.315872	0
-4.19635e-05	0.315872	0
-3.24301e-05	0.315872	0
-2.28966e-05	0.315872	0
-1.33632e-05	0.315872	0
-3.82976e-06	0.315872	0
5.70368e-06	0.315872	0
1.52371e-05	0.315872	0
2.47706e-05	0.315872	0
3.4304e-05	0.315872	0
4.38374e-05	0.315872	0
5.33709e-05	0.315872	0
6.29043e-05	0.315872	0
7.24378e-05	0.315872	0
8.19712e-05	0.315872	0
9.15046e-05	0.315872	0
0.000101038	0.315872	0
0.000110572	0.315872	0
0.000120105	0.315872	0
0.000129638	0.315872	0
0.000139172	0.315872	0
0.000148705	0.315872	0
-0.000318433	0.323264	0
-0.0003089	0.323264	0
-0.000299366	0.323264	0
-0.000289833	0.323264	0
-0.0002803	0.323264	0
-0.000270766	0.323264	0
-0.000261233	0.323264	0
-0.000251699	0.323264	0
-0.000242166	0.323264	0
-0.000232632	0.323264	0
-0.000223099	0.323264	0
-0.000213565	0.323264	0
-0.000204032	0.323264	0
-0.000194499	0.323264	0
-0.000184965	0.323264	0
-0.000175432	0.323264	0
-0.000165898	0.323264	0
-0.000156365	0.323264	0
-0.000146831	0.323264	0
-0.000137298	0.323264	0
-0.000127764	0.323264	0
-0.000118231	0.323264	0
-0.000108698	0.323264	0
-9.91642e-05	0.323264	0
-8.96307e-05	0.323264	0
-8.00973e-05	0.323264	0
-7.05638e-05	0.323264	0
-6.10304e-05	0.323264	0
-5.1497e-05	0.323264	0
-4.19635e-05	0.323264	0
-3.24301e-05	0.323264	0
-2.28966e-05	0.323264	0
-1.33632e-05	0.323264	0
-3.82976e-06	0.323264	0
5.70368e-06	0.323264	0
1.52371e-05	0.323264	0
2.47706e-05	0.323264	0
3.4304e-05	0.323264	0
4.38374e-05	0.323264	0
5.33709e-05	0.323264	0
6.29043e-05	0.323264	0
7.24378e-05	0.323264	0
8.19712e-05	0.323264	0
9.15046e-05	0.323264	0
0.000101038	0.323264	0
0.000110572	0.323264	0
0.000120105	0.323264	0
0.000129638	0.323264	0
0.000139172	0.323264	0
0.000148705	0.323264	0
-0.000318433	0.330656	0
-0.0003089	0.330656	0
-0.000299366	0.330656	0
-0.000289833	0.330656	0
-0.0002803	0.330656	0
-0.000270766	0.330656	0
-0.000261233	0.330656	0
-0.000251699	0.330656	0
-0.000242166	0.330656	0
-0.000232632	0.330656	0
-0.000223099	0.330656	0
-0.000213565	0.330656	0
-0.000204032	0.330656	0
-0.000194499	0.330656	0
-0.000184965	0.330656	0
-0.000175432	0.330656	0
-0.000165898	0.330656	0
-0.000156365	0.330656	0
-0.000146831	0.330656	0
-0.000137298	0.330656	0
-0.000127764	0.330656	0
-0.000118231	0.330656	0
-0.000108698	0.330656	0
-9.91642e-05	0.330656	0
-8.96307e-05	0.330656	0
-8.00973e-05	0.330656	0
-7.05638e-05	0.330656	0
-6.10304e-05	0.330656	0
-5.1497e-05	0.330656	0
-4.19635e-05	0.330656	0
-3.24301e-05	0.330656	0
-2.28966e-05	0.330656	0
-1.33632e-05	0.330656	0
-3.82976e-06	0.330656	0
5.70368e-06	0.330656	0
1.52371e-05	0.330656	0
2.47706e-05	0.330656	0
3.4304e-05	0.330656	0
4.38374e-05	0.330656	0
5.33709e-05	0.330656	0
6.29043e-05	0.330656	0
7.24378e-05	0.330656	0
8.19712e-05	0.330656	0
9.15046e-05	0.330656	0
0.000101038	0.330656	0
0.000110572	0.330656	0
0.000120105	0.330656	0
0.000129638	0.330656	0
0.000139172	0.330656	0
0.000148705	0.330656	0
-0.000318433	0.338048	1.61093e-15
-0.0003089	0.338048	1.49631e-14
-0.000299366	0.338048	5.47705e-13
-0.000289833	0.338048	8.55355e-11
-0.0002803	0.338048	2.68721e-09
-0.000270766	0.338048	9.29787e-08
-0.000261233	0.338048	1.42487e-06
-0.000251699	0.338048	6.48167e-05
-0.000242166	0.338048	0.000229096
-0.000232632	0.338048	0.000843828
-0.000223099	0.338048	0.00385593
-0.000213565	0.338048	0.015913
-0.000204032	0.338048	0.100541
-0.000194499	0.338048	0.386707
-0.000184965	0.338048	1.32961
-0.000175432	0.338048	10.6996
-0.000165898	0.338048	89.317
-0.000156365	0.338048	362.586
-0.000146831	0.338048	3101.17
-0.000137298	0.338048	9936.47
-0.000127764	0.338048	22968.5
-0.000118231	0.338048	86678.7
-0.000108698	0.338048	203458
-9.91642e-05	0.338048	1.60403e+06
-8.96307e-05	0.338048	5.20541e+06
-8.00973e-05	0.338048	1.94649e+06
-7.05638e-05	0.338048	2.35325e+06
-6.10304e-05	0.338048	1.18244e+06
-5.1497e-05	0.338048	115493
-4.19635e-05	0.338048	24979.3
-3.24301e-05	0.338048	2043.73
-2.28966e-05	0.338048	717.24
-1.33632e-05	0.338048	395.381
-3.82976e-06	0.338048	164.094
5.70368e-06	0.338048	90.8692
1.52371e-05	0.338048	16.9006
2.47706e-05	0.338048	5.6429
3.4304e-05	0.338048	3.24985
4.38374e-05	0.338048	0.909767
5.33709e-05	0.338048	0.16248
6.29043e-05	0.338048	0.0202983
7.24378e-05	0.338048	0.00257763
8.19712e-05	0.338048	0.000133451
9.15046e-05	0.338048	5.36073e-05
0.000101038	0.338048	2.86229e-06
0.000110572	0.338048	1.2892e-07
0.000120105	0.338048	4.38897e-10
0.000129638	0.338048	4.18776e-12
0.000139172	0.338048	2.37882e-13
0.000148705	0.338048	3.55642e-15
-0.000318433	0.34544	4.80701e-16
-0.0003089	0.34544	1.43956e-14
-0.000299366	0.34544	3.17529e-13
-0.000289833	0.34544	5.45316e-11
-0.0002803	0.34544	5.68535e-10
-0.000270766	0.34544	5.1476e-08
-0.000261233	0.34544	3.22951e-07
-0.000251699	0.34544	3.84825e-06
-0.000242166	0.34544	2.41005e-05
-0.000232632	0.34544	0.000133653
-0.000223099	0.34544	0.000584406
-0.000213565	0.34544	0.00579303
-0.000204032	0.34544	0.0344979
-0.000194499	0.34544	0.329572
-0.000184965	0.34544	0.864395
-0.000175432	0.34544	6.2426
-0.000165898	0.34544	61.9196
-0.000156365	0.34544	208.211
-0.000146831	0.34544	1399.83
-0.000137298	0.34544	7235.21
-0.000127764	0.34544	18671.9
-0.000118231	0.34544	97344.8
-0.000108698	0.34544	145962
-9.91642e-05	0.34544	314321
-8.96307e-05	0.34544	217761
-8.00973e-05	0.34544	188674
-7.05638e-05	0.34544	137807
-6.10304e-05	0.34544	40557.1
-5.1497e-05	0.34544	20242.7
-4.19635e-05	0.34544	6306.75
-3.24301e-05	0.34544	1327.91
-2.28966e-05	0.34544	859.528
-1.33632e-05	0.34544	509.74
-3.82976e-06	0.34544	199.957
5.70368e-06	0.34544	78.5601
1.52371e-05	0.34544	38.4054
2.47706e-05	0.34544	22.0707
3.4304e-05	0.34544	8.42963
4.38374e-05	0.34544	1.39576
5.33709e-05	0.34544	0.0446018
6.29043e-05	0.34544	0.00298441
7.24378e-05	0.34544	0.000349075
8.19712e-05	0.34544	2.91731e-05
9.15046e-05	0.34544	1.47742e-06
0.000101038	0.34544	4.58133e-08
0.000110572	0.34544	3.47098e-10
0.000120105	0.34544	1.33449e-11
0.000129638	0.34544	4.34769e-13
0.000139172	0.34544	1.61902e-14
0.000148705	0.34544	1.3901e-15
-0.000318433	0.352832	2.83525e-16
-0.0003089	0.352832	4.7362e-15
-0.000299366	0.352832	1.317e-13
-0.000289833	0.352832	2.82588e-11
-0.0002803	0.352832	7.01229e-10
-0.000270766	0.352832	5.63762e-09
-0.000261233	0.352832	3.33562e-08
-0.000251699	0.352832	6.98881e-07
-0.000242166	0.352832	3.74429e-06
-0.000232632	0.352832	2.54365e-05
-0.000223099	0.352832	0.000190358
-0.000213565	0.352832	0.00250776
-0.000204032	0.352832	0.0272049
-0.000194499	0.352832	0.353081
-0.000184965	0.352832	1.29037
-0.000175432	0.352832	6.72159
-0.000165898	0.352832	68.9277
-0.000156365	0.352832	216.386
-0.000146831	0.352832	946.194
-0.000137298	0.352832	2908.25
-0.000127764	0.352832	6393.91
-0.000118231	0.352832	21383.7
-0.000108698	0.352832	48141.9
-9.91642e-05	0.352832	45444.8
-8.96307e-05	0.352832	21407.5
-8.00973e-05	0.352832	12280.5
-7.05638e-05	0.352832	7563.93
-6.10304e-05	0.352832	5349.81
-5.1497e-05	0.352832	1348.63
-4.19635e-05	0.352832	689.74
-3.24301e-05	0.352832	623.213
-2.28966e-05	0.352832	874.011
-1.33632e-05	0.352832	850.086
-3.82976e-06	0.352832	427.158
5.70368e-06	0.352832	64.5565
1.52371e-05	0.352832	14.7226
2.47706e-05	0.352832	6.67979
3.4304e-05	0.352832	2.85815
4.38374e-05	0.352832	0.344486
5.33709e-05	0.352832	0.00924565
6.29043e-05	0.352832	0.000970074
7.24378e-05	0.352832	0.000105576
8.19712e-05	0.352832	1.62765e-05
9.15046e-05	0.352832	9.59371e-08
0.000101038	0.352832	9.79238e-10
0.000110572	0.352832	1.89151e-11
0.000120105	0.352832	7.45897e-13
0.000129638	0.352832	3.65418e-14
0.000139172	0.352832	1.28785e-15
0.000148705	0.352832	9.40396e-17
-0.000318433	0.360224	4.76377e-16
-0.0003089	0.360224	1.13998e-14
-0.000299366	0.360224	4.11165e-13
-0.000289833	0.360224	1.10587e-11
-0.0002803	0.360224	5.52929e-11
-0.000270766	0.360224	1.00045e-09
-0.000261233	0.360224	1.2267e-08
-0.000251699	0.360224	3.13216e-07
-0.000242166	0.360224	3.26742e-06
-0.000232632	0.360224	1.93327e-05
-0.000223099	0.360224	0.000132702
-0.000213565	0.360224	0.00102217
-0.000204032	0.360224	0.0120064
-0.000194499	0.360224	0.0955227
-0.000184965	0.360224	0.560588
-0.000175432	0.360224	2.53047
-0.000165898	0.360224	31.6053
-0.000156365	0.360224	71.3484
-0.000146831	0.360224	385.837
-0.000137298	0.360224	1448.08
-0.000127764	0.360224	2534.42
-0.000118231	0.360224	6759.09
-0.000108698	0.360224	9481.85
-9.91642e-05	0.360224	10726
-8.96307e-05	0.360224	7187.68
-8.00973e-05	0.360224	1581.94
-7.05638e-05	0.360224	1189.48
-6.10304e-05	0.360224	705.74
-5.1497e-05	0.360224	318.918
-4.19635e-05	0.360224	118.851
-3.24301e-05	0.360224	184.479
-2.28966e-05	0.360224	289.642
-1.33632e-05	0.360224	216.724
-3.82976e-06	0.360224	42.6916
5.70368e-06	0.360224	16.2054
1.52371e-05	0.360224	15.1799
2.47706e-05	0.360224	11.5277
3.4304e-05	0.360224	1.11065
4.38374e-05	0.360224	0.0479326
5.33709e-05	0.360224	0.00375687
6.29043e-05	0.360224	0.000225147
7.24378e-05	0.360224	1.18348e-05
8.19712e-05	0.360224	2.92585e-07
9.15046e-05	0.360224	1.19821e-08
0.000101038	0.360224	8.75458e-11
0.000110572	0.360224	2.45492e-12
0.000120105	0.360224	2.63689e-13
0.000129638	0.360224	1.08265e-14
0.000139172	0.360224	2.92095e-16
0.000148705	0.360224	2.48992e-17
-0.000318433	0.367616	3.44739e-16
-0.0003089	0.367616	6.37043e-15
-0.000299366	0.367616	9.69883e-14
-0.000289833	0.367616	4.08875e-12
-0.0002803	0.367616	3.97484e-11
-0.000270766	0.367616	3.23118e-10
-0.000261233	0.367616	7.05322e-09
-0.000251699	0.367616	1.14923e-07
-0.000242166	0.367616	7.53585e-07
-0.000232632	0.367616	7.41543e-06
-0.000223099	0.367616	6.34041e-05
-0.000213565	0.367616	0.000497384
-0.000204032	0.367616	0.00321739
-0.000194499	0.367616	0.0239073
-0.000184965	0.367616	0.152827
-0.000175432	0.367616	1.63247
-0.000165898	0.367616	14.8592
-0.000156365	0.367616	71.014
-0.000146831	0.367616	226.118
-0.000137298	0.367616	597.158
-0.000127764	0.367616	773.598
-0.000118231	0.367616	836.698
-0.000108698	0.367616	1194.08
-9.91642e-05	0.367616	878.549
-8.96307e-05	0.367616	119.795
-8.00973e-05	0.367616	68.5143
-7.05638e-05	0.367616	114.818
-6.10304e-05	0.367616	157.417
-5.1497e-05	0.367616	191.986
-4.19635e-05	0.367616	183.051
-3.24301e-05	0.367616	249.684
-2.28966e-05	0.367616	254.252
-1.33632e-05	0.367616	85.7414
-3.82976e-06	0.367616	39.2513
5.70368e-06	0.367616	34.7067
1.52371e-05	0.367616	37.4542
2.47706e-05	0.367616	0.4653
3.4304e-05	0.367616	0.029306
4.38374e-05	0.367616	0.00379242
5.33709e-05	0.367616	0.000582578
6.29043e-05	0.367616	1.53609e-05
7.24378e-05	0.367616	3.58947e-07
8.19712e-05	0.367616	6.93232e-09
9.15046e-05	0.367616	1.99513e-10
0.000101038	0.367616	1.74957e-11
0.000110572	0.367616	2.17131e-12
0.000120105	0.367616	2.46434e-13
0.000129638	0.367616	2.68625e-14
0.000139172	0.367616	1.22494e-15
0.000148705	0.367616	9.61076e-17
-0.000318433	0.375008	5.55314e-17
-0.0003089	0.375008	2.06267e-15
-0.000299366	0.375008	4.01505e-14
-0.000289833	0.375008	1.26656e-12
-0.0002803	0.375008	1.16861e-11
-0.000270766	0.375008	3.063e-10
-0.000261233	0.375008	1.85313e-09
-0.000251699	0.375008	3.06431e-08
-0.000242166	0.375008	2.29734e-07
-0.000232632	0.375008	1.71324e-06
-0.000223099	0.375008	1.66195e-05
-0.000213565	0.375008	0.000257552
-0.000204032	0.375008	0.00269539
-0.000194499	0.375008	0.0481908
-0.000184965	0.375008	0.285087
-0.000175432	0.375008	2.33494
-0.000165898	0.375008	8.98795
-0.000156365	0.375008	29.1875
-0.000146831	0.375008	34.4259
-0.000137298	0.375008	53.4497
-0.000127764	0.375008	28.5359
-0.000118231	0.375008	18.0503
-0.000108698	0.375008	16.357
-9.91642e-05	0.375008	13.8368
-8.96307e-05	0.375008	13.5002
-8.00973e-05	0.375008	24.011
-7.05638e-05	0.375008	55.2175
-6.10304e-05	0.375008	113.591
-5.1497e-05	0.375008	227.87
-4.19635e-05	0.375008	264.798
-3.24301e-05	0.375008	128.015
-2.28966e-05	0.375008	72.4495
-1.33632e-05	0.375008	28.2872
-3.82976e-06	0.375008	10.3438
5.70368e-06	0.375008	3.73362
1.52371e-05	0.375008	0.472316
2.47706e-05	0.375008	0.0352519
3.4304e-05	0.375008	0.00259817
4.38374e-05	0.375008	0.000198277
5.33709e-05	0.375008	2.1309e-05
6.29043e-05	0.375008	1.30366e-06
7.24378e-05	0.375008	2.65623e-08
8.19712e-05	0.375008	1.65694e-09
9.15046e-05	0.375008	1.67385e-10
0.000101038	0.375008	2.66698e-11
0.000110572	0.375008	1.68734e-12
0.000120105	0.375008	1.48891e-13
0.000129638	0.375008	1.03077e-14
0.000139172	0.375008	7.14123e-16
0.000148705	0.375008	7.36355e-17
-0.000318433	0.3824	2.23677e-17
-0.0003089	0.3824	5.47607e-16
-0.000299366	0.3824	1.0183e-14
-0.000289833	0.3824	8.72074e-14
-0.0002803	0.3824	9.83304e-13
-0.000270766	0.3824	1.78223e-11
-0.000261233	0.3824	3.94881e-10
-0.000251699	0.3824	1.06372e-08
-0.000242166	0.3824	2.12749e-07
-0.000232632	0.3824	2.6964e-06
-0.000223099	0.3824	2.39976e-05
-0.000213565	0.3824	0.000157719
-0.000204032	0.3824	0.000407105
-0.000194499	0.3824	0.0047032
-0.000184965	0.3824	0.045146
-0.000175432	0.3824	0.327654
-0.000165898	0.3824	1.80081
-0.000156365	0.3824	15.8806
-0.000146831	0.3824	9.41799
-0.000137298	0.3824	4.9637
-0.000127764	0.3824	2.24381
-0.000118231	0.3824	2.91944
-0.000108698	0.3824	3.94552
-9.91642e-05	0.3824	5.36533
-8.96307e-05	0.3824	16.5173
-8.00973e-05	0.3824	22.8258
-7.05638e-05	0.3824	22.6656
-6.10304e-05	0.3824	36.2686
-5.1497e-05	0.3824	69.9645
-4.19635e-05	0.3824	143.626
-3.24301e-05	0.3824	117.838
-2.28966e-05	0.3824	18.2351
-1.33632e-05	0.3824	4.54703
-3.82976e-06	0.3824	0.676373
5.70368e-06	0.3824	0.168902
1.52371e-05	0.3824	0.0180788
2.47706e-05	0.3824	0.00301154
3.4304e-05	0.3824	0.0002445
4.38374e-05	0.3824	1.09622e-05
5.33709e-05	0.3824	7.23737e-07
6.29043e-05	0.3824	4.04035e-08
7.24378e-05	0.3824	3.8575e-09
8.19712e-05	0.3824	4.25177e-10
9.15046e-05	0.3824	1.01125e-10
0.000101038	0.3824	3.70317e-11
0.000110572	0.3824	7.85699e-12
0.000120105	0.3824	6.47971e-13
0.000129638	0.3824	1.21523e-14
0.000139172	0.3824	1.65308e-16
0.000148705	0.3824	4.84417e-18
-0.000318433	0.389792	1.00245e-18
-0.0003089	0.389792	3.53323e-17
-0.000299366	0.389792	9.22869e-16
-0.000289833	0.389792	2.70675e-14
-0.0002803	0.389792	4.60695e-13
-0.000270766	0.389792	3.74759e-12
-0.000261233	0.389792	3.44788e-11
-0.000251699	0.389792	1.0611e-09
-0.000242166	0.389792	2.36556e-08
-0.000232632	0.389792	2.25944e-07
-0.000223099	0.389792	4.05363e-06
-0.000213565	0.389792	6.17352e-05
-0.000204032	0.389792	0.00075347
-0.000194499	0.389792	0.00971606
-0.000184965	0.389792	0.0784422
-0.000175432	0.389792	0.0967908
-0.000165898	0.389792	0.515626
-0.000156365	0.389792	0.229971
-0.000146831	0.389792	0.929281
-0.000137298	0.389792	0.746462
-0.000127764	0.389792	1.63389
-0.000118231	0.389792	1.83069
-0.000108698	0.389792	4.491
-9.91642e-05	0.389792	9.05272
-8.96307e-05	0.389792	12.0527
-8.00973e-05	0.389792	14.6413
-7.05638e-05	0.389792	10.2395
-6.10304e-05	0.389792	5.36343
-5.1497e-05	0.389792	4.85031
-4.19635e-05	0.389792	11.1043
-3.24301e-05	0.389792	8.73661
-2.28966e-05	0.389792	5.81746
-1.33632e-05	0.389792	1.29802
-3.82976e-06	0.389792	0.112486
5.70368e-06	0.389792	0.0112476
1.52371e-05	0.389792	0.00102219
2.47706e-05	0.389792	7.96485e-05
3.4304e-05	0.389792	7.75579e-06
4.38374e-05	0.389792	5.06891e-07
5.33709e-05	0.389792	6.33081e-08
6.29043e-05	0.389792	1.32781e-08
7.24378e-05	0.389792	8.97605e-10
8.19712e-05	0.389792	4.00091e-11
9.15046e-05	0.389792	6.84176e-12
0.000101038	0.389792	1.43921e-12
0.000110572	0.389792	2.89808e-13
0.000120105	0.389792	1.97772e-14
0.000129638	0.389792	6.01736e-16
0.000139172	0.389792	5.46893e-17
0.000148705	0.389792	1.45112e-18
-0.000318433	0.397184	7.32608e-20
-0.0003089	0.397184	4.32836e-18
-0.000299366	0.397184	1.90609e-16
-0.000289833	0.397184	2.79152e-15
-0.0002803	0.397184	5.03122e-14
-0.000270766	0.397184	7.14752e-13
-0.000261233	0.397184	2.43303e-11
-0.000251699	0.397184	5.02649e-10
-0.000242166	0.397184	1.44657e-08
-0.000232632	0.397184	1.46479e-07
-0.000223099	0.397184	2.12214e-06
-0.000213565	0.397184	5.00104e-05
-0.000204032	0.397184	0.000530284
-0.000194499	0.397184	0.00322844
-0.000184965	0.397184	0.00477288
-0.000175432	0.397184	0.0133436
-0.000165898	0.397184	0.0271887
-0.000156365	0.397184	0.0508915
-0.000146831	0.397184	0.082186
-0.000137298	0.397184	0.265209
-0.000127764	0.397184	0.631529
-0.000118231	0.397184	1.02858
-0.000108698	0.397184	2.99734
-9.91642e-05	0.397184	1.38795
-8.96307e-05	0.397184	2.67885
-8.00973e-05	0.397184	7.82598
-7.05638e-05	0.397184	8.91669
-6.10304e-05	0.397184	12.4994
-5.1497e-05	0.397184	4.36872
-4.19635e-05	0.397184	5.71828
-3.24301e-05	0.397184	2.45571
-2.28966e-05	0.397184	0.322087
-1.33632e-05	0.397184	0.0736488
-3.82976e-06	0.397184	0.0097415
5.70368e-06	0.397184	0.00103398
1.52371e-05	0.397184	4.73345e-05
2.47706e-05	0.397184	1.81631e-06
3.4304e-05	0.397184	4.97441e-08
4.38374e-05	0.397184	1.54855e-08
5.33709e-05	0.397184	1.78647e-09
6.29043e-05	0.397184	4.67736e-10
7.24378e-05	0.397184	1.16448e-10
8.19712e-05	0.397184	1.67265e-11
9.15046e-05	0.397184	6.58904e-12
0.000101038	0.397184	4.16813e-13
0.000110572	0.397184	5.28453e-14
0.000120105	0.397184	2.9858e-15
0.000129638	0.397184	1.97011e-16
0.000139172	0.397184	4.41137e-18
0.000148705	0.397184	4.39207e-20
-0.000318433	0.404576	1.7312e-20
-0.0003089	0.404576	1.00886e-18
-0.000299366	0.404576	9.19452e-17
-0.000289833	0.404576	9.31211e-16
-0.0002803	0.404576	1.68954e-14
-0.000270766	0.404576	2.19109e-13
-0.000261233	0.404576	1.17681e-11
-0.000251699	0.404576	4.38454e-10
-0.000242166	0.404576	9.81978e-09
-0.000232632	0.404576	8.55927e-08
-0.000223099	0.404576	7.59846e-07
-0.000213565	0.404576	9.00679e-06
-0.000204032	0.404576	4.40723e-05
-0.000194499	0.404576	0.000290096
-0.000184965	0.404576	0.00105415
-0.000175432	0.404576	0.00235956
-0.000165898	0.404576	0.00702079
-0.000156365	0.404576	0.0128432
-0.000146831	0.404576	0.061615
-0.000137298	0.404576	0.132943
-0.000127764	0.404576	0.0561344
-0.000118231	0.404576	0.0669339
-0.000108698	0.404576	0.179213
-9.91642e-05	0.404576	0.495309
-8.96307e-05	0.404576	2.88629
-8.00973e-05	0.404576	8.53467
-7.05638e-05	0.404576	8.18612
-6.10304e-05	0.404576	12.6978
-5.1497e-05	0.404576	3.56389
-4.19635e-05	0.404576	1.41328
-3.24301e-05	0.404576	0.0323145
-2.28966e-05	0.404576	0.00144539
-1.33632e-05	0.404576	0.000131617
-3.82976e-06	0.404576	2.85223e-05
5.70368e-06	0.404576	2.70761e-06
1.52371e-05	0.404576	1.7562e-07
2.47706e-05	0.404576	3.71269e-08
3.4304e-05	0.404576	2.13609e-08
4.38374e-05	0.404576	1.26872e-08
5.33709e-05	0.404576	1.95116e-09
6.29043e-05	0.404576	1.68087e-10
7.24378e-05	0.404576	2.5576e-11
8.19712e-05	0.404576	2.94661e-12
9.15046e-05	0.404576	1.10561e-12
0.000101038	0.404576	9.5768e-14
0.000110572	0.404576	1.30167e-14
0.000120105	0.404576	9.5488e-16
0.000129638	0.404576	3.17775e-17
0.000139172	0.404576	1.04807e-19
0.000148705	0.404576	1.34271e-22
-0.000318433	0.411968	6.17499e-21
-0.0003089	0.411968	4.6026e-19
-0.000299366	0.411968	2.4148e-17
-0.000289833	0.411968	3.56486e-16
-0.0002803	0.411968	6.9184e-15
-0.000270766	0.411968	1.8128e-13
-0.000261233	0.411968	1.02678e-11
-0.000251699	0.411968	1.12574e-10
-0.000242166	0.411968	9.22212e-10
-0.000232632	0.411968	9.15908e-09
-0.000223099	0.411968	6.67251e-08
-0.000213565	0.411968	6.75045e-07
-0.000204032	0.411968	5.01674e-06
-0.000194499	0.411968	1.91111e-05
-0.000184965	0.411968	0.000119444
-0.000175432	0.411968	0.00040672
-0.000165898	0.411968	0.000926186
-0.000156365	0.411968	0.00404783
-0.000146831	0.411968	0.00757267
-0.000137298	0.411968	0.00997684
-0.000127764	0.411968	0.0219039
-0.000118231	0.411968	0.0464552
-0.000108698	0.411968	0.20251
-9.91642e-05	0.411968	0.369047
-8.96307e-05	0.411968	0.129352
-8.00973e-05	0.411968	0.138301
-7.05638e-05	0.411968	0.0961287
-6.10304e-05	0.411968	0.117854
-5.1497e-05	0.411968	0.0653166
-4.19635e-05	0.411968	0.0154721
-3.24301e-05	0.411968	0.00339085
-2.28966e-05	0.411968	0.000125599
-1.33632e-05	0.411968	1.07515e-05
-3.82976e-06	0.411968	8.74545e-07
5.70368e-06	0.411968	2.2912e-07
1.52371e-05	0.411968	6.5173e-08
2.47706e-05	0.411968	2.16478e-08
3.4304e-05	0.411968	6.16375e-09
4.38374e-05	0.411968	2.34388e-09
5.33709e-05	0.411968	5.40483e-10
6.29043e-05	0.411968	2.13153e-10
7.24378e-05	0.411968	1.37045e-11
8.19712e-05	0.411968	1.23223e-12
9.15046e-05	0.411968	1.37403e-13
0.000101038	0.411968	4.76904e-15
0.000110572	0.411968	1.40894e-16
0.000120105	0.411968	1.26239e-18
0.000129638	0.411968	4.35209e-20
0.000139172	0.411968	4.88239e-22
0.000148705	0.411968	3.77423e-24
-0.000318433	0.41936	3.01069e-21
-0.0003089	0.41936	2.81682e-19
-0.000299366	0.41936	1.06154e-17
-0.000289833	0.41936	1.72572e-16
-0.0002803	0.41936	3.84883e-15
-0.000270766	0.41936	7.09095e-14
-0.000261233	0.41936	3.0873e-12
-0.000251699	0.41936	6.0065e-11
-0.000242166	0.41936	2.11684e-10
-0.000232632	0.41936	1.7199e-09
-0.000223099	0.41936	2.24144e-08
-0.000213565	0.41936	9.85227e-08
-0.000204032	0.41936	1.60888e-07
-0.000194499	0.41936	5.05837e-07
-0.000184965	0.41936	5.43933e-06
-0.000175432	0.41936	4.42283e-05
-0.000165898	0.41936	0.000115646
-0.000156365	0.41936	0.00177748
-0.000146831	0.41936	0.000230913
-0.000137298	0.41936	0.000212563
-0.000127764	0.41936	0.000434821
-0.000118231	0.41936	0.00171122
-0.000108698	0.41936	0.00616297
-9.91642e-05	0.41936	0.0120486
-8.96307e-05	0.41936	0.022006
-8.00973e-05	0.41936	0.043325
-7.05638e-05	0.41936	0.0248334
-6.10304e-05	0.41936	0.0113583
-5.1497e-05	0.41936	0.0029941
-4.19635e-05	0.41936	0.000263422
-3.24301e-05	0.41936	4.05953e-05
-2.28966e-05	0.41936	3.0442e-05
-1.33632e-05	0.41936	6.23424e-06
-3.82976e-06	0.41936	1.332e-06
5.70368e-06	0.41936	3.17334e-07
1.52371e-05	0.41936	9.09094e-08
2.47706e-05	0.41936	2.35395e-08
3.4304e-05	0.41936	1.78268e-08
4.38374e-05	0.41936	6.76257e-10
5.33709e-05	0.41936	6.3263e-11
6.29043e-05	0.41936	4.64618e-12
7.24378e-05	0.41936	5.11759e-13
8.19712e-05	0.41936	2.87808e-14
9.15046e-05	0.41936	1.61209e-15
0.000101038	0.41936	6.58796e-17
0.000110572	0.41936	2.06161e-18
0.000120105	0.41936	6.2583e-20
0.000129638	0.41936	5.35896e-22
0.000139172	0.41936	3.21581e-24
0.000148705	0.41936	2.33109e-26
-0.000318433	0.426752	2.3865e-21
-0.0003089	0.426752	1.37879e-19
-0.000299366	0.426752	7.52133e-18
-0.000289833	0.426752	9.79206e-17
-0.0002803	0.426752	1.51396e-15
-0.000270766	0.426752	1.12801e-14
-0.000261233	0.426752	8.3565e-13
-0.000251699	0.426752	9.47976e-12
-0.000242166	0.426752	1.65155e-11
-0.000232632	0.426752	8.30668e-11
-0.000223099	0.426752	8.98189e-10
-0.000213565	0.426752	4.72511e-09
-0.000204032	0.426752	3.9995e-09
-0.000194499	0.426752	2.5695e-08
-0.000184965	0.426752	1.46577e-07
-0.000175432	0.426752	3.80627e-07
-0.000165898	0.426752	8.50214e-07
-0.000156365	0.426752	7.52589e-06
-0.000146831	0.426752	2.3995e-05
-0.000137298	0.426752	7.42039e-05
-0.000127764	0.426752	0.000147014
-0.000118231	0.426752	0.000501915
-0.000108698	0.426752	0.00515641
-9.91642e-05	0.426752	0.00420683
-8.96307e-05	0.426752	0.00196691
-8.00973e-05	0.426752	0.00209355
-7.05638e-05	0.426752	0.0007565
-6.10304e-05	0.426752	0.000270941
-5.1497e-05	0.426752	5.45745e-05
-4.19635e-05	0.426752	1.98989e-05
-3.24301e-05	0.426752	1.80452e-05
-2.28966e-05	0.426752	6.28604e-06
-1.33632e-05	0.426752	1.26547e-06
-3.82976e-06	0.426752	4.05631e-07
5.70368e-06	0.426752	6.7834e-08
1.52371e-05	0.426752	1.3206e-08
2.47706e-05	0.426752	2.19645e-09
3.4304e-05	0.426752	6.33872e-10
4.38374e-05	0.426752	1.17037e-10
5.33709e-05	0.426752	1.42042e-11
6.29043e-05	0.426752	3.18599e-12
7.24378e-05	0.426752	5.34124e-13
8.19712e-05	0.426752	1.36655e-14
9.15046e-05	0.426752	2.09573e-16
0.000101038	0.426752	4.38838e-18
0.000110572	0.426752	4.70488e-20
0.000120105	0.426752	1.65562e-22
0.000129638	0.426752	1.61608e-24
0.000139172	0.426752	1.25427e-26
0.000148705	0.426752	2.13091e-29
-0.000318433	0.434144	1.92232e-21
-0.0003089	0.434144	5.70472e-20
-0.000299366	0.434144	1.52587e-18
-0.000289833	0.434144	6.29712e-18
-0.0002803	0.434144	5.71553e-17
-0.000270766	0.434144	9.68115e-16
-0.000261233	0.434144	9.19732e-15
-0.000251699	0.434144	1.37132e-13
-0.000242166	0.434144	2.1893e-13
-0.000232632	0.434144	7.76307e-13
-0.000223099	0.434144	6.35417e-12
-0.000213565	0.434144	1.46481e-10
-0.000204032	0.434144	4.61276e-09
-0.000194499	0.434144	1.06915e-08
-0.000184965	0.434144	1.15029e-07
-0.000175432	0.434144	1.92135e-07
-0.000165898	0.434144	2.21882e-07
-0.000156365	0.434144	8.28692e-07
-0.000146831	0.434144	3.08679e-06
-0.000137298	0.434144	1.77516e-05
-0.000127764	0.434144	3.9858e-05
-0.000118231	0.434144	0.000135552
-0.000108698	0.434144	0.000307891
-9.91642e-05	0.434144	0.000238895
-8.96307e-05	0.434144	0.000310797
-8.00973e-05	0.434144	4.26916e-05
-7.05638e-05	0.434144	2.99652e-05
-6.10304e-05	0.434144	8.09891e-06
-5.1497e-05	0.434144	1.02882e-05
-4.19635e-05	0.434144	9.4218e-06
-3.24301e-05	0.434144	1.19632e-05
-2.28966e-05	0.434144	4.85735e-07
-1.33632e-05	0.434144	2.91643e-08
-3.82976e-06	0.434144	6.808e-09
5.70368e-06	0.434144	2.27476e-09
1.52371e-05	0.434144	1.43433e-09
2.47706e-05	0.434144	6.52074e-10
3.4304e-05	0.434144	1.33282e-10
4.38374e-05	0.434144	3.06749e-11
5.33709e-05	0.434144	6.67933e-12
6.29043e-05	0.434144	6.329e-13
7.24378e-05	0.434144	5.92621e-14
8.19712e-05	0.434144	1.41684e-15
9.15046e-05	0.434144	4.75247e-19
0.000101038	0.434144	4.30914e-26
0.000110572	0.434144	3.65315e-35
0.000120105	0.434144	1.68052e-47
0.000129638	0.434144	0
0.000139172	0.434144	0
0.000148705	0.434144	0
-0.000318433	0.441536	3.63537e-24
-0.0003089	0.441536	8.87183e-23
-0.000299366	0.441536	6.75327e-21
-0.000289833	0.441536	3.47352e-19
-0.0002803	0.441536	1.73088e-18
-0.000270766	0.441536	2.33279e-17
-0.000261233	0.441536	2.56852e-16
-0.000251699	0.441536	5.99035e-15
-0.000242166	0.441536	3.48602e-14
-0.000232632	0.441536	1.51048e-13
-0.000223099	0.441536	1.87218e-12
-0.000213565	0.441536	6.71819e-11
-0.000204032	0.441536	2.52095e-09
-0.000194499	0.441536	6.24785e-09
-0.000184965	0.441536	3.1129e-08
-0.000175432	0.441536	6.97956e-08
-0.000165898	0.441536	1.8034e-07
-0.000156365	0.441536	3.94504e-07
-0.000146831	0.441536	1.29007e-06
-0.000137298	0.441536	2.63756e-06
-0.000127764	0.441536	1.05282e-05
-0.000118231	0.441536	1.94929e-05
-0.000108698	0.441536	0.000108082
-9.91642e-05	0.441536	1.9403e-05
-8.96307e-05	0.441536	6.47108e-06
-8.00973e-05	0.441536	4.39135e-06
-7.05638e-05	0.441536	1.47396e-06
-6.10304e-05	0.441536	9.15412e-07
-5.1497e-05	0.441536	5.62002e-07
-4.19635e-05	0.441536	3.16084e-07
-3.24301e-05	0.441536	1.52436e-07
-2.28966e-05	0.441536	1.0245e-08
-1.33632e-05	0.441536	3.96518e-09
-3.82976e-06	0.441536	2.33213e-09
5.70368e-06	0.441536	2.44788e-09
1.52371e-05	0.441536	5.43147e-10
2.47706e-05	0.441536	5.15531e-12
3.4304e-05	0.441536	1.07001e-14
4.38374e-05	0.441536	4.7201e-22
5.33709e-05	0.441536	7.80384e-30
6.29043e-05	0.441536	3.05503e-44
7.24378e-05	0.441536	0
8.19712e-05	0.441536	0
9.15046e-05	0.441536	0
0.000101038	0.441536	0
0.000110572	0.441536	0
0.000120105	0.441536	0
0.000129638	0.441536	0
0.000139172	0.441536	0
0.000148705	0.441536	0
-0.000318433	0.448928	5.8426e-25
-0.0003089	0.448928	1.12701e-23
-0.000299366	0.448928	5.5169e-22
-0.000289833	0.448928	2.39076e-20
-0.0002803	0.448928	4.71934e-19
-0.000270766	0.448928	1.53141e-17
-0.000261233	0.448928	2.02145e-16
-0.000251699	0.448928	2.36335e-15
-0.000242166	0.448928	1.63747e-14
-0.000232632	0.448928	6.70389e-14
-0.000223099	0.448928	8.92128e-13
-0.000213565	0.448928	2.1909e-11
-0.000204032	0.448928	4.4442e-10
-0.000194499	0.448928	6.85988e-10
-0.000184965	0.448928	1.55953e-08
-0.000175432	0.448928	4.04387e-08
-0.000165898	0.448928	1.70923e-07
-0.000156365	0.448928	2.81072e-07
-0.000146831	0.448928	2.89512e-07
-0.000137298	0.448928	3.89088e-07
-0.000127764	0.448928	5.29675e-07
-0.000118231	0.448928	6.29814e-07
-0.000108698	0.448928	6.86511e-07
-9.91642e-05	0.448928	1.03111e-06
-8.96307e-05	0.448928	2.36433e-07
-8.00973e-05	0.448928	9.54735e-08
-7.05638e-05	0.448928	1.30742e-07
-6.10304e-05	0.448928	2.34137e-07
-5.1497e-05	0.448928	1.05122e-07
-4.19635e-05	0.448928	1.39623e-08
-3.24301e-05	0.448928	1.38334e-10
-2.28966e-05	0.448928	6.61639e-14
-1.33632e-05	0.448928	7.07526e-21
-3.82976e-06	0.448928	2.43695e-30
5.70368e-06	0.448928	4.9703e-321
1.52371e-05	0.448928	4.19956e-322
2.47706e-05	0.448928	4.94066e-323
3.4304e-05	0.448928	4.94066e-324
4.38374e-05	0.448928	0
5.33709e-05	0.448928	0
6.29043e-05	0.448928	0
7.24378e-05	0.448928	0
8.19712e-05	0.448928	0
9.15046e-05	0.448928	0
0.000101038	0.448928	0
0.000110572	0.448928	0
0.000120105	0.448928	0
0.000129638	0.448928	0
0.000139172	0.448928	0
0.000148705	0.448928	0
-0.000318433	0.45632	9.83849e-26
-0.0003089	0.45632	1.31811e-24
-0.000299366	0.45632	6.49607e-23
-0.000289833	0.45632	2.25329e-21
-0.0002803	0.45632	8.2637e-20
-0.000270766	0.45632	4.21741e-18
-0.000261233	0.45632	1.7595e-16
-0.000251699	0.45632	4.94386e-16
-0.000242166	0.45632	2.57056e-15
-0.000232632	0.45632	1.95578e-14
-0.000223099	0.45632	5.42195e-13
-0.000213565	0.45632	8.10822e-12
-0.000204032	0.45632	9.57197e-11
-0.000194499	0.45632	4.43896e-10
-0.000184965	0.45632	5.73301e-09
-0.000175432	0.45632	2.7466e-08
-0.000165898	0.45632	2.71916e-08
-0.000156365	0.45632	2.5165e-08
-0.000146831	0.45632	1.42642e-08
-0.000137298	0.45632	7.33092e-09
-0.000127764	0.45632	6.31182e-09
-0.000118231	0.45632	6.1291e-09
-0.000108698	0.45632	1.84618e-08
-9.91642e-05	0.45632	2.50924e-08
-8.96307e-05	0.45632	2.95345e-09
-8.00973e-05	0.45632	9.199e-14
-7.05638e-05	0.45632	4.55846e-21
-6.10304e-05	0.45632	1.77599e-33
-5.1497e-05	0.45632	4.97672e-320
-4.19635e-05	0.45632	2.38881e-320
-3.24301e-05	0.45632	1.89326e-320
-2.28966e-05	0.45632	1.38882e-320
-1.33632e-05	0.45632	4.26379e-321
-3.82976e-06	0.45632	1.0573e-321
5.70368e-06	0.45632	1.28457e-322
1.52371e-05	0.45632	2.47033e-323
2.47706e-05	0.45632	0
3.4304e-05	0.45632	0
4.38374e-05	0.45632	0
5.33709e-05	0.45632	0
6.29043e-05	0.45632	0
7.24378e-05	0.45632	0
8.19712e-05	0.45632	0
9.15046e-05	0.45632	0
0.000101038	0.45632	0
0.000110572	0.45632	0
0.000120105	0.45632	0
0.000129638	0.45632	0
0.000139172	0.45632	0
0.000148705	0.45632	0
-0.000318433	0.463712	2.53203e-26
-0.0003089	0.463712	2.89792e-25
-0.000299366	0.463712	1.25907e-23
-0.000289833	0.463712	4.03835e-22
-0.0002803	0.463712	1.58001e-20
-0.000270766	0.463712	9.14893e-19
-0.000261233	0.463712	1.33551e-17
-0.000251699	0.463712	1.07358e-16
-0.000242166	0.463712	5.98885e-16
-0.000232632	0.463712	9.29299e-15
-0.000223099	0.463712	2.95091e-13
-0.000213565	0.463712	3.45958e-12
-0.000204032	0.463712	4.85476e-11
-0.000194499	0.463712	1.66192e-10
-0.000184965	0.463712	1.44205e-10
-0.000175432	0.463712	1.10236e-10
-0.000165898	0.463712	1.4402e-10
-0.000156365	0.463712	3.49426e-11
-0.000146831	0.463712	5.55142e-12
-0.000137298	0.463712	1.16584e-16
-0.000127764	0.463712	1.71623e-23
-0.000118231	0.463712	1.29939e-320
-0.000108698	0.463712	3.11805e-320
-9.91642e-05	0.463712	8.84378e-321
-8.96307e-05	0.463712	8.73508e-321
-8.00973e-05	0.463712	1.00394e-320
-7.05638e-05	0.463712	2.00393e-320
-6.10304e-05	0.463712	1.05335e-320
-5.1497e-05	0.463712	1.51332e-320
-4.19635e-05	0.463712	5.71634e-321
-3.24301e-05	0.463712	4.81714e-321
-2.28966e-05	0.463712	4.10074e-321
-1.33632e-05	0.463712	1.40315e-321
-3.82976e-06	0.463712	1.08694e-322
5.70368e-06	0.463712	9.88131e-324
1.52371e-05	0.463712	0
2.47706e-05	0.463712	0
3.4304e-05	0.463712	0
4.38374e-05	0.463712	0
5.33709e-05	0.463712	0
6.29043e-05	0.463712	0
7.24378e-05	0.463712	0
8.19712e-05	0.463712	0
9.15046e-05	0.463712	0
0.000101038	0.463712	0
0.000110572	0.463712	0
0.000120105	0.463712	0
0.000129638	0.463712	0
0.000139172	0.463712	0
0.000148705	0.463712	0
-0.000318433	0.471104	1.01227e-26
-0.0003089	0.471104	5.14617e-26
-0.000299366	0.471104	8.11753e-25
-0.000289833	0.471104	1.1928e-23
-0.0002803	0.471104	1.26229e-21
-0.000270766	0.471104	1.95078e-20
-0.000261233	0.471104	4.77194e-19
-0.000251699	0.471104	4.95537e-17
-0.000242166	0.471104	3.49758e-16
-0.000232632	0.471104	3.73558e-15
-0.000223099	0.471104	7.53488e-14
-0.000213565	0.471104	2.0528e-15
-0.000204032	0.471104	1.06334e-17
-0.000194499	0.471104	5.5027e-25
-0.000184965	0.471104	1.97626e-323
-0.000175432	0.471104	7.90505e-323
-0.000165898	0.471104	1.97626e-322
-0.000156365	0.471104	1.03754e-322
-0.000146831	0.471104	1.38338e-322
-0.000137298	0.471104	1.77864e-322
-0.000127764	0.471104	2.47033e-322
-0.000118231	0.471104	5.08888e-322
-0.000108698	0.471104	1.03754e-321
-9.91642e-05	0.471104	2.80135e-321
-8.96307e-05	0.471104	2.41104e-321
-8.00973e-05	0.471104	7.16395e-321
-7.05638e-05	0.471104	1.08991e-320
-6.10304e-05	0.471104	8.46829e-321
-5.1497e-05	0.471104	4.6541e-321
-4.19635e-05	0.471104	2.15907e-321
-3.24301e-05	0.471104	4.69856e-321
-2.28966e-05	0.471104	6.62048e-322
-1.33632e-05	0.471104	4.44659e-323
-3.82976e-06	0.471104	4.94066e-324
5.70368e-06	0.471104	0
1.52371e-05	0.471104	0
2.47706e-05	0.471104	0
3.4304e-05	0.471104	0
4.38374e-05	0.471104	0
5.33709e-05	0.471104	0
6.29043e-05	0.471104	0
7.24378e-05	0.471104	0
8.19712e-05	0.471104	0
9.15046e-05	0.471104	0
0.000101038	0.471104	0
0.000110572	0.471104	0
0.000120105	0.471104	0
0.000129638	0.471104	0
0.000139172	0.471104	0
0.000148705	0.471104	0
