#theta_0	N_0	probability

-0.0003144	0.742	8.7626e-68
-0.0003032	0.742	6.32404e-64
-0.000292	0.742	1.25127e-59
-0.0002808	0.742	3.02346e-57
-0.0002696	0.742	1.98294e-54
-0.0002584	0.742	8.97044e-52
-0.0002472	0.742	7.01593e-49
-0.000236	0.742	3.04519e-45
-0.0002248	0.742	2.23157e-43
-0.0002136	0.742	3.23873e-41
-0.0002024	0.742	3.50752e-39
-0.0001912	0.742	1.61645e-36
-0.00018	0.742	2.91264e-34
-0.0001688	0.742	2.3228e-32
-0.0001576	0.742	4.56707e-31
-0.0001464	0.742	3.56986e-29
-0.0001352	0.742	5.55026e-28
-0.000124	0.742	1.19255e-25
-0.0001128	0.742	7.56311e-24
-0.0001016	0.742	1.76887e-22
-9.04e-05	0.742	5.30394e-21
-7.92e-05	0.742	2.40639e-19
-6.8e-05	0.742	2.22457e-19
-5.68e-05	0.742	2.16611e-19
-4.56e-05	0.742	2.93724e-19
-3.44e-05	0.742	1.5029e-18
-2.32e-05	0.742	1.00121e-18
-1.2e-05	0.742	2.39686e-19
-8e-07	0.742	7.77393e-20
1.04e-05	0.742	4.2554e-20
2.16e-05	0.742	8.86974e-21
3.28e-05	0.742	7.60307e-22
4.4e-05	0.742	1.53079e-22
5.52e-05	0.742	2.82134e-23
6.64e-05	0.742	1.86412e-24
7.76e-05	0.742	8.47845e-25
8.88e-05	0.742	4.56749e-26
0.0001	0.742	2.08079e-27
0.0001112	0.742	6.18405e-29
0.0001224	0.742	2.91083e-30
0.0001336	0.742	1.41358e-31
0.0001448	0.742	5.43377e-33
0.000156	0.742	7.68346e-36
0.0001672	0.742	2.0062e-38
0.0001784	0.742	9.81984e-41
0.0001896	0.742	2.51296e-43
0.0002008	0.742	6.12954e-45
0.000212	0.742	2.35966e-47
0.0002232	0.742	4.6901e-50
0.0002344	0.742	2.99567e-52
-0.0003144	0.746	5.53483e-67
-0.0003032	0.746	7.28988e-63
-0.000292	0.746	1.08947e-59
-0.0002808	0.746	4.16369e-57
-0.0002696	0.746	1.69586e-53
-0.0002584	0.746	1.46074e-50
-0.0002472	0.746	1.80826e-47
-0.000236	0.746	2.55237e-44
-0.0002248	0.746	1.1599e-42
-0.0002136	0.746	1.12213e-40
-0.0002024	0.746	2.43537e-38
-0.0001912	0.746	6.0958e-36
-0.00018	0.746	2.27241e-33
-0.0001688	0.746	1.23783e-31
-0.0001576	0.746	3.72821e-30
-0.0001464	0.746	9.79891e-29
-0.0001352	0.746	8.95555e-27
-0.000124	0.746	2.31978e-24
-0.0001128	0.746	7.3758e-23
-0.0001016	0.746	1.47803e-21
-9.04e-05	0.746	4.00841e-20
-7.92e-05	0.746	8.77444e-19
-6.8e-05	0.746	9.58522e-19
-5.68e-05	0.746	1.06273e-18
-4.56e-05	0.746	2.08339e-18
-3.44e-05	0.746	1.66272e-17
-2.32e-05	0.746	6.92394e-18
-1.2e-05	0.746	8.71323e-18
-8e-07	0.746	7.39266e-19
1.04e-05	0.746	2.20762e-19
2.16e-05	0.746	3.79478e-20
3.28e-05	0.746	3.52753e-21
4.4e-05	0.746	5.36626e-22
5.52e-05	0.746	1.97225e-22
6.64e-05	0.746	2.40226e-23
7.76e-05	0.746	4.72986e-24
8.88e-05	0.746	6.1016e-25
0.0001	0.746	3.79462e-26
0.0001112	0.746	1.02659e-27
0.0001224	0.746	2.5979e-29
0.0001336	0.746	2.4367e-30
0.0001448	0.746	1.40798e-32
0.000156	0.746	7.28591e-35
0.0001672	0.746	1.14963e-37
0.0001784	0.746	1.07105e-39
0.0001896	0.746	6.65947e-42
0.0002008	0.746	2.67217e-44
0.000212	0.746	3.93638e-46
0.0002232	0.746	4.93277e-49
0.0002344	0.746	3.91333e-51
-0.0003144	0.75	3.77015e-66
-0.0003032	0.75	4.14476e-62
-0.000292	0.75	1.94553e-59
-0.0002808	0.75	2.20971e-56
-0.0002696	0.75	2.3202e-52
-0.0002584	0.75	1.21596e-49
-0.0002472	0.75	8.50447e-46
-0.000236	0.75	2.7919e-43
-0.0002248	0.75	6.1435e-42
-0.0002136	0.75	5.66583e-40
-0.0002024	0.75	7.76063e-38
-0.0001912	0.75	5.85396e-35
-0.00018	0.75	9.84612e-33
-0.0001688	0.75	7.29244e-31
-0.0001576	0.75	1.82601e-29
-0.0001464	0.75	1.24185e-27
-0.0001352	0.75	2.09925e-25
-0.000124	0.75	2.24346e-23
-0.0001128	0.75	1.6597e-21
-0.0001016	0.75	1.59572e-20
-9.04e-05	0.75	3.86378e-19
-7.92e-05	0.75	2.86463e-18
-6.8e-05	0.75	6.33051e-18
-5.68e-05	0.75	1.05382e-17
-4.56e-05	0.75	1.35187e-17
-3.44e-05	0.75	2.8951e-17
-2.32e-05	0.75	7.81359e-17
-1.2e-05	0.75	9.65252e-17
-8e-07	0.75	1.91844e-18
1.04e-05	0.75	3.52666e-19
2.16e-05	0.75	1.52755e-19
3.28e-05	0.75	2.25215e-20
4.4e-05	0.75	4.28067e-21
5.52e-05	0.75	9.13242e-22
6.64e-05	0.75	3.00046e-22
7.76e-05	0.75	2.9686e-23
8.88e-05	0.75	7.80991e-24
0.0001	0.75	4.07227e-25
0.0001112	0.75	1.9825e-26
0.0001224	0.75	3.66701e-28
0.0001336	0.75	1.00872e-29
0.0001448	0.75	1.074e-31
0.000156	0.75	5.28075e-34
0.0001672	0.75	1.088e-36
0.0001784	0.75	7.28611e-39
0.0001896	0.75	5.60741e-41
0.0002008	0.75	3.66609e-43
0.000212	0.75	3.92755e-45
0.0002232	0.75	4.94146e-48
0.0002344	0.75	3.17412e-50
-0.0003144	0.754	1.8624e-65
-0.0003032	0.754	1.83701e-61
-0.000292	0.754	6.88084e-59
-0.0002808	0.754	1.46672e-55
-0.0002696	0.754	2.90802e-51
-0.0002584	0.754	1.22961e-48
-0.0002472	0.754	3.50663e-44
-0.000236	0.754	4.98585e-42
-0.0002248	0.754	7.65319e-41
-0.0002136	0.754	4.93709e-39
-0.0002024	0.754	4.26896e-37
-0.0001912	0.754	2.99497e-34
-0.00018	0.754	2.98792e-32
-0.0001688	0.754	2.67753e-30
-0.0001576	0.754	2.57326e-28
-0.0001464	0.754	1.7899e-26
-0.0001352	0.754	1.35969e-24
-0.000124	0.754	1.52485e-22
-0.0001128	0.754	4.39305e-20
-0.0001016	0.754	9.17073e-20
-9.04e-05	0.754	1.09916e-18
-7.92e-05	0.754	3.63401e-17
-6.8e-05	0.754	5.20402e-17
-5.68e-05	0.754	3.98251e-17
-4.56e-05	0.754	3.6456e-17
-3.44e-05	0.754	3.52151e-17
-2.32e-05	0.754	1.21909e-16
-1.2e-05	0.754	6.74644e-16
-8e-07	0.754	9.07383e-18
1.04e-05	0.754	1.11669e-18
2.16e-05	0.754	9.22003e-19
3.28e-05	0.754	1.53691e-19
4.4e-05	0.754	4.64446e-20
5.52e-05	0.754	7.7868e-21
6.64e-05	0.754	1.90763e-21
7.76e-05	0.754	6.37945e-22
8.88e-05	0.754	8.27286e-23
0.0001	0.754	3.44783e-24
0.0001112	0.754	1.99428e-25
0.0001224	0.754	1.25891e-26
0.0001336	0.754	1.44235e-28
0.0001448	0.754	1.7541e-30
0.000156	0.754	4.75907e-33
0.0001672	0.754	1.00417e-35
0.0001784	0.754	7.10975e-38
0.0001896	0.754	6.14577e-40
0.0002008	0.754	3.39421e-42
0.000212	0.754	7.09871e-44
0.0002232	0.754	1.21164e-46
0.0002344	0.754	1.65774e-49
-0.0003144	0.758	1.536e-64
-0.0003032	0.758	5.66367e-61
-0.000292	0.758	4.52844e-58
-0.0002808	0.758	1.24186e-54
-0.0002696	0.758	7.89083e-50
-0.0002584	0.758	6.44645e-48
-0.0002472	0.758	2.56139e-43
-0.000236	0.758	2.61913e-41
-0.0002248	0.758	1.30683e-39
-0.0002136	0.758	5.17352e-38
-0.0002024	0.758	4.00334e-36
-0.0001912	0.758	1.20076e-33
-0.00018	0.758	6.48012e-32
-0.0001688	0.758	2.05104e-29
-0.0001576	0.758	8.68793e-27
-0.0001464	0.758	1.5232e-25
-0.0001352	0.758	1.37662e-23
-0.000124	0.758	2.06502e-21
-0.0001128	0.758	4.73933e-19
-0.0001016	0.758	6.50938e-19
-9.04e-05	0.758	1.92932e-18
-7.92e-05	0.758	1.39623e-16
-6.8e-05	0.758	1.95696e-16
-5.68e-05	0.758	8.38821e-17
-4.56e-05	0.758	1.28584e-16
-3.44e-05	0.758	2.66449e-16
-2.32e-05	0.758	6.76048e-16
-1.2e-05	0.758	2.2644e-15
-8e-07	0.758	1.85522e-16
1.04e-05	0.758	9.37422e-18
2.16e-05	0.758	7.27521e-18
3.28e-05	0.758	1.34084e-18
4.4e-05	0.758	4.00697e-19
5.52e-05	0.758	7.4373e-20
6.64e-05	0.758	2.82707e-20
7.76e-05	0.758	3.23134e-21
8.88e-05	0.758	7.10346e-22
0.0001	0.758	3.71777e-23
0.0001112	0.758	1.42623e-24
0.0001224	0.758	7.19786e-26
0.0001336	0.758	2.61795e-27
0.0001448	0.758	4.80459e-29
0.000156	0.758	7.95199e-32
0.0001672	0.758	2.5979e-34
0.0001784	0.758	3.43594e-37
0.0001896	0.758	7.45315e-39
0.0002008	0.758	3.54816e-41
0.000212	0.758	2.83063e-43
0.0002232	0.758	6.49181e-45
0.0002344	0.758	2.62117e-49
-0.0003144	0.762	2.64738e-63
-0.0003032	0.762	2.94973e-60
-0.000292	0.762	2.74267e-57
-0.0002808	0.762	2.66554e-53
-0.0002696	0.762	9.0893e-49
-0.0002584	0.762	3.92297e-47
-0.0002472	0.762	8.00142e-43
-0.000236	0.762	2.96681e-40
-0.0002248	0.762	1.31569e-38
-0.0002136	0.762	1.19206e-36
-0.0002024	0.762	2.58789e-35
-0.0001912	0.762	1.59298e-32
-0.00018	0.762	7.20475e-31
-0.0001688	0.762	3.67593e-28
-0.0001576	0.762	5.22206e-26
-0.0001464	0.762	1.36599e-24
-0.0001352	0.762	5.01432e-23
-0.000124	0.762	3.00453e-21
-0.0001128	0.762	1.78896e-18
-0.0001016	0.762	2.13313e-18
-9.04e-05	0.762	1.36886e-17
-7.92e-05	0.762	9.09595e-16
-6.8e-05	0.762	4.44907e-16
-5.68e-05	0.762	4.08567e-16
-4.56e-05	0.762	5.09512e-16
-3.44e-05	0.762	1.62372e-15
-2.32e-05	0.762	3.31509e-15
-1.2e-05	0.762	7.46833e-15
-8e-07	0.762	3.08724e-15
1.04e-05	0.762	7.40856e-16
2.16e-05	0.762	4.11271e-17
3.28e-05	0.762	1.66274e-17
4.4e-05	0.762	2.31901e-18
5.52e-05	0.762	1.16353e-18
6.64e-05	0.762	2.28793e-19
7.76e-05	0.762	4.28189e-20
8.88e-05	0.762	6.98282e-21
0.0001	0.762	4.38473e-22
0.0001112	0.762	7.10068e-24
0.0001224	0.762	4.44193e-25
0.0001336	0.762	2.82198e-26
0.0001448	0.762	1.1373e-27
0.000156	0.762	1.76244e-30
0.0001672	0.762	4.50343e-33
0.0001784	0.762	1.61455e-36
0.0001896	0.762	2.78075e-38
0.0002008	0.762	1.266e-40
0.000212	0.762	1.23038e-42
0.0002232	0.762	4.50363e-44
0.0002344	0.762	1.17162e-47
-0.0003144	0.766	6.28526e-62
-0.0003032	0.766	3.25638e-59
-0.000292	0.766	3.4395e-56
-0.0002808	0.766	1.07788e-52
-0.0002696	0.766	5.7217e-48
-0.0002584	0.766	3.00519e-46
-0.0002472	0.766	1.76925e-42
-0.000236	0.766	4.15069e-39
-0.0002248	0.766	1.03465e-37
-0.0002136	0.766	3.51637e-36
-0.0002024	0.766	4.68667e-34
-0.0001912	0.766	1.50352e-31
-0.00018	0.766	4.6078e-30
-0.0001688	0.766	6.90202e-27
-0.0001576	0.766	5.3616e-25
-0.0001464	0.766	4.87964e-24
-0.0001352	0.766	2.62831e-22
-0.000124	0.766	1.15036e-20
-0.0001128	0.766	8.27562e-18
-0.0001016	0.766	5.84917e-17
-9.04e-05	0.766	8.46311e-16
-7.92e-05	0.766	1.35165e-15
-6.8e-05	0.766	1.3872e-15
-5.68e-05	0.766	2.20295e-15
-4.56e-05	0.766	4.27295e-15
-3.44e-05	0.766	9.0443e-15
-2.32e-05	0.766	1.3976e-14
-1.2e-05	0.766	2.63809e-14
-8e-07	0.766	2.61283e-14
1.04e-05	0.766	1.50789e-14
2.16e-05	0.766	3.79055e-16
3.28e-05	0.766	1.00594e-16
4.4e-05	0.766	2.9602e-17
5.52e-05	0.766	8.15959e-18
6.64e-05	0.766	1.11056e-18
7.76e-05	0.766	2.30105e-18
8.88e-05	0.766	5.23516e-20
0.0001	0.766	2.92218e-21
0.0001112	0.766	6.11926e-23
0.0001224	0.766	1.99024e-24
0.0001336	0.766	1.34617e-25
0.0001448	0.766	5.1843e-27
0.000156	0.766	3.1105e-29
0.0001672	0.766	3.31121e-32
0.0001784	0.766	6.55223e-35
0.0001896	0.766	3.00961e-37
0.0002008	0.766	1.39046e-39
0.000212	0.766	1.92e-41
0.0002232	0.766	1.93433e-43
0.0002344	0.766	5.74537e-46
-0.0003144	0.77	5.83591e-61
-0.0003032	0.77	6.27875e-58
-0.000292	0.77	2.46254e-55
-0.0002808	0.77	4.80558e-52
-0.0002696	0.77	2.2152e-47
-0.0002584	0.77	3.0083e-45
-0.0002472	0.77	3.47533e-41
-0.000236	0.77	2.31917e-38
-0.0002248	0.77	3.15821e-37
-0.0002136	0.77	4.62535e-36
-0.0002024	0.77	5.113e-33
-0.0001912	0.77	2.24547e-31
-0.00018	0.77	9.61601e-30
-0.0001688	0.77	4.69064e-26
-0.0001576	0.77	1.1875e-23
-0.0001464	0.77	3.78713e-23
-0.0001352	0.77	9.04564e-22
-0.000124	0.77	4.20504e-20
-0.0001128	0.77	3.376e-17
-0.0001016	0.77	3.4815e-16
-9.04e-05	0.77	2.14145e-15
-7.92e-05	0.77	4.32682e-15
-6.8e-05	0.77	5.67382e-15
-5.68e-05	0.77	1.19785e-14
-4.56e-05	0.77	2.5166e-14
-3.44e-05	0.77	5.07122e-14
-2.32e-05	0.77	6.90612e-14
-1.2e-05	0.77	1.22978e-13
-8e-07	0.77	1.34895e-13
1.04e-05	0.77	9.99969e-14
2.16e-05	0.77	5.17678e-15
3.28e-05	0.77	9.05146e-16
4.4e-05	0.77	3.17978e-16
5.52e-05	0.77	3.69972e-17
6.64e-05	0.77	3.56433e-17
7.76e-05	0.77	3.77017e-17
8.88e-05	0.77	4.76298e-19
0.0001	0.77	1.4455e-20
0.0001112	0.77	1.94212e-21
0.0001224	0.77	3.19718e-24
0.0001336	0.77	1.70822e-25
0.0001448	0.77	1.24233e-26
0.000156	0.77	2.08557e-28
0.0001672	0.77	4.29341e-30
0.0001784	0.77	1.61408e-33
0.0001896	0.77	9.27484e-36
0.0002008	0.77	1.99918e-38
0.000212	0.77	2.84404e-40
0.0002232	0.77	7.20184e-43
0.0002344	0.77	9.47356e-45
-0.0003144	0.774	5.97018e-60
-0.0003032	0.774	2.77453e-57
-0.000292	0.774	2.00768e-54
-0.0002808	0.774	2.79971e-51
-0.0002696	0.774	1.07922e-46
-0.0002584	0.774	3.49913e-44
-0.0002472	0.774	2.56301e-40
-0.000236	0.774	7.1952e-38
-0.0002248	0.774	3.15266e-37
-0.0002136	0.774	7.09825e-36
-0.0002024	0.774	9.33654e-33
-0.0001912	0.774	1.09005e-30
-0.00018	0.774	1.17149e-28
-0.0001688	0.774	6.76323e-25
-0.0001576	0.774	6.81213e-23
-0.0001464	0.774	7.93253e-22
-0.0001352	0.774	3.88898e-21
-0.000124	0.774	4.30474e-19
-0.0001128	0.774	1.61027e-16
-0.0001016	0.774	1.15583e-15
-9.04e-05	0.774	1.06619e-14
-7.92e-05	0.774	1.86838e-14
-6.8e-05	0.774	4.64004e-14
-5.68e-05	0.774	5.61983e-14
-4.56e-05	0.774	1.23551e-13
-3.44e-05	0.774	4.09668e-13
-2.32e-05	0.774	7.0267e-13
-1.2e-05	0.774	5.9822e-13
-8e-07	0.774	8.54285e-13
1.04e-05	0.774	4.1937e-13
2.16e-05	0.774	1.27206e-13
3.28e-05	0.774	6.95986e-15
4.4e-05	0.774	4.1668e-15
5.52e-05	0.774	4.78583e-16
6.64e-05	0.774	1.4147e-15
7.76e-05	0.774	8.7728e-17
8.88e-05	0.774	8.47018e-19
0.0001	0.774	5.26346e-20
0.0001112	0.774	8.8076e-21
0.0001224	0.774	1.69316e-23
0.0001336	0.774	6.09771e-25
0.0001448	0.774	7.28371e-26
0.000156	0.774	1.26446e-27
0.0001672	0.774	6.38743e-29
0.0001784	0.774	1.29822e-31
0.0001896	0.774	4.97233e-35
0.0002008	0.774	6.39482e-37
0.000212	0.774	1.91239e-39
0.0002232	0.774	9.33166e-42
0.0002344	0.774	1.3043e-43
-0.0003144	0.778	6.45768e-59
-0.0003032	0.778	1.07519e-56
-0.000292	0.778	1.2217e-53
-0.0002808	0.778	1.1477e-50
-0.0002696	0.778	1.20883e-45
-0.0002584	0.778	1.36095e-43
-0.0002472	0.778	4.91311e-39
-0.000236	0.778	1.78068e-37
-0.0002248	0.778	1.69121e-36
-0.0002136	0.778	5.19664e-35
-0.0002024	0.778	5.9922e-32
-0.0001912	0.778	6.51202e-30
-0.00018	0.778	6.00868e-28
-0.0001688	0.778	5.34407e-24
-0.0001576	0.778	2.29085e-22
-0.0001464	0.778	3.78431e-21
-0.0001352	0.778	1.30582e-19
-0.000124	0.778	1.51186e-18
-0.0001128	0.778	3.61043e-16
-0.0001016	0.778	2.56776e-15
-9.04e-05	0.778	3.35415e-14
-7.92e-05	0.778	1.50709e-13
-6.8e-05	0.778	4.49378e-13
-5.68e-05	0.778	2.85723e-13
-4.56e-05	0.778	4.32995e-13
-3.44e-05	0.778	2.06508e-12
-2.32e-05	0.778	5.29812e-12
-1.2e-05	0.778	3.94456e-12
-8e-07	0.778	2.83779e-12
1.04e-05	0.778	2.82561e-12
2.16e-05	0.778	8.97954e-13
3.28e-05	0.778	2.16562e-14
4.4e-05	0.778	2.84494e-14
5.52e-05	0.778	3.88607e-15
6.64e-05	0.778	2.19577e-15
7.76e-05	0.778	2.89689e-16
8.88e-05	0.778	1.89329e-17
0.0001	0.778	2.03817e-18
0.0001112	0.778	9.16663e-20
0.0001224	0.778	1.7957e-22
0.0001336	0.778	4.03142e-24
0.0001448	0.778	1.83163e-25
0.000156	0.778	4.77947e-27
0.0001672	0.778	7.69824e-28
0.0001784	0.778	1.60427e-30
0.0001896	0.778	1.04438e-33
0.0002008	0.778	4.85056e-36
0.000212	0.778	2.64086e-38
0.0002232	0.778	3.2429e-40
0.0002344	0.778	5.26999e-43
-0.0003144	0.782	1.43532e-58
-0.0003032	0.782	5.8235e-56
-0.000292	0.782	2.95247e-53
-0.0002808	0.782	6.58078e-50
-0.0002696	0.782	1.01347e-44
-0.0002584	0.782	5.89445e-43
-0.0002472	0.782	1.10045e-38
-0.000236	0.782	7.05424e-37
-0.0002248	0.782	1.97443e-35
-0.0002136	0.782	2.62338e-34
-0.0002024	0.782	1.78315e-31
-0.0001912	0.782	5.41739e-29
-0.00018	0.782	1.1571e-27
-0.0001688	0.782	2.83658e-23
-0.0001576	0.782	1.02471e-21
-0.0001464	0.782	5.22227e-20
-0.0001352	0.782	1.42659e-18
-0.000124	0.782	1.78019e-17
-0.0001128	0.782	7.82818e-16
-0.0001016	0.782	3.90131e-15
-9.04e-05	0.782	1.1701e-13
-7.92e-05	0.782	1.2959e-12
-6.8e-05	0.782	2.05157e-12
-5.68e-05	0.782	2.57885e-12
-4.56e-05	0.782	2.12108e-12
-3.44e-05	0.782	8.93271e-12
-2.32e-05	0.782	2.11398e-11
-1.2e-05	0.782	2.80055e-11
-8e-07	0.782	4.18873e-12
1.04e-05	0.782	7.40531e-12
2.16e-05	0.782	4.59232e-12
3.28e-05	0.782	1.00163e-12
4.4e-05	0.782	2.44019e-13
5.52e-05	0.782	1.92072e-14
6.64e-05	0.782	1.27159e-14
7.76e-05	0.782	1.53301e-15
8.88e-05	0.782	7.02293e-16
0.0001	0.782	1.22564e-17
0.0001112	0.782	5.40378e-19
0.0001224	0.782	4.64244e-21
0.0001336	0.782	2.66192e-23
0.0001448	0.782	1.29643e-24
0.000156	0.782	2.31147e-26
0.0001672	0.782	5.95621e-27
0.0001784	0.782	1.46215e-29
0.0001896	0.782	2.63533e-32
0.0002008	0.782	2.01429e-34
0.000212	0.782	1.63287e-37
0.0002232	0.782	5.34383e-39
0.0002344	0.782	1.76573e-42
-0.0003144	0.786	1.09762e-57
-0.0003032	0.786	1.02288e-54
-0.000292	0.786	1.73799e-52
-0.0002808	0.786	6.1379e-49
-0.0002696	0.786	3.84117e-44
-0.0002584	0.786	5.89189e-43
-0.0002472	0.786	7.24285e-38
-0.000236	0.786	5.66035e-36
-0.0002248	0.786	7.74296e-35
-0.0002136	0.786	9.79379e-34
-0.0002024	0.786	4.56075e-31
-0.0001912	0.786	3.17437e-28
-0.00018	0.786	4.90526e-27
-0.0001688	0.786	4.58731e-23
-0.0001576	0.786	8.50636e-21
-0.0001464	0.786	1.11888e-19
-0.0001352	0.786	6.86413e-18
-0.000124	0.786	8.23646e-17
-0.0001128	0.786	2.66062e-15
-0.0001016	0.786	2.37523e-14
-9.04e-05	0.786	4.506e-13
-7.92e-05	0.786	1.50676e-11
-6.8e-05	0.786	9.02657e-12
-5.68e-05	0.786	9.59179e-12
-4.56e-05	0.786	1.29759e-11
-3.44e-05	0.786	1.10858e-11
-2.32e-05	0.786	3.36178e-11
-1.2e-05	0.786	5.12366e-11
-8e-07	0.786	3.41722e-11
1.04e-05	0.786	4.42412e-11
2.16e-05	0.786	1.04182e-10
3.28e-05	0.786	1.22579e-10
4.4e-05	0.786	1.39942e-12
5.52e-05	0.786	1.43728e-13
6.64e-05	0.786	6.4994e-14
7.76e-05	0.786	9.65892e-14
8.88e-05	0.786	6.10252e-15
0.0001	0.786	6.22411e-17
0.0001112	0.786	4.54793e-18
0.0001224	0.786	3.79621e-20
0.0001336	0.786	1.67954e-22
0.0001448	0.786	1.29255e-23
0.000156	0.786	1.75643e-25
0.0001672	0.786	3.06493e-26
0.0001784	0.786	2.12413e-28
0.0001896	0.786	2.61887e-31
0.0002008	0.786	1.27137e-33
0.000212	0.786	4.20174e-36
0.0002232	0.786	2.42846e-38
0.0002344	0.786	7.84108e-41
-0.0003144	0.79	1.39356e-56
-0.0003032	0.79	4.05615e-54
-0.000292	0.79	1.83893e-51
-0.0002808	0.79	3.22689e-47
-0.0002696	0.79	5.83024e-44
-0.0002584	0.79	1.316e-42
-0.0002472	0.79	1.50807e-37
-0.000236	0.79	4.48653e-35
-0.0002248	0.79	3.48318e-34
-0.0002136	0.79	4.46406e-33
-0.0002024	0.79	9.60965e-31
-0.0001912	0.79	9.42155e-28
-0.00018	0.79	2.91173e-26
-0.0001688	0.79	1.5643e-22
-0.0001576	0.79	6.65338e-20
-0.0001464	0.79	3.02076e-19
-0.0001352	0.79	1.72524e-17
-0.000124	0.79	3.64568e-16
-0.0001128	0.79	1.1616e-14
-0.0001016	0.79	1.33303e-13
-9.04e-05	0.79	1.57319e-12
-7.92e-05	0.79	2.57408e-11
-6.8e-05	0.79	2.68006e-11
-5.68e-05	0.79	1.37366e-11
-4.56e-05	0.79	3.94114e-11
-3.44e-05	0.79	7.61527e-11
-2.32e-05	0.79	2.9382e-10
-1.2e-05	0.79	2.48857e-10
-8e-07	0.79	2.14307e-10
1.04e-05	0.79	4.58429e-10
2.16e-05	0.79	2.24251e-09
3.28e-05	0.79	1.47741e-09
4.4e-05	0.79	5.42154e-12
5.52e-05	0.79	9.6627e-13
6.64e-05	0.79	4.12873e-13
7.76e-05	0.79	1.23507e-12
8.88e-05	0.79	5.02519e-14
0.0001	0.79	3.16502e-16
0.0001112	0.79	2.70347e-17
0.0001224	0.79	3.68376e-19
0.0001336	0.79	1.54689e-21
0.0001448	0.79	7.58843e-23
0.000156	0.79	1.80791e-24
0.0001672	0.79	1.07389e-25
0.0001784	0.79	1.76018e-27
0.0001896	0.79	5.54112e-30
0.0002008	0.79	6.31916e-33
0.000212	0.79	7.16032e-35
0.0002232	0.79	3.00298e-37
0.0002344	0.79	4.11019e-40
-0.0003144	0.794	1.18536e-55
-0.0003032	0.794	1.78268e-53
-0.000292	0.794	1.99522e-50
-0.0002808	0.794	3.4084e-46
-0.0002696	0.794	2.63792e-43
-0.0002584	0.794	2.95274e-42
-0.0002472	0.794	9.12039e-38
-0.000236	0.794	3.79899e-34
-0.0002248	0.794	1.75587e-33
-0.0002136	0.794	3.06347e-32
-0.0002024	0.794	4.26859e-30
-0.0001912	0.794	3.39568e-27
-0.00018	0.794	2.40601e-25
-0.0001688	0.794	1.80027e-21
-0.0001576	0.794	1.06921e-19
-0.0001464	0.794	8.05102e-19
-0.0001352	0.794	2.59761e-17
-0.000124	0.794	6.31226e-16
-0.0001128	0.794	1.43501e-14
-0.0001016	0.794	2.10526e-13
-9.04e-05	0.794	5.54424e-12
-7.92e-05	0.794	1.5518e-10
-6.8e-05	0.794	1.49958e-10
-5.68e-05	0.794	5.14037e-11
-4.56e-05	0.794	1.60108e-10
-3.44e-05	0.794	4.93085e-10
-2.32e-05	0.794	4.59165e-09
-1.2e-05	0.794	1.23225e-09
-8e-07	0.794	3.10782e-09
1.04e-05	0.794	4.52686e-09
2.16e-05	0.794	4.04432e-08
3.28e-05	0.794	1.52861e-08
4.4e-05	0.794	3.22058e-11
5.52e-05	0.794	1.39126e-11
6.64e-05	0.794	2.60618e-12
7.76e-05	0.794	8.53987e-12
8.88e-05	0.794	5.98894e-13
0.0001	0.794	4.58518e-15
0.0001112	0.794	1.34632e-16
0.0001224	0.794	6.6518e-18
0.0001336	0.794	2.78484e-20
0.0001448	0.794	3.74932e-22
0.000156	0.794	1.74187e-23
0.0001672	0.794	6.86222e-25
0.0001784	0.794	1.98603e-26
0.0001896	0.794	5.84566e-29
0.0002008	0.794	5.84825e-33
0.000212	0.794	6.96639e-35
0.0002232	0.794	7.31604e-37
0.0002344	0.794	5.15337e-39
-0.0003144	0.798	1.16879e-54
-0.0003032	0.798	3.37554e-52
-0.000292	0.798	1.31733e-49
-0.0002808	0.798	7.95404e-46
-0.0002696	0.798	7.98574e-43
-0.0002584	0.798	7.71918e-42
-0.0002472	0.798	7.54592e-37
-0.000236	0.798	1.01878e-33
-0.0002248	0.798	1.21789e-32
-0.0002136	0.798	2.35716e-31
-0.0002024	0.798	2.05986e-29
-0.0001912	0.798	1.66554e-26
-0.00018	0.798	2.43287e-24
-0.0001688	0.798	3.79069e-21
-0.0001576	0.798	8.79974e-20
-0.0001464	0.798	7.19447e-19
-0.0001352	0.798	3.99763e-17
-0.000124	0.798	1.44451e-15
-0.0001128	0.798	1.53296e-13
-0.0001016	0.798	6.47521e-13
-9.04e-05	0.798	9e-11
-7.92e-05	0.798	3.79425e-10
-6.8e-05	0.798	1.83836e-09
-5.68e-05	0.798	3.20731e-10
-4.56e-05	0.798	5.79004e-10
-3.44e-05	0.798	2.50014e-09
-2.32e-05	0.798	2.34094e-08
-1.2e-05	0.798	1.29238e-08
-8e-07	0.798	3.8143e-08
1.04e-05	0.798	2.26009e-08
2.16e-05	0.798	2.37858e-07
3.28e-05	0.798	2.34888e-07
4.4e-05	0.798	3.61895e-10
5.52e-05	0.798	2.42575e-10
6.64e-05	0.798	1.41619e-11
7.76e-05	0.798	4.26575e-11
8.88e-05	0.798	5.16302e-12
0.0001	0.798	3.10234e-14
0.0001112	0.798	4.50883e-16
0.0001224	0.798	9.41087e-17
0.0001336	0.798	2.73506e-19
0.0001448	0.798	1.95644e-21
0.000156	0.798	3.84398e-23
0.0001672	0.798	1.00996e-24
0.0001784	0.798	2.50136e-26
0.0001896	0.798	3.91139e-28
0.0002008	0.798	3.29532e-32
0.000212	0.798	6.18124e-34
0.0002232	0.798	3.64601e-36
0.0002344	0.798	4.59458e-38
-0.0003144	0.802	2.13334e-53
-0.0003032	0.802	2.14676e-51
-0.000292	0.802	1.98365e-49
-0.0002808	0.802	8.04814e-46
-0.0002696	0.802	3.56672e-42
-0.0002584	0.802	6.36947e-41
-0.0002472	0.802	1.84854e-36
-0.000236	0.802	1.95085e-33
-0.0002248	0.802	4.73244e-32
-0.0002136	0.802	1.63933e-30
-0.0002024	0.802	3.2787e-29
-0.0001912	0.802	3.1389e-26
-0.00018	0.802	1.14758e-23
-0.0001688	0.802	1.46925e-20
-0.0001576	0.802	1.72313e-19
-0.0001464	0.802	1.45955e-18
-0.0001352	0.802	1.41871e-16
-0.000124	0.802	7.20674e-15
-0.0001128	0.802	7.53007e-13
-0.0001016	0.802	2.96615e-12
-9.04e-05	0.802	8.59734e-10
-7.92e-05	0.802	1.8068e-09
-6.8e-05	0.802	7.83215e-09
-5.68e-05	0.802	4.02085e-09
-4.56e-05	0.802	2.17105e-09
-3.44e-05	0.802	9.59705e-09
-2.32e-05	0.802	8.56133e-08
-1.2e-05	0.802	9.7417e-08
-8e-07	0.802	2.93713e-06
1.04e-05	0.802	9.39196e-08
2.16e-05	0.802	1.91099e-06
3.28e-05	0.802	2.43024e-06
4.4e-05	0.802	4.04241e-08
5.52e-05	0.802	1.2689e-09
6.64e-05	0.802	8.44562e-11
7.76e-05	0.802	2.13757e-10
8.88e-05	0.802	1.94215e-11
0.0001	0.802	4.07408e-13
0.0001112	0.802	4.40094e-15
0.0001224	0.802	1.46751e-16
0.0001336	0.802	4.54509e-19
0.0001448	0.802	7.23376e-21
0.000156	0.802	2.61676e-22
0.0001672	0.802	4.25035e-24
0.0001784	0.802	1.70392e-25
0.0001896	0.802	5.81785e-27
0.0002008	0.802	3.85477e-31
0.000212	0.802	2.47175e-33
0.0002232	0.802	1.14875e-35
0.0002344	0.802	3.1568e-37
-0.0003144	0.806	6.87215e-53
-0.0003032	0.806	4.12316e-51
-0.000292	0.806	5.02534e-49
-0.0002808	0.806	2.89129e-45
-0.0002696	0.806	1.58568e-41
-0.0002584	0.806	3.5367e-40
-0.0002472	0.806	8.39585e-36
-0.000236	0.806	1.79176e-33
-0.0002248	0.806	6.66801e-32
-0.0002136	0.806	3.93045e-30
-0.0002024	0.806	1.16971e-28
-0.0001912	0.806	1.35633e-25
-0.00018	0.806	1.33635e-22
-0.0001688	0.806	4.17547e-20
-0.0001576	0.806	4.10833e-19
-0.0001464	0.806	4.54758e-18
-0.0001352	0.806	5.0085e-16
-0.000124	0.806	4.05482e-14
-0.0001128	0.806	4.75703e-12
-0.0001016	0.806	1.3749e-11
-9.04e-05	0.806	2.57881e-09
-7.92e-05	0.806	6.77131e-09
-6.8e-05	0.806	7.36008e-08
-5.68e-05	0.806	2.48216e-08
-4.56e-05	0.806	1.40695e-08
-3.44e-05	0.806	2.50381e-08
-2.32e-05	0.806	1.75863e-07
-1.2e-05	0.806	8.49476e-07
-8e-07	0.806	2.37056e-05
1.04e-05	0.806	2.00809e-06
2.16e-05	0.806	1.17457e-05
3.28e-05	0.806	3.6528e-05
4.4e-05	0.806	1.28242e-06
5.52e-05	0.806	4.60727e-09
6.64e-05	0.806	4.24671e-10
7.76e-05	0.806	4.89363e-10
8.88e-05	0.806	2.48859e-11
0.0001	0.806	1.2748e-12
0.0001112	0.806	7.89005e-15
0.0001224	0.806	1.14387e-15
0.0001336	0.806	4.66069e-18
0.0001448	0.806	4.28156e-20
0.000156	0.806	2.43051e-21
0.0001672	0.806	2.74004e-23
0.0001784	0.806	1.05318e-24
0.0001896	0.806	2.95875e-26
0.0002008	0.806	1.76655e-29
0.000212	0.806	7.0864e-33
0.0002232	0.806	4.65686e-35
0.0002344	0.806	7.96902e-37
-0.0003144	0.81	3.05459e-52
-0.0003032	0.81	6.54081e-51
-0.000292	0.81	8.95627e-49
-0.0002808	0.81	2.65597e-45
-0.0002696	0.81	2.7862e-41
-0.0002584	0.81	3.47773e-40
-0.0002472	0.81	3.40153e-36
-0.000236	0.81	5.84314e-33
-0.0002248	0.81	2.99914e-31
-0.0002136	0.81	9.5686e-30
-0.0002024	0.81	5.88258e-28
-0.0001912	0.81	3.50154e-25
-0.00018	0.81	2.5378e-21
-0.0001688	0.81	8.4646e-20
-0.0001576	0.81	2.4753e-18
-0.0001464	0.81	2.41631e-17
-0.0001352	0.81	1.49593e-15
-0.000124	0.81	3.37947e-13
-0.0001128	0.81	9.30005e-12
-0.0001016	0.81	5.06151e-11
-9.04e-05	0.81	8.37504e-09
-7.92e-05	0.81	3.08439e-08
-6.8e-05	0.81	4.86547e-07
-5.68e-05	0.81	1.17534e-07
-4.56e-05	0.81	6.13358e-08
-3.44e-05	0.81	1.41285e-07
-2.32e-05	0.81	8.07328e-07
-1.2e-05	0.81	5.16959e-06
-8e-07	0.81	0.000167932
1.04e-05	0.81	1.73384e-05
2.16e-05	0.81	6.86318e-05
3.28e-05	0.81	0.000646571
4.4e-05	0.81	3.77118e-06
5.52e-05	0.81	6.03788e-09
6.64e-05	0.81	4.3557e-10
7.76e-05	0.81	4.35411e-10
8.88e-05	0.81	1.50859e-10
0.0001	0.81	1.38233e-11
0.0001112	0.81	9.66842e-14
0.0001224	0.81	2.81217e-15
0.0001336	0.81	1.03721e-16
0.0001448	0.81	3.3051e-19
0.000156	0.81	1.93821e-20
0.0001672	0.81	9.26394e-22
0.0001784	0.81	8.88017e-24
0.0001896	0.81	1.34985e-25
0.0002008	0.81	5.7662e-28
0.000212	0.81	1.50434e-32
0.0002232	0.81	2.2197e-34
0.0002344	0.81	2.59732e-36
-0.0003144	0.814	3.02677e-52
-0.0003032	0.814	5.37249e-51
-0.000292	0.814	2.46524e-48
-0.0002808	0.814	1.03071e-44
-0.0002696	0.814	5.982e-41
-0.0002584	0.814	1.71837e-39
-0.0002472	0.814	5.68293e-36
-0.000236	0.814	7.01732e-33
-0.0002248	0.814	1.4058e-30
-0.0002136	0.814	1.43585e-28
-0.0002024	0.814	2.12408e-27
-0.0001912	0.814	1.20134e-24
-0.00018	0.814	5.3125e-21
-0.0001688	0.814	1.84814e-19
-0.0001576	0.814	3.67761e-17
-0.0001464	0.814	7.683e-17
-0.0001352	0.814	4.58046e-15
-0.000124	0.814	2.56571e-12
-0.0001128	0.814	3.73847e-11
-0.0001016	0.814	1.71732e-10
-9.04e-05	0.814	1.85618e-08
-7.92e-05	0.814	2.65546e-07
-6.8e-05	0.814	5.25677e-06
-5.68e-05	0.814	6.43614e-07
-4.56e-05	0.814	1.00637e-06
-3.44e-05	0.814	9.99989e-07
-2.32e-05	0.814	7.32579e-06
-1.2e-05	0.814	9.53577e-05
-8e-07	0.814	0.000211739
1.04e-05	0.814	7.39083e-05
2.16e-05	0.814	7.28275e-05
3.28e-05	0.814	0.00136768
4.4e-05	0.814	2.39773e-05
5.52e-05	0.814	1.97886e-08
6.64e-05	0.814	2.57602e-09
7.76e-05	0.814	1.08999e-09
8.88e-05	0.814	9.71451e-10
0.0001	0.814	1.10568e-10
0.0001112	0.814	1.21572e-12
0.0001224	0.814	7.82628e-15
0.0001336	0.814	5.11232e-16
0.0001448	0.814	3.18969e-18
0.000156	0.814	2.01441e-19
0.0001672	0.814	2.99384e-21
0.0001784	0.814	4.28396e-23
0.0001896	0.814	6.96766e-25
0.0002008	0.814	4.70134e-27
0.000212	0.814	7.03116e-32
0.0002232	0.814	1.01156e-33
0.0002344	0.814	1.08414e-35
-0.0003144	0.818	1.45018e-51
-0.0003032	0.818	4.55761e-50
-0.000292	0.818	8.58499e-48
-0.0002808	0.818	2.6794e-44
-0.0002696	0.818	7.92798e-41
-0.0002584	0.818	5.84115e-39
-0.0002472	0.818	6.15959e-36
-0.000236	0.818	6.9107e-33
-0.0002248	0.818	3.10423e-30
-0.0002136	0.818	1.1081e-27
-0.0002024	0.818	2.0288e-26
-0.0001912	0.818	5.49949e-24
-0.00018	0.818	6.53633e-21
-0.0001688	0.818	4.39568e-19
-0.0001576	0.818	1.60177e-16
-0.0001464	0.818	3.5842e-16
-0.0001352	0.818	4.78017e-14
-0.000124	0.818	1.02114e-11
-0.0001128	0.818	1.78064e-10
-0.0001016	0.818	5.71108e-10
-9.04e-05	0.818	3.29277e-08
-7.92e-05	0.818	1.74618e-06
-6.8e-05	0.818	2.5443e-05
-5.68e-05	0.818	5.12707e-06
-4.56e-05	0.818	7.6416e-06
-3.44e-05	0.818	1.25097e-06
-2.32e-05	0.818	7.2182e-06
-1.2e-05	0.818	0.000167831
-8e-07	0.818	0.00294338
1.04e-05	0.818	0.000971485
2.16e-05	0.818	0.000486572
3.28e-05	0.818	0.00516769
4.4e-05	0.818	0.000372643
5.52e-05	0.818	4.41905e-07
6.64e-05	0.818	1.0219e-08
7.76e-05	0.818	4.23174e-09
8.88e-05	0.818	2.9089e-09
0.0001	0.818	1.97573e-09
0.0001112	0.818	7.93526e-12
0.0001224	0.818	3.74332e-14
0.0001336	0.818	1.76269e-15
0.0001448	0.818	3.23707e-17
0.000156	0.818	8.72403e-19
0.0001672	0.818	1.19796e-20
0.0001784	0.818	3.44819e-22
0.0001896	0.818	6.10555e-24
0.0002008	0.818	1.72758e-26
0.000212	0.818	1.52834e-30
0.0002232	0.818	4.01892e-33
0.0002344	0.818	5.49674e-35
-0.0003144	0.822	1.44825e-50
-0.0003032	0.822	2.20154e-49
-0.000292	0.822	2.90972e-47
-0.0002808	0.822	4.55604e-44
-0.0002696	0.822	1.42291e-40
-0.0002584	0.822	1.05704e-38
-0.0002472	0.822	2.22858e-35
-0.000236	0.822	1.67741e-32
-0.0002248	0.822	7.39796e-30
-0.0002136	0.822	2.85014e-27
-0.0002024	0.822	1.49257e-25
-0.0001912	0.822	3.43243e-23
-0.00018	0.822	4.6297e-20
-0.0001688	0.822	2.47496e-18
-0.0001576	0.822	5.34127e-16
-0.0001464	0.822	1.75241e-15
-0.0001352	0.822	6.08634e-13
-0.000124	0.822	3.8414e-11
-0.0001128	0.822	9.56051e-10
-0.0001016	0.822	2.26534e-09
-9.04e-05	0.822	3.62187e-08
-7.92e-05	0.822	7.26626e-07
-6.8e-05	0.822	7.52714e-06
-5.68e-05	0.822	1.23468e-05
-4.56e-05	0.822	9.22283e-05
-3.44e-05	0.822	4.42144e-06
-2.32e-05	0.822	5.58041e-05
-1.2e-05	0.822	0.000624016
-8e-07	0.822	0.0188027
1.04e-05	0.822	0.0151435
2.16e-05	0.822	0.00282034
3.28e-05	0.822	0.0128422
4.4e-05	0.822	0.00177384
5.52e-05	0.822	2.72316e-05
6.64e-05	0.822	6.26597e-08
7.76e-05	0.822	1.85245e-08
8.88e-05	0.822	1.14875e-08
0.0001	0.822	8.24595e-09
0.0001112	0.822	4.57571e-11
0.0001224	0.822	4.67363e-13
0.0001336	0.822	3.91848e-15
0.0001448	0.822	1.66995e-16
0.000156	0.822	4.92781e-18
0.0001672	0.822	1.03908e-19
0.0001784	0.822	1.89631e-21
0.0001896	0.822	4.15e-23
0.0002008	0.822	5.30919e-25
0.000212	0.822	3.30074e-29
0.0002232	0.822	1.89309e-32
0.0002344	0.822	9.23044e-35
-0.0003144	0.826	1.78365e-50
-0.0003032	0.826	1.18638e-48
-0.000292	0.826	7.1136e-47
-0.0002808	0.826	3.74714e-44
-0.0002696	0.826	1.69967e-40
-0.0002584	0.826	2.4789e-38
-0.0002472	0.826	8.57703e-35
-0.000236	0.826	5.0197e-32
-0.0002248	0.826	2.32208e-29
-0.0002136	0.826	3.14176e-27
-0.0002024	0.826	6.10916e-25
-0.0001912	0.826	1.25368e-22
-0.00018	0.826	1.11581e-19
-0.0001688	0.826	1.32232e-17
-0.0001576	0.826	9.68672e-16
-0.0001464	0.826	1.28687e-14
-0.0001352	0.826	5.9566e-12
-0.000124	0.826	4.84392e-11
-0.0001128	0.826	1.06151e-09
-0.0001016	0.826	2.50372e-09
-9.04e-05	0.826	5.46886e-08
-7.92e-05	0.826	1.10089e-06
-6.8e-05	0.826	9.59094e-06
-5.68e-05	0.826	5.814e-05
-4.56e-05	0.826	0.00255245
-3.44e-05	0.826	3.22039e-05
-2.32e-05	0.826	0.000271461
-1.2e-05	0.826	0.00416939
-8e-07	0.826	0.11108
1.04e-05	0.826	0.0750023
2.16e-05	0.826	0.0474616
3.28e-05	0.826	0.0330961
4.4e-05	0.826	0.0088603
5.52e-05	0.826	0.000268968
6.64e-05	0.826	4.89765e-07
7.76e-05	0.826	5.95588e-08
8.88e-05	0.826	4.15274e-08
0.0001	0.826	2.05819e-08
0.0001112	0.826	2.86931e-10
0.0001224	0.826	3.34132e-12
0.0001336	0.826	1.54697e-14
0.0001448	0.826	1.07025e-15
0.000156	0.826	2.68948e-17
0.0001672	0.826	5.60188e-19
0.0001784	0.826	8.39514e-21
0.0001896	0.826	1.0832e-23
0.0002008	0.826	3.08396e-25
0.000212	0.826	1.4588e-28
0.0002232	0.826	6.0628e-33
0.0002344	0.826	5.20849e-35
-0.0003144	0.83	5.83708e-50
-0.0003032	0.83	5.67176e-48
-0.000292	0.83	9.72915e-47
-0.0002808	0.83	8.70301e-44
-0.0002696	0.83	1.18659e-40
-0.0002584	0.83	6.46449e-38
-0.0002472	0.83	2.65922e-34
-0.000236	0.83	2.88283e-31
-0.0002248	0.83	6.15018e-29
-0.0002136	0.83	8.10483e-27
-0.0002024	0.83	3.59817e-24
-0.0001912	0.83	6.26879e-22
-0.00018	0.83	1.92947e-19
-0.0001688	0.83	2.30103e-17
-0.0001576	0.83	1.17885e-15
-0.0001464	0.83	2.68604e-14
-0.0001352	0.83	1.43929e-11
-0.000124	0.83	6.09015e-10
-0.0001128	0.83	2.39076e-09
-0.0001016	0.83	9.97535e-09
-9.04e-05	0.83	7.08406e-08
-7.92e-05	0.83	2.82444e-06
-6.8e-05	0.83	2.0904e-05
-5.68e-05	0.83	0.0005024
-4.56e-05	0.83	0.0192666
-3.44e-05	0.83	0.00115205
-2.32e-05	0.83	0.00108508
-1.2e-05	0.83	0.0126461
-8e-07	0.83	0.720405
1.04e-05	0.83	0.361504
2.16e-05	0.83	0.258037
3.28e-05	0.83	0.158484
4.4e-05	0.83	0.0780052
5.52e-05	0.83	0.0038612
6.64e-05	0.83	4.40105e-06
7.76e-05	0.83	3.20722e-07
8.88e-05	0.83	8.93156e-08
0.0001	0.83	4.24989e-08
0.0001112	0.83	2.26821e-09
0.0001224	0.83	5.64417e-11
0.0001336	0.83	1.25878e-13
0.0001448	0.83	6.11308e-15
0.000156	0.83	1.40219e-17
0.0001672	0.83	2.22842e-19
0.0001784	0.83	2.95612e-21
0.0001896	0.83	2.99478e-23
0.0002008	0.83	1.10679e-24
0.000212	0.83	1.06787e-27
0.0002232	0.83	4.36994e-32
0.0002344	0.83	1.39742e-34
-0.0003144	0.834	4.5561e-50
-0.0003032	0.834	1.71714e-47
-0.000292	0.834	4.25576e-46
-0.0002808	0.834	1.52623e-43
-0.0002696	0.834	2.87652e-40
-0.0002584	0.834	1.0721e-37
-0.0002472	0.834	2.04773e-34
-0.000236	0.834	9.78861e-31
-0.0002248	0.834	2.86092e-28
-0.0002136	0.834	1.68921e-26
-0.0002024	0.834	1.74925e-23
-0.0001912	0.834	1.4528e-21
-0.00018	0.834	6.82527e-20
-0.0001688	0.834	8.09593e-17
-0.0001576	0.834	4.0299e-15
-0.0001464	0.834	2.28991e-13
-0.0001352	0.834	4.83398e-11
-0.000124	0.834	2.75705e-09
-0.0001128	0.834	5.40951e-09
-0.0001016	0.834	2.44302e-08
-9.04e-05	0.834	1.6422e-07
-7.92e-05	0.834	3.4967e-06
-6.8e-05	0.834	5.75402e-05
-5.68e-05	0.834	0.00308878
-4.56e-05	0.834	0.119416
-3.44e-05	0.834	0.0230112
-2.32e-05	0.834	0.00498056
-1.2e-05	0.834	0.0445034
-8e-07	0.834	1.97689
1.04e-05	0.834	3.49117
2.16e-05	0.834	1.16736
3.28e-05	0.834	0.490292
4.4e-05	0.834	0.326246
5.52e-05	0.834	0.0741455
6.64e-05	0.834	4.44611e-05
7.76e-05	0.834	7.80929e-07
8.88e-05	0.834	3.76227e-07
0.0001	0.834	6.90662e-08
0.0001112	0.834	2.03834e-09
0.0001224	0.834	1.23206e-11
0.0001336	0.834	1.06518e-13
0.0001448	0.834	1.39747e-15
0.000156	0.834	9.32069e-17
0.0001672	0.834	1.29356e-18
0.0001784	0.834	1.25174e-20
0.0001896	0.834	9.83286e-23
0.0002008	0.834	2.66916e-24
0.000212	0.834	8.82726e-27
0.0002232	0.834	5.84533e-31
0.0002344	0.834	5.77233e-34
-0.0003144	0.838	1.82928e-50
-0.0003032	0.838	9.9463e-48
-0.000292	0.838	2.22928e-45
-0.0002808	0.838	5.72195e-43
-0.0002696	0.838	4.2431e-40
-0.0002584	0.838	1.14492e-37
-0.0002472	0.838	9.92001e-35
-0.000236	0.838	1.40512e-31
-0.0002248	0.838	1.92419e-28
-0.0002136	0.838	1.29757e-25
-0.0002024	0.838	1.08914e-22
-0.0001912	0.838	2.73409e-20
-0.00018	0.838	2.76496e-19
-0.0001688	0.838	2.02465e-16
-0.0001576	0.838	2.56608e-14
-0.0001464	0.838	1.59727e-12
-0.0001352	0.838	3.58194e-10
-0.000124	0.838	8.45324e-09
-0.0001128	0.838	1.29844e-08
-0.0001016	0.838	6.97411e-08
-9.04e-05	0.838	5.44952e-07
-7.92e-05	0.838	1.10772e-05
-6.8e-05	0.838	0.000102823
-5.68e-05	0.838	0.0134748
-4.56e-05	0.838	1.01802
-3.44e-05	0.838	0.424281
-2.32e-05	0.838	0.0236523
-1.2e-05	0.838	0.153279
-8e-07	0.838	4.47377
1.04e-05	0.838	12.0424
2.16e-05	0.838	9.17311
3.28e-05	0.838	2.18421
4.4e-05	0.838	0.663569
5.52e-05	0.838	0.377874
6.64e-05	0.838	8.99944e-05
7.76e-05	0.838	2.0402e-07
8.88e-05	0.838	6.61872e-08
0.0001	0.838	2.79911e-08
0.0001112	0.838	3.07979e-09
0.0001224	0.838	7.94008e-11
0.0001336	0.838	1.4033e-12
0.0001448	0.838	7.87825e-15
0.000156	0.838	5.85117e-16
0.0001672	0.838	6.72948e-18
0.0001784	0.838	5.77981e-20
0.0001896	0.838	3.8332e-22
0.0002008	0.838	8.50682e-24
0.000212	0.838	8.8064e-26
0.0002232	0.838	8.876e-30
0.0002344	0.838	3.804e-33
-0.0003144	0.842	1.60446e-50
-0.0003032	0.842	1.31861e-47
-0.000292	0.842	5.29652e-46
-0.0002808	0.842	5.61217e-43
-0.0002696	0.842	4.66956e-40
-0.0002584	0.842	2.16016e-37
-0.0002472	0.842	1.64499e-34
-0.000236	0.842	2.40593e-31
-0.0002248	0.842	1.51292e-28
-0.0002136	0.842	1.88894e-24
-0.0002024	0.842	1.13166e-21
-0.0001912	0.842	5.42113e-19
-0.00018	0.842	2.353e-18
-0.0001688	0.842	5.00626e-16
-0.0001576	0.842	1.27441e-13
-0.0001464	0.842	1.20558e-11
-0.0001352	0.842	2.27379e-09
-0.000124	0.842	2.10868e-08
-0.0001128	0.842	5.07139e-08
-0.0001016	0.842	2.45833e-07
-9.04e-05	0.842	2.06926e-06
-7.92e-05	0.842	3.5706e-05
-6.8e-05	0.842	0.000448014
-5.68e-05	0.842	0.0498056
-4.56e-05	0.842	3.40256
-3.44e-05	0.842	5.95233
-2.32e-05	0.842	0.09867
-1.2e-05	0.842	0.665724
-8e-07	0.842	10.4386
1.04e-05	0.842	30.9362
2.16e-05	0.842	25.0941
3.28e-05	0.842	1.48611
4.4e-05	0.842	0.235087
5.52e-05	0.842	0.0570535
6.64e-05	0.842	0.000960016
7.76e-05	0.842	1.34569e-06
8.88e-05	0.842	1.31256e-07
0.0001	0.842	6.12403e-08
0.0001112	0.842	1.61889e-08
0.0001224	0.842	7.50521e-10
0.0001336	0.842	1.10999e-11
0.0001448	0.842	5.46767e-14
0.000156	0.842	4.23416e-15
0.0001672	0.842	8.29296e-17
0.0001784	0.842	5.3865e-19
0.0001896	0.842	2.29822e-21
0.0002008	0.842	1.96516e-23
0.000212	0.842	2.71497e-25
0.0002232	0.842	1.36853e-28
0.0002344	0.842	3.96274e-32
-0.0003144	0.846	3.25323e-51
-0.0003032	0.846	7.32707e-48
-0.000292	0.846	1.46795e-45
-0.0002808	0.846	1.06413e-42
-0.0002696	0.846	2.20164e-39
-0.0002584	0.846	6.8679e-37
-0.0002472	0.846	3.76046e-34
-0.000236	0.846	7.9892e-31
-0.0002248	0.846	5.71731e-28
-0.0002136	0.846	1.38456e-23
-0.0002024	0.846	1.60506e-20
-0.0001912	0.846	2.60068e-18
-0.00018	0.846	2.75305e-17
-0.0001688	0.846	1.64747e-15
-0.0001576	0.846	4.43772e-13
-0.0001464	0.846	3.6945e-11
-0.0001352	0.846	9.129e-09
-0.000124	0.846	7.47933e-08
-0.0001128	0.846	2.37031e-07
-0.0001016	0.846	1.20089e-06
-9.04e-05	0.846	8.0446e-06
-7.92e-05	0.846	0.000146279
-6.8e-05	0.846	0.00230573
-5.68e-05	0.846	0.198658
-4.56e-05	0.846	8.71124
-3.44e-05	0.846	30.1307
-2.32e-05	0.846	0.247433
-1.2e-05	0.846	0.154538
-8e-07	0.846	1.48525
1.04e-05	0.846	6.53758
2.16e-05	0.846	7.60641
3.28e-05	0.846	6.99405
4.4e-05	0.846	2.70426
5.52e-05	0.846	0.14927
6.64e-05	0.846	0.0051383
7.76e-05	0.846	1.23864e-05
8.88e-05	0.846	6.14637e-07
0.0001	0.846	1.14058e-07
0.0001112	0.846	3.87858e-08
0.0001224	0.846	3.54767e-09
0.0001336	0.846	1.75238e-10
0.0001448	0.846	4.90132e-13
0.000156	0.846	1.21663e-14
0.0001672	0.846	2.68066e-16
0.0001784	0.846	4.33551e-18
0.0001896	0.846	1.84832e-20
0.0002008	0.846	4.91725e-23
0.000212	0.846	6.77431e-25
0.0002232	0.846	1.5575e-27
0.0002344	0.846	5.55054e-31
-0.0003144	0.85	9.40786e-51
-0.0003032	0.85	1.85929e-47
-0.000292	0.85	4.16662e-45
-0.0002808	0.85	2.26725e-42
-0.0002696	0.85	4.14664e-39
-0.0002584	0.85	1.29628e-36
-0.0002472	0.85	1.06757e-33
-0.000236	0.85	1.95656e-30
-0.0002248	0.85	5.57169e-27
-0.0002136	0.85	1.91636e-22
-0.0002024	0.85	1.17458e-19
-0.0001912	0.85	1.29521e-17
-0.00018	0.85	4.82405e-16
-0.0001688	0.85	1.81941e-14
-0.0001576	0.85	7.00141e-13
-0.0001464	0.85	1.30206e-10
-0.0001352	0.85	1.93763e-08
-0.000124	0.85	3.5156e-07
-0.0001128	0.85	1.53076e-06
-0.0001016	0.85	4.3615e-06
-9.04e-05	0.85	2.47939e-05
-7.92e-05	0.85	0.000533766
-6.8e-05	0.85	0.0145471
-5.68e-05	0.85	0.129894
-4.56e-05	0.85	1.26991
-3.44e-05	0.85	6.43029
-2.32e-05	0.85	0.436191
-1.2e-05	0.85	0.469791
-8e-07	0.85	4.45806
1.04e-05	0.85	21.9581
2.16e-05	0.85	29.9783
3.28e-05	0.85	19.8362
4.4e-05	0.85	7.31569
5.52e-05	0.85	0.458301
6.64e-05	0.85	0.0226287
7.76e-05	0.85	0.000160341
8.88e-05	0.85	1.80203e-06
0.0001	0.85	5.89972e-07
0.0001112	0.85	1.43076e-07
0.0001224	0.85	1.33141e-08
0.0001336	0.85	9.16854e-10
0.0001448	0.85	4.59907e-12
0.000156	0.85	6.9742e-14
0.0001672	0.85	9.97213e-16
0.0001784	0.85	1.74174e-17
0.0001896	0.85	7.32256e-20
0.0002008	0.85	3.99274e-22
0.000212	0.85	2.43035e-24
0.0002232	0.85	7.97214e-27
0.0002344	0.85	4.10093e-30
-0.0003144	0.854	1.5709e-50
-0.0003032	0.854	1.94548e-47
-0.000292	0.854	8.38085e-45
-0.0002808	0.854	2.38289e-42
-0.0002696	0.854	4.58772e-39
-0.0002584	0.854	2.57575e-36
-0.0002472	0.854	6.4376e-33
-0.000236	0.854	8.67989e-30
-0.0002248	0.854	5.15854e-26
-0.0002136	0.854	3.91598e-21
-0.0002024	0.854	2.77364e-19
-0.0001912	0.854	1.04953e-16
-0.00018	0.854	3.85727e-15
-0.0001688	0.854	6.99148e-14
-0.0001576	0.854	1.19679e-12
-0.0001464	0.854	4.41873e-10
-0.0001352	0.854	5.30972e-08
-0.000124	0.854	1.61526e-06
-0.0001128	0.854	7.98368e-06
-0.0001016	0.854	3.61197e-05
-9.04e-05	0.854	9.27841e-06
-7.92e-05	0.854	0.000212832
-6.8e-05	0.854	0.00675201
-5.68e-05	0.854	0.621241
-4.56e-05	0.854	4.25663
-3.44e-05	0.854	12.6219
-2.32e-05	0.854	3.36382
-1.2e-05	0.854	1.71084
-8e-07	0.854	14.6938
1.04e-05	0.854	75.1787
2.16e-05	0.854	96.0062
3.28e-05	0.854	90.2056
4.4e-05	0.854	19.9418
5.52e-05	0.854	1.54667
6.64e-05	0.854	0.197831
7.76e-05	0.854	0.00104185
8.88e-05	0.854	6.47995e-06
0.0001	0.854	1.08568e-06
0.0001112	0.854	6.03675e-07
0.0001224	0.854	6.83229e-08
0.0001336	0.854	3.93465e-09
0.0001448	0.854	6.29836e-11
0.000156	0.854	5.14767e-13
0.0001672	0.854	6.72705e-15
0.0001784	0.854	1.22074e-16
0.0001896	0.854	7.48213e-19
0.0002008	0.854	3.71966e-21
0.000212	0.854	5.59414e-24
0.0002232	0.854	1.32549e-26
0.0002344	0.854	1.20647e-29
-0.0003144	0.858	2.40914e-50
-0.0003032	0.858	2.91261e-47
-0.000292	0.858	1.06625e-44
-0.0002808	0.858	4.40533e-42
-0.0002696	0.858	4.45733e-39
-0.0002584	0.858	5.37186e-36
-0.0002472	0.858	3.60921e-32
-0.000236	0.858	7.237e-29
-0.0002248	0.858	3.9499e-25
-0.0002136	0.858	2.4546e-20
-0.0002024	0.858	2.8492e-18
-0.0001912	0.858	4.04609e-16
-0.00018	0.858	2.76136e-14
-0.0001688	0.858	2.06701e-13
-0.0001576	0.858	2.43941e-12
-0.0001464	0.858	7.63222e-10
-0.0001352	0.858	8.9683e-09
-0.000124	0.858	4.35816e-07
-0.0001128	0.858	1.89728e-06
-0.0001016	0.858	1.17412e-05
-9.04e-05	0.858	3.07527e-05
-7.92e-05	0.858	0.000753708
-6.8e-05	0.858	0.0513838
-5.68e-05	0.858	2.68628
-4.56e-05	0.858	17.8711
-3.44e-05	0.858	35.534
-2.32e-05	0.858	14.0513
-1.2e-05	0.858	6.0403
-8e-07	0.858	42.8228
1.04e-05	0.858	218.538
2.16e-05	0.858	293.92
3.28e-05	0.858	228.325
4.4e-05	0.858	58.3477
5.52e-05	0.858	4.24818
6.64e-05	0.858	0.659254
7.76e-05	0.858	0.0117294
8.88e-05	0.858	6.71253e-05
0.0001	0.858	2.10325e-06
0.0001112	0.858	1.36389e-06
0.0001224	0.858	4.09688e-07
0.0001336	0.858	2.91182e-08
0.0001448	0.858	5.71201e-10
0.000156	0.858	3.84793e-12
0.0001672	0.858	4.96105e-14
0.0001784	0.858	2.42113e-16
0.0001896	0.858	2.16434e-18
0.0002008	0.858	6.61199e-21
0.000212	0.858	1.2187e-23
0.0002232	0.858	4.99667e-26
0.0002344	0.858	7.47413e-29
-0.0003144	0.862	6.8097e-50
-0.0003032	0.862	4.33042e-47
-0.000292	0.862	1.96511e-44
-0.0002808	0.862	7.65758e-42
-0.0002696	0.862	1.05106e-38
-0.0002584	0.862	2.06091e-35
-0.0002472	0.862	3.62177e-31
-0.000236	0.862	6.22519e-28
-0.0002248	0.862	3.38132e-24
-0.0002136	0.862	6.85945e-20
-0.0002024	0.862	1.92212e-17
-0.0001912	0.862	9.95893e-16
-0.00018	0.862	6.58709e-15
-0.0001688	0.862	3.76124e-14
-0.0001576	0.862	5.57686e-13
-0.0001464	0.862	1.17239e-10
-0.0001352	0.862	1.39641e-08
-0.000124	0.862	1.34016e-06
-0.0001128	0.862	8.06724e-06
-0.0001016	0.862	2.16658e-05
-9.04e-05	0.862	9.72703e-05
-7.92e-05	0.862	0.00251113
-6.8e-05	0.862	0.22082
-5.68e-05	0.862	22.3923
-4.56e-05	0.862	59.6269
-3.44e-05	0.862	79.9599
-2.32e-05	0.862	65.9701
-1.2e-05	0.862	18.1519
-8e-07	0.862	119.527
1.04e-05	0.862	337.609
2.16e-05	0.862	1348.98
3.28e-05	0.862	737.153
4.4e-05	0.862	165.789
5.52e-05	0.862	13.182
6.64e-05	0.862	1.49893
7.76e-05	0.862	0.0711096
8.88e-05	0.862	0.000709533
0.0001	0.862	8.15608e-06
0.0001112	0.862	2.78276e-06
0.0001224	0.862	2.27837e-06
0.0001336	0.862	5.32904e-08
0.0001448	0.862	1.59689e-09
0.000156	0.862	9.6305e-12
0.0001672	0.862	1.88136e-13
0.0001784	0.862	1.48524e-15
0.0001896	0.862	1.08497e-17
0.0002008	0.862	2.92576e-20
0.000212	0.862	4.95067e-23
0.0002232	0.862	5.95516e-25
0.0002344	0.862	5.34481e-28
-0.0003144	0.866	1.92439e-49
-0.0003032	0.866	1.11829e-46
-0.000292	0.866	4.83099e-44
-0.0002808	0.866	3.66969e-41
-0.0002696	0.866	1.13473e-37
-0.0002584	0.866	5.80026e-35
-0.0002472	0.866	2.6685e-30
-0.000236	0.866	2.60069e-28
-0.0002248	0.866	1.96766e-24
-0.0002136	0.866	4.03536e-20
-0.0002024	0.866	6.30814e-18
-0.0001912	0.866	8.16131e-16
-0.00018	0.866	1.24652e-14
-0.0001688	0.866	1.5656e-13
-0.0001576	0.866	1.89386e-12
-0.0001464	0.866	2.39303e-10
-0.0001352	0.866	5.20926e-08
-0.000124	0.866	3.11739e-06
-0.0001128	0.866	1.8754e-05
-0.0001016	0.866	4.46626e-05
-9.04e-05	0.866	0.000231252
-7.92e-05	0.866	0.00884284
-6.8e-05	0.866	1.22467
-5.68e-05	0.866	73.2893
-4.56e-05	0.866	413.874
-3.44e-05	0.866	282.198
-2.32e-05	0.866	249.263
-1.2e-05	0.866	57.8064
-8e-07	0.866	258.152
1.04e-05	0.866	1249.44
2.16e-05	0.866	2816.24
3.28e-05	0.866	2162.32
4.4e-05	0.866	507.696
5.52e-05	0.866	44.7801
6.64e-05	0.866	7.67007
7.76e-05	0.866	0.449844
8.88e-05	0.866	0.00277672
0.0001	0.866	3.39727e-05
0.0001112	0.866	2.89156e-06
0.0001224	0.866	2.9657e-06
0.0001336	0.866	1.31479e-07
0.0001448	0.866	5.623e-09
0.000156	0.866	6.69648e-11
0.0001672	0.866	2.16138e-12
0.0001784	0.866	1.68941e-14
0.0001896	0.866	5.30366e-17
0.0002008	0.866	1.2739e-19
0.000212	0.866	4.79573e-22
0.0002232	0.866	3.71947e-24
0.0002344	0.866	5.3026e-27
-0.0003144	0.87	1.25728e-49
-0.0003032	0.87	1.37702e-46
-0.000292	0.87	1.70739e-43
-0.0002808	0.87	3.37797e-41
-0.0002696	0.87	9.25186e-38
-0.0002584	0.87	2.34203e-35
-0.0002472	0.87	5.99721e-31
-0.000236	0.87	9.48225e-28
-0.0002248	0.87	1.87185e-23
-0.0002136	0.87	3.07025e-19
-0.0002024	0.87	1.37405e-17
-0.0001912	0.87	2.71762e-15
-0.00018	0.87	6.36395e-14
-0.0001688	0.87	9.5462e-13
-0.0001576	0.87	8.92859e-12
-0.0001464	0.87	4.17162e-10
-0.0001352	0.87	6.76424e-08
-0.000124	0.87	6.14372e-06
-0.0001128	0.87	6.49642e-05
-0.0001016	0.87	9.05416e-05
-9.04e-05	0.87	0.000580854
-7.92e-05	0.87	0.0262895
-6.8e-05	0.87	13.0861
-5.68e-05	0.87	190.236
-4.56e-05	0.87	1143
-3.44e-05	0.87	1881.05
-2.32e-05	0.87	885.839
-1.2e-05	0.87	214.511
-8e-07	0.87	591.984
1.04e-05	0.87	3477
2.16e-05	0.87	5923.51
3.28e-05	0.87	3906.54
4.4e-05	0.87	561.652
5.52e-05	0.87	71.3841
6.64e-05	0.87	9.57264
7.76e-05	0.87	0.865731
8.88e-05	0.87	0.0134882
0.0001	0.87	0.000666489
0.0001112	0.87	6.87897e-06
0.0001224	0.87	6.5778e-06
0.0001336	0.87	4.39078e-07
0.0001448	0.87	1.80529e-08
0.000156	0.87	3.6765e-10
0.0001672	0.87	9.94568e-12
0.0001784	0.87	3.15284e-13
0.0001896	0.87	4.56671e-16
0.0002008	0.87	1.47481e-18
0.000212	0.87	2.2251e-21
0.0002232	0.87	1.72845e-23
0.0002344	0.87	5.28585e-26
-0.0003144	0.874	2.01443e-50
-0.0003032	0.874	3.16052e-47
-0.000292	0.874	4.45816e-44
-0.0002808	0.874	1.99416e-40
-0.0002696	0.874	1.57875e-36
-0.0002584	0.874	3.56731e-34
-0.0002472	0.874	2.79785e-30
-0.000236	0.874	3.2648e-27
-0.0002248	0.874	1.21484e-22
-0.0002136	0.874	9.17913e-19
-0.0002024	0.874	3.60973e-17
-0.0001912	0.874	5.14442e-15
-0.00018	0.874	1.54703e-13
-0.0001688	0.874	3.52545e-12
-0.0001576	0.874	4.82065e-11
-0.0001464	0.874	9.15465e-10
-0.0001352	0.874	1.52072e-07
-0.000124	0.874	6.87589e-06
-0.0001128	0.874	0.000136266
-0.0001016	0.874	0.000268649
-9.04e-05	0.874	0.00148887
-7.92e-05	0.874	0.0970092
-6.8e-05	0.874	49.8901
-5.68e-05	0.874	561.433
-4.56e-05	0.874	2981.31
-3.44e-05	0.874	5313.49
-2.32e-05	0.874	6076.74
-1.2e-05	0.874	1094.46
-8e-07	0.874	976.061
1.04e-05	0.874	1929.15
2.16e-05	0.874	4752
3.28e-05	0.874	4594.59
4.4e-05	0.874	1488.97
5.52e-05	0.874	559.737
6.64e-05	0.874	26.8795
7.76e-05	0.874	4.82509
8.88e-05	0.874	0.0750886
0.0001	0.874	0.00486217
0.0001112	0.874	3.25287e-05
0.0001224	0.874	1.41065e-05
0.0001336	0.874	1.26042e-06
0.0001448	0.874	4.74926e-08
0.000156	0.874	1.75089e-09
0.0001672	0.874	8.28488e-11
0.0001784	0.874	1.36603e-12
0.0001896	0.874	1.25681e-14
0.0002008	0.874	6.97073e-18
0.000212	0.874	2.38213e-20
0.0002232	0.874	7.42394e-23
0.0002344	0.874	4.55283e-25
-0.0003144	0.878	3.57663e-50
-0.0003032	0.878	2.45748e-47
-0.000292	0.878	2.13428e-43
-0.0002808	0.878	1.77096e-39
-0.0002696	0.878	9.44826e-36
-0.0002584	0.878	8.67015e-33
-0.0002472	0.878	1.29149e-29
-0.000236	0.878	5.54644e-27
-0.0002248	0.878	7.71186e-22
-0.0002136	0.878	1.52466e-18
-0.0002024	0.878	7.38344e-17
-0.0001912	0.878	7.80665e-15
-0.00018	0.878	3.20132e-13
-0.0001688	0.878	2.43413e-11
-0.0001576	0.878	1.88921e-10
-0.0001464	0.878	2.58011e-09
-0.0001352	0.878	4.05646e-07
-0.000124	0.878	9.38416e-06
-0.0001128	0.878	0.00013836
-0.0001016	0.878	0.000738986
-9.04e-05	0.878	0.00479207
-7.92e-05	0.878	0.27771
-6.8e-05	0.878	426.718
-5.68e-05	0.878	1989.09
-4.56e-05	0.878	3040.54
-3.44e-05	0.878	5467.1
-2.32e-05	0.878	5731.59
-1.2e-05	0.878	2525.51
-8e-07	0.878	708.586
1.04e-05	0.878	4701.59
2.16e-05	0.878	9760.22
3.28e-05	0.878	8640.58
4.4e-05	0.878	3657.61
5.52e-05	0.878	1579.49
6.64e-05	0.878	132.734
7.76e-05	0.878	24.8337
8.88e-05	0.878	0.642143
0.0001	0.878	0.0226155
0.0001112	0.878	0.000147028
0.0001224	0.878	2.81328e-05
0.0001336	0.878	3.35381e-06
0.0001448	0.878	1.83425e-07
0.000156	0.878	1.17091e-08
0.0001672	0.878	4.30186e-10
0.0001784	0.878	8.16567e-12
0.0001896	0.878	1.06766e-13
0.0002008	0.878	3.56836e-17
0.000212	0.878	2.49056e-19
0.0002232	0.878	6.48809e-22
0.0002344	0.878	1.5905e-24
-0.0003144	0.882	1.65852e-50
-0.0003032	0.882	7.75243e-47
-0.000292	0.882	1.9023e-42
-0.0002808	0.882	6.91548e-39
-0.0002696	0.882	1.54398e-34
-0.0002584	0.882	5.49768e-32
-0.0002472	0.882	3.5355e-29
-0.000236	0.882	1.2124e-26
-0.0002248	0.882	2.4383e-21
-0.0002136	0.882	2.26745e-18
-0.0002024	0.882	1.75161e-16
-0.0001912	0.882	1.43168e-14
-0.00018	0.882	9.38244e-13
-0.0001688	0.882	7.94305e-11
-0.0001576	0.882	5.55217e-10
-0.0001464	0.882	9.37892e-09
-0.0001352	0.882	1.29057e-06
-0.000124	0.882	1.55265e-05
-0.0001128	0.882	0.000183582
-0.0001016	0.882	0.00128099
-9.04e-05	0.882	0.0108853
-7.92e-05	0.882	0.623908
-6.8e-05	0.882	786.828
-5.68e-05	0.882	2868.26
-4.56e-05	0.882	7021.05
-3.44e-05	0.882	18086
-2.32e-05	0.882	16767.2
-1.2e-05	0.882	7871.65
-8e-07	0.882	2038.27
1.04e-05	0.882	12332.4
2.16e-05	0.882	20727.2
3.28e-05	0.882	17201.1
4.4e-05	0.882	6760.01
5.52e-05	0.882	5844.17
6.64e-05	0.882	598.81
7.76e-05	0.882	176.018
8.88e-05	0.882	3.67956
0.0001	0.882	0.0777483
0.0001112	0.882	0.00091086
0.0001224	0.882	5.83696e-05
0.0001336	0.882	1.6545e-05
0.0001448	0.882	1.12884e-06
0.000156	0.882	9.29457e-08
0.0001672	0.882	2.05834e-09
0.0001784	0.882	7.38088e-11
0.0001896	0.882	5.38866e-13
0.0002008	0.882	3.94868e-16
0.000212	0.882	1.68631e-18
0.0002232	0.882	2.00835e-21
0.0002344	0.882	5.69349e-25
-0.0003144	0.886	2.32099e-50
-0.0003032	0.886	8.93251e-47
-0.000292	0.886	1.62093e-41
-0.0002808	0.886	5.14204e-38
-0.0002696	0.886	9.00916e-34
-0.0002584	0.886	1.64772e-30
-0.0002472	0.886	1.32239e-28
-0.000236	0.886	7.94068e-26
-0.0002248	0.886	3.64635e-21
-0.0002136	0.886	2.87562e-18
-0.0002024	0.886	4.29305e-16
-0.0001912	0.886	3.02587e-14
-0.00018	0.886	2.87436e-12
-0.0001688	0.886	3.07185e-10
-0.0001576	0.886	1.56474e-09
-0.0001464	0.886	2.49675e-08
-0.0001352	0.886	2.17847e-06
-0.000124	0.886	1.37817e-05
-0.0001128	0.886	0.000126064
-0.0001016	0.886	0.00112843
-9.04e-05	0.886	0.0127482
-7.92e-05	0.886	3.69457
-6.8e-05	0.886	747.17
-5.68e-05	0.886	8929.87
-4.56e-05	0.886	22486.8
-3.44e-05	0.886	37791.9
-2.32e-05	0.886	48754.1
-1.2e-05	0.886	30940.2
-8e-07	0.886	6499.15
1.04e-05	0.886	39634.1
2.16e-05	0.886	46179.3
3.28e-05	0.886	24057.5
4.4e-05	0.886	15943.4
5.52e-05	0.886	14423.3
6.64e-05	0.886	1976.29
7.76e-05	0.886	388.485
8.88e-05	0.886	25.2921
0.0001	0.886	0.31242
0.0001112	0.886	0.00591514
0.0001224	0.886	0.000157805
0.0001336	0.886	3.42397e-05
0.0001448	0.886	8.5685e-06
0.000156	0.886	5.62439e-07
0.0001672	0.886	1.24725e-08
0.0001784	0.886	1.91145e-10
0.0001896	0.886	1.62634e-12
0.0002008	0.886	8.02176e-28
0.000212	0.886	1.70871e-61
0.0002232	0.886	0
0.0002344	0.886	0
-0.0003144	0.89	2.45133e-50
-0.0003032	0.89	2.32731e-46
-0.000292	0.89	6.78091e-41
-0.0002808	0.89	1.34664e-36
-0.0002696	0.89	2.42465e-33
-0.0002584	0.89	9.35465e-30
-0.0002472	0.89	6.50477e-28
-0.000236	0.89	4.74047e-25
-0.0002248	0.89	1.12742e-20
-0.0002136	0.89	4.38277e-18
-0.0002024	0.89	9.11402e-16
-0.0001912	0.89	1.23965e-13
-0.00018	0.89	8.66592e-12
-0.0001688	0.89	5.48297e-10
-0.0001576	0.89	2.25717e-09
-0.0001464	0.89	1.92824e-08
-0.0001352	0.89	1.66564e-06
-0.000124	0.89	2.4187e-05
-0.0001128	0.89	0.000322617
-0.0001016	0.89	0.00535285
-9.04e-05	0.89	0.0362999
-7.92e-05	0.89	12.186
-6.8e-05	0.89	927.199
-5.68e-05	0.89	18758.1
-4.56e-05	0.89	72158.3
-3.44e-05	0.89	105443
-2.32e-05	0.89	152079
-1.2e-05	0.89	97748.2
-8e-07	0.89	22449.6
1.04e-05	0.89	71397.9
2.16e-05	0.89	105934
3.28e-05	0.89	37282.9
4.4e-05	0.89	28239.1
5.52e-05	0.89	30657.9
6.64e-05	0.89	6335.38
7.76e-05	0.89	1793.18
8.88e-05	0.89	97.4674
0.0001	0.89	2.28018
0.0001112	0.89	0.0422737
0.0001224	0.89	0.000786983
0.0001336	0.89	8.64463e-05
0.0001448	0.89	1.75515e-06
0.000156	0.89	8.10034e-21
0.0001672	0.89	1.05239e-49
0.0001784	0.89	0
0.0001896	0.89	0
0.0002008	0.89	0
0.000212	0.89	0
0.0002232	0.89	0
0.0002344	0.89	0
-0.0003144	0.894	4.04718e-50
-0.0003032	0.894	2.75096e-45
-0.000292	0.894	2.4289e-40
-0.0002808	0.894	4.16218e-36
-0.0002696	0.894	9.38989e-33
-0.0002584	0.894	3.89635e-29
-0.0002472	0.894	1.61868e-27
-0.000236	0.894	1.47428e-24
-0.0002248	0.894	1.86019e-20
-0.0002136	0.894	3.55915e-18
-0.0002024	0.894	1.00179e-15
-0.0001912	0.894	1.62822e-13
-0.00018	0.894	9.06677e-12
-0.0001688	0.894	1.28857e-09
-0.0001576	0.894	6.77931e-09
-0.0001464	0.894	3.95836e-08
-0.0001352	0.894	2.36995e-06
-0.000124	0.894	4.6505e-05
-0.0001128	0.894	0.000857198
-0.0001016	0.894	0.0188903
-9.04e-05	0.894	0.148878
-7.92e-05	0.894	39.9378
-6.8e-05	0.894	1654.38
-5.68e-05	0.894	20119.4
-4.56e-05	0.894	146233
-3.44e-05	0.894	351742
-2.32e-05	0.894	799134
-1.2e-05	0.894	302176
-8e-07	0.894	78751
1.04e-05	0.894	112845
2.16e-05	0.894	184843
3.28e-05	0.894	111629
4.4e-05	0.894	102944
5.52e-05	0.894	51782
6.64e-05	0.894	24686
7.76e-05	0.894	4876.02
8.88e-05	0.894	471.273
0.0001	0.894	0.000954505
0.0001112	0.894	2.197e-13
0.0001224	0.894	1.11304e-46
0.0001336	0.894	0
0.0001448	0.894	0
0.000156	0.894	0
0.0001672	0.894	0
0.0001784	0.894	0
0.0001896	0.894	0
0.0002008	0.894	0
0.000212	0.894	0
0.0002232	0.894	0
0.0002344	0.894	0
-0.0003144	0.898	9.85489e-50
-0.0003032	0.898	2.06734e-44
-0.000292	0.898	1.37231e-39
-0.0002808	0.898	5.09893e-36
-0.0002696	0.898	9.72751e-33
-0.0002584	0.898	8.10616e-29
-0.0002472	0.898	2.28187e-27
-0.000236	0.898	4.06822e-24
-0.0002248	0.898	8.90733e-21
-0.0002136	0.898	5.8118e-18
-0.0002024	0.898	2.21363e-15
-0.0001912	0.898	4.65807e-13
-0.00018	0.898	1.99227e-11
-0.0001688	0.898	1.23877e-09
-0.0001576	0.898	1.35176e-08
-0.0001464	0.898	6.18408e-08
-0.0001352	0.898	2.99819e-06
-0.000124	0.898	8.15625e-05
-0.0001128	0.898	0.00294372
-0.0001016	0.898	0.0414046
-9.04e-05	0.898	0.352322
-7.92e-05	0.898	82.3685
-6.8e-05	0.898	2949.49
-5.68e-05	0.898	50597.7
-4.56e-05	0.898	253938
-3.44e-05	0.898	981348
-2.32e-05	0.898	2.50308e+06
-1.2e-05	0.898	596085
-8e-07	0.898	221433
1.04e-05	0.898	242259
2.16e-05	0.898	502159
3.28e-05	0.898	303375
4.4e-05	0.898	270991
5.52e-05	0.898	1972.37
6.64e-05	0.898	5.31253e-14
7.76e-05	0.898	4.71201e-43
8.88e-05	0.898	0
0.0001	0.898	0
0.0001112	0.898	0
0.0001224	0.898	0
0.0001336	0.898	0
0.0001448	0.898	0
0.000156	0.898	0
0.0001672	0.898	0
0.0001784	0.898	0
0.0001896	0.898	0
0.0002008	0.898	0
0.000212	0.898	0
0.0002232	0.898	0
0.0002344	0.898	0
-0.0003144	0.902	8.85196e-50
-0.0003032	0.902	4.40356e-44
-0.000292	0.902	2.07874e-39
-0.0002808	0.902	3.89175e-36
-0.0002696	0.902	2.81232e-32
-0.0002584	0.902	6.65329e-29
-0.0002472	0.902	1.41876e-26
-0.000236	0.902	4.13613e-24
-0.0002248	0.902	1.86452e-20
-0.0002136	0.902	5.55638e-18
-0.0002024	0.902	6.89505e-15
-0.0001912	0.902	1.94208e-12
-0.00018	0.902	5.52235e-11
-0.0001688	0.902	1.76774e-09
-0.0001576	0.902	1.99319e-08
-0.0001464	0.902	1.42481e-07
-0.0001352	0.902	2.74074e-06
-0.000124	0.902	0.000110621
-0.0001128	0.902	0.0218201
-0.0001016	0.902	0.147043
-9.04e-05	0.902	0.969157
-7.92e-05	0.902	124.361
-6.8e-05	0.902	8643.85
-5.68e-05	0.902	99859.6
-4.56e-05	0.902	431839
-3.44e-05	0.902	2.43358e+06
-2.32e-05	0.902	5.14879e+06
-1.2e-05	0.902	2.00338e+06
-8e-07	0.902	641988
1.04e-05	0.902	8121.41
2.16e-05	0.902	1.96419e-14
3.28e-05	0.902	2.99333e-46
4.4e-05	0.902	0
5.52e-05	0.902	0
6.64e-05	0.902	0
7.76e-05	0.902	0
8.88e-05	0.902	0
0.0001	0.902	0
0.0001112	0.902	0
0.0001224	0.902	0
0.0001336	0.902	0
0.0001448	0.902	0
0.000156	0.902	0
0.0001672	0.902	0
0.0001784	0.902	0
0.0001896	0.902	0
0.0002008	0.902	0
0.000212	0.902	0
0.0002232	0.902	0
0.0002344	0.902	0
-0.0003144	0.906	1.85292e-49
-0.0003032	0.906	2.13245e-43
-0.000292	0.906	5.17481e-39
-0.0002808	0.906	1.13984e-35
-0.0002696	0.906	6.95237e-32
-0.0002584	0.906	1.79583e-28
-0.0002472	0.906	2.31286e-26
-0.000236	0.906	1.25078e-23
-0.0002248	0.906	3.16372e-20
-0.0002136	0.906	1.43759e-17
-0.0002024	0.906	7.47553e-15
-0.0001912	0.906	3.29104e-12
-0.00018	0.906	1.36929e-10
-0.0001688	0.906	3.03454e-09
-0.0001576	0.906	2.60205e-08
-0.0001464	0.906	3.44868e-07
-0.0001352	0.906	2.99219e-06
-0.000124	0.906	0.000339609
-0.0001128	0.906	0.0504382
-0.0001016	0.906	0.457337
-9.04e-05	0.906	2.96844
-7.92e-05	0.906	207.851
-6.8e-05	0.906	17105.1
-5.68e-05	0.906	138662
-4.56e-05	0.906	1.88546e+06
-3.44e-05	0.906	2.84233
-2.32e-05	0.906	6.09802e-14
-1.2e-05	0.906	9.977e-52
-8e-07	0.906	0
1.04e-05	0.906	0
2.16e-05	0.906	0
3.28e-05	0.906	0
4.4e-05	0.906	0
5.52e-05	0.906	0
6.64e-05	0.906	0
7.76e-05	0.906	0
8.88e-05	0.906	0
0.0001	0.906	0
0.0001112	0.906	0
0.0001224	0.906	0
0.0001336	0.906	0
0.0001448	0.906	0
0.000156	0.906	0
0.0001672	0.906	0
0.0001784	0.906	0
0.0001896	0.906	0
0.0002008	0.906	0
0.000212	0.906	0
0.0002232	0.906	0
0.0002344	0.906	0
-0.0003144	0.91	1.0534e-49
-0.0003032	0.91	1.10609e-42
-0.000292	0.91	8.55839e-39
-0.0002808	0.91	4.89103e-35
-0.0002696	0.91	1.17611e-31
-0.0002584	0.91	4.24074e-28
-0.0002472	0.91	5.64864e-26
-0.000236	0.91	2.55405e-23
-0.0002248	0.91	4.20087e-20
-0.0002136	0.91	5.96576e-17
-0.0002024	0.91	1.6693e-14
-0.0001912	0.91	5.32061e-12
-0.00018	0.91	5.83564e-10
-0.0001688	0.91	5.25568e-09
-0.0001576	0.91	4.86247e-08
-0.0001464	0.91	8.19203e-07
-0.0001352	0.91	9.14348e-06
-0.000124	0.91	0.00099654
-0.0001128	0.91	0.0613622
-0.0001016	0.91	1.44514
-9.04e-05	0.91	5.45037
-7.92e-05	0.91	0.00384268
-6.8e-05	0.91	1.41298e-23
-5.68e-05	0.91	1.02937e-60
-4.56e-05	0.91	0
-3.44e-05	0.91	0
-2.32e-05	0.91	0
-1.2e-05	0.91	0
-8e-07	0.91	0
1.04e-05	0.91	0
2.16e-05	0.91	0
3.28e-05	0.91	0
4.4e-05	0.91	0
5.52e-05	0.91	0
6.64e-05	0.91	0
7.76e-05	0.91	0
8.88e-05	0.91	0
0.0001	0.91	0
0.0001112	0.91	0
0.0001224	0.91	0
0.0001336	0.91	0
0.0001448	0.91	0
0.000156	0.91	0
0.0001672	0.91	0
0.0001784	0.91	0
0.0001896	0.91	0
0.0002008	0.91	0
0.000212	0.91	0
0.0002232	0.91	0
0.0002344	0.91	0
-0.0003144	0.914	1.74163e-49
-0.0003032	0.914	1.114e-42
-0.000292	0.914	1.32625e-38
-0.0002808	0.914	1.1635e-34
-0.0002696	0.914	2.44412e-31
-0.0002584	0.914	5.20405e-28
-0.0002472	0.914	1.52363e-25
-0.000236	0.914	6.01884e-23
-0.0002248	0.914	8.3462e-20
-0.0002136	0.914	3.93887e-17
-0.0002024	0.914	1.45364e-14
-0.0001912	0.914	1.02996e-11
-0.00018	0.914	8.98159e-10
-0.0001688	0.914	1.20981e-08
-0.0001576	0.914	1.16677e-07
-0.0001464	0.914	1.90008e-06
-0.0001352	0.914	9.38573e-06
-0.000124	0.914	1.86653e-07
-0.0001128	0.914	4.83094e-33
-0.0001016	0.914	9.69816e-75
-9.04e-05	0.914	0
-7.92e-05	0.914	0
-6.8e-05	0.914	0
-5.68e-05	0.914	0
-4.56e-05	0.914	0
-3.44e-05	0.914	0
-2.32e-05	0.914	0
-1.2e-05	0.914	0
-8e-07	0.914	0
1.04e-05	0.914	0
2.16e-05	0.914	0
3.28e-05	0.914	0
4.4e-05	0.914	0
5.52e-05	0.914	0
6.64e-05	0.914	0
7.76e-05	0.914	0
8.88e-05	0.914	0
0.0001	0.914	0
0.0001112	0.914	0
0.0001224	0.914	0
0.0001336	0.914	0
0.0001448	0.914	0
0.000156	0.914	0
0.0001672	0.914	0
0.0001784	0.914	0
0.0001896	0.914	0
0.0002008	0.914	0
0.000212	0.914	0
0.0002232	0.914	0
0.0002344	0.914	0
-0.0003144	0.918	4.29596e-49
-0.0003032	0.918	2.39487e-42
-0.000292	0.918	1.65136e-38
-0.0002808	0.918	2.79551e-34
-0.0002696	0.918	4.76036e-31
-0.0002584	0.918	8.24064e-28
-0.0002472	0.918	3.63428e-25
-0.000236	0.918	1.64652e-22
-0.0002248	0.918	2.4732e-19
-0.0002136	0.918	4.64429e-17
-0.0002024	0.918	3.44924e-14
-0.0001912	0.918	2.42462e-11
-0.00018	0.918	1.14651e-09
-0.0001688	0.918	1.80335e-24
-0.0001576	0.918	3.97019e-44
-0.0001464	0.918	1.27039e-91
-0.0001352	0.918	0
-0.000124	0.918	0
-0.0001128	0.918	0
-0.0001016	0.918	0
-9.04e-05	0.918	0
-7.92e-05	0.918	0
-6.8e-05	0.918	0
-5.68e-05	0.918	0
-4.56e-05	0.918	0
-3.44e-05	0.918	0
-2.32e-05	0.918	0
-1.2e-05	0.918	0
-8e-07	0.918	0
1.04e-05	0.918	0
2.16e-05	0.918	0
3.28e-05	0.918	0
4.4e-05	0.918	0
5.52e-05	0.918	0
6.64e-05	0.918	0
7.76e-05	0.918	0
8.88e-05	0.918	0
0.0001	0.918	0
0.0001112	0.918	0
0.0001224	0.918	0
0.0001336	0.918	0
0.0001448	0.918	0
0.000156	0.918	0
0.0001672	0.918	0
0.0001784	0.918	0
0.0001896	0.918	0
0.0002008	0.918	0
0.000212	0.918	0
0.0002232	0.918	0
0.0002344	0.918	0
-0.0003144	0.922	5.23015e-48
-0.0003032	0.922	1.13759e-41
-0.000292	0.922	3.74998e-38
-0.0002808	0.922	7.47839e-34
-0.0002696	0.922	1.24387e-30
-0.0002584	0.922	1.51946e-27
-0.0002472	0.922	5.81191e-25
-0.000236	0.922	5.52537e-22
-0.0002248	0.922	3.26686e-25
-0.0002136	0.922	9.68399e-34
-0.0002024	0.922	1.34451e-63
-0.0001912	0.922	0
-0.00018	0.922	0
-0.0001688	0.922	0
-0.0001576	0.922	0
-0.0001464	0.922	0
-0.0001352	0.922	0
-0.000124	0.922	0
-0.0001128	0.922	0
-0.0001016	0.922	0
-9.04e-05	0.922	0
-7.92e-05	0.922	0
-6.8e-05	0.922	0
-5.68e-05	0.922	0
-4.56e-05	0.922	0
-3.44e-05	0.922	0
-2.32e-05	0.922	0
-1.2e-05	0.922	0
-8e-07	0.922	0
1.04e-05	0.922	0
2.16e-05	0.922	0
3.28e-05	0.922	0
4.4e-05	0.922	0
5.52e-05	0.922	0
6.64e-05	0.922	0
7.76e-05	0.922	0
8.88e-05	0.922	0
0.0001	0.922	0
0.0001112	0.922	0
0.0001224	0.922	0
0.0001336	0.922	0
0.0001448	0.922	0
0.000156	0.922	0
0.0001672	0.922	0
0.0001784	0.922	0
0.0001896	0.922	0
0.0002008	0.922	0
0.000212	0.922	0
0.0002232	0.922	0
0.0002344	0.922	0
-0.0003144	0.926	1.80115e-47
-0.0003032	0.926	1.34189e-41
-0.000292	0.926	4.10311e-38
-0.0002808	0.926	2.40156e-33
-0.0002696	0.926	1.19742e-39
-0.0002584	0.926	9.39528e-52
-0.0002472	0.926	1.01124e-86
-0.000236	0.926	0
-0.0002248	0.926	0
-0.0002136	0.926	0
-0.0002024	0.926	0
-0.0001912	0.926	0
-0.00018	0.926	0
-0.0001688	0.926	0
-0.0001576	0.926	0
-0.0001464	0.926	0
-0.0001352	0.926	0
-0.000124	0.926	0
-0.0001128	0.926	0
-0.0001016	0.926	0
-9.04e-05	0.926	0
-7.92e-05	0.926	0
-6.8e-05	0.926	0
-5.68e-05	0.926	0
-4.56e-05	0.926	0
-3.44e-05	0.926	0
-2.32e-05	0.926	0
-1.2e-05	0.926	0
-8e-07	0.926	0
1.04e-05	0.926	0
2.16e-05	0.926	0
3.28e-05	0.926	0
4.4e-05	0.926	0
5.52e-05	0.926	0
6.64e-05	0.926	0
7.76e-05	0.926	0
8.88e-05	0.926	0
0.0001	0.926	0
0.0001112	0.926	0
0.0001224	0.926	0
0.0001336	0.926	0
0.0001448	0.926	0
0.000156	0.926	0
0.0001672	0.926	0
0.0001784	0.926	0
0.0001896	0.926	0
0.0002008	0.926	0
0.000212	0.926	0
0.0002232	0.926	0
0.0002344	0.926	0
-0.0003144	0.93	3.01485e-51
-0.0003032	0.93	9.74463e-76
-0.000292	0.93	3.48456e-114
-0.0002808	0.93	0
-0.0002696	0.93	0
-0.0002584	0.93	0
-0.0002472	0.93	0
-0.000236	0.93	0
-0.0002248	0.93	0
-0.0002136	0.93	0
-0.0002024	0.93	0
-0.0001912	0.93	0
-0.00018	0.93	0
-0.0001688	0.93	0
-0.0001576	0.93	0
-0.0001464	0.93	0
-0.0001352	0.93	0
-0.000124	0.93	0
-0.0001128	0.93	0
-0.0001016	0.93	0
-9.04e-05	0.93	0
-7.92e-05	0.93	0
-6.8e-05	0.93	0
-5.68e-05	0.93	0
-4.56e-05	0.93	0
-3.44e-05	0.93	0
-2.32e-05	0.93	0
-1.2e-05	0.93	0
-8e-07	0.93	0
1.04e-05	0.93	0
2.16e-05	0.93	0
3.28e-05	0.93	0
4.4e-05	0.93	0
5.52e-05	0.93	0
6.64e-05	0.93	0
7.76e-05	0.93	0
8.88e-05	0.93	0
0.0001	0.93	0
0.0001112	0.93	0
0.0001224	0.93	0
0.0001336	0.93	0
0.0001448	0.93	0
0.000156	0.93	0
0.0001672	0.93	0
0.0001784	0.93	0
0.0001896	0.93	0
0.0002008	0.93	0
0.000212	0.93	0
0.0002232	0.93	0
0.0002344	0.93	0
-0.0003144	0.934	0
-0.0003032	0.934	0
-0.000292	0.934	0
-0.0002808	0.934	0
-0.0002696	0.934	0
-0.0002584	0.934	0
-0.0002472	0.934	0
-0.000236	0.934	0
-0.0002248	0.934	0
-0.0002136	0.934	0
-0.0002024	0.934	0
-0.0001912	0.934	0
-0.00018	0.934	0
-0.0001688	0.934	0
-0.0001576	0.934	0
-0.0001464	0.934	0
-0.0001352	0.934	0
-0.000124	0.934	0
-0.0001128	0.934	0
-0.0001016	0.934	0
-9.04e-05	0.934	0
-7.92e-05	0.934	0
-6.8e-05	0.934	0
-5.68e-05	0.934	0
-4.56e-05	0.934	0
-3.44e-05	0.934	0
-2.32e-05	0.934	0
-1.2e-05	0.934	0
-8e-07	0.934	0
1.04e-05	0.934	0
2.16e-05	0.934	0
3.28e-05	0.934	0
4.4e-05	0.934	0
5.52e-05	0.934	0
6.64e-05	0.934	0
7.76e-05	0.934	0
8.88e-05	0.934	0
0.0001	0.934	0
0.0001112	0.934	0
0.0001224	0.934	0
0.0001336	0.934	0
0.0001448	0.934	0
0.000156	0.934	0
0.0001672	0.934	0
0.0001784	0.934	0
0.0001896	0.934	0
0.0002008	0.934	0
0.000212	0.934	0
0.0002232	0.934	0
0.0002344	0.934	0
-0.0003144	0.938	0
-0.0003032	0.938	0
-0.000292	0.938	0
-0.0002808	0.938	0
-0.0002696	0.938	0
-0.0002584	0.938	0
-0.0002472	0.938	0
-0.000236	0.938	0
-0.0002248	0.938	0
-0.0002136	0.938	0
-0.0002024	0.938	0
-0.0001912	0.938	0
-0.00018	0.938	0
-0.0001688	0.938	0
-0.0001576	0.938	0
-0.0001464	0.938	0
-0.0001352	0.938	0
-0.000124	0.938	0
-0.0001128	0.938	0
-0.0001016	0.938	0
-9.04e-05	0.938	0
-7.92e-05	0.938	0
-6.8e-05	0.938	0
-5.68e-05	0.938	0
-4.56e-05	0.938	0
-3.44e-05	0.938	0
-2.32e-05	0.938	0
-1.2e-05	0.938	0
-8e-07	0.938	0
1.04e-05	0.938	0
2.16e-05	0.938	0
3.28e-05	0.938	0
4.4e-05	0.938	0
5.52e-05	0.938	0
6.64e-05	0.938	0
7.76e-05	0.938	0
8.88e-05	0.938	0
0.0001	0.938	0
0.0001112	0.938	0
0.0001224	0.938	0
0.0001336	0.938	0
0.0001448	0.938	0
0.000156	0.938	0
0.0001672	0.938	0
0.0001784	0.938	0
0.0001896	0.938	0
0.0002008	0.938	0
0.000212	0.938	0
0.0002232	0.938	0
0.0002344	0.938	0
