pa/bp3p2_n_l
1.42214
1.43
6.18947e-18
1.5593e-17
4.01763e-17
1.20056e-16
3.04328e-16
8.19138e-16
1.94471e-15
5.0558e-15
1.34517e-14
3.7013e-14
7.69922e-14
1.98948e-13
6.02396e-13
1.38035e-12
3.45854e-12
8.66508e-12
2.28601e-11
4.73277e-11
1.10877e-10
2.59063e-10
6.49e-10
1.55208e-09
3.61813e-09
7.79753e-09
2.05301e-08
4.97445e-08
9.93076e-08
2.44056e-07
4.91611e-07
1.22292e-06
2.60206e-06
5.48333e-06
1.1682e-05
2.4588e-05
5.58457e-05
0.000111251
0.000287581
0.000460227
0.00122264
0.00220291
0.00677411
0.0090842
0.0167231
0.0409656
0.0560696
0.0918997
0.133407
0.302035
0.337625
0.892578
0.83595
1.47692
2.31596
2.97091
5.35197
7.17879
11.2851
15.0789
19.9616
37.0188
44.6159
63.7826
63.3957
118.28
161.826
142.313
194.219
326.976
359.534
221.79
343.885
519.981
666.524
390.773
635.32
793.726
670.826
604.41
757.71
1044.13
799.325
696.426
668.107
688.915
424.424
294.543
325.399
292.087
102.674
63.2825
68.0699
44.0547
10.7821
9.22516
7.04111
1.93823
0.842184
0.505374
0.331029
0.150344
