pa/bp3p3_gamma_th_n_l
1.4148
1.4212
9.45568e-24
2.80293e-21
4.09272e-23
3.3639e-21
2.50601e-19
4.88559e-19
2.82188e-18
1.55196e-16
7.4635e-16
4.43906e-15
6.18222e-15
1.35279e-14
3.57975e-15
5.06063e-15
1.67015e-13
5.77564e-13
3.13373e-10
5.37297e-09
1.20731e-08
3.68003e-07
3.8413e-07
4.29463e-07
4.32548e-08
5.83287e-08
7.92303e-08
1.15722e-06
3.49309e-06
2.82912e-05
0.00044772
0.00106541
0.0269046
0.0469028
0.00442163
0.00544653
0.00369003
0.111495
0.136183
4.08785
8.83102
88.5365
172.655
34.3135
16.1064
18.5247
35.0624
3.95014
2.31659
3.05393
2.05628
148.268
2744.93
41.6152
331.553
458.082
372.549
9472.68
626.861
91.7127
179.128
639.647
86.0322
26.4326
9.56491
2.67063
0.602406
0.603568
0.12997
0.753564
0.149852
0.309637
0.890667
0.000746777
0.00108753
3.79547e-06
9.05149e-07
7.83991e-07
4.51088e-07
4.17923e-07
1.11462e-08
1.3777e-09
1.17664e-10
3.33326e-13
2.81445e-13
6.95981e-12
9.53434e-12
9.80548e-13
5.10151e-13
5.782e-14
1.26651e-14
7.86321e-16
9.75579e-18
1.15179e-18
9.44903e-20
5.80607e-20
1.97069e-20
8.17578e-21
4.90062e-22
3.52946e-23
4.22589e-24
1.28888e-23
