pa/bp3p3_n_l
1.41931
1.42636
1.11566e-16
3.59996e-16
9.26918e-15
6.56492e-14
2.9527e-13
9.45941e-13
2.18352e-12
7.33304e-12
2.47379e-11
6.29108e-11
1.60983e-10
4.3866e-10
2.05238e-09
6.95724e-08
3.40421e-08
1.46436e-07
5.33029e-07
1.64958e-06
2.08726e-06
1.16682e-05
3.89222e-05
7.81167e-05
0.00117268
0.00101697
0.00310942
0.0132917
0.0473405
0.0852586
0.224781
0.407714
0.823783
1.54258
2.66424
3.94934
5.84015
7.01422
10.0573
11.601
16.7263
20.6596
29.8354
48.7449
85.2384
116.279
208.144
298.574
399.982
638.229
782.105
1027.21
903.493
1286.07
1285.71
1204.46
1258.25
1064.68
974.11
618.515
602.819
501.112
253.212
194.191
143.018
79.5067
39.6298
23.383
13.6492
5.06464
3.15337
1.57341
0.43289
0.135595
0.0880838
0.0349821
0.018469
0.0112555
0.00559896
0.00281858
0.00139615
0.000739399
0.000284835
0.000106844
3.58618e-05
1.06352e-05
2.76897e-06
6.43674e-07
2.36111e-08
1.76833e-09
2.90202e-09
7.09338e-11
1.8994e-11
2.35064e-12
3.35446e-13
5.19506e-14
1.15722e-14
2.27206e-15
2.4195e-16
7.37673e-17
1.63071e-17
2.21029e-18
