#theta_0	N_0	probability

-0.000283648	0.22652	0
-0.000281344	0.22652	0
-0.00027904	0.22652	0
-0.000276736	0.22652	0
-0.000274432	0.22652	0
-0.000272128	0.22652	0
-0.000269824	0.22652	0
-0.00026752	0.22652	0
-0.000265216	0.22652	0
-0.000262912	0.22652	0
-0.000260608	0.22652	0
-0.000258304	0.22652	0
-0.000256	0.22652	0
-0.000253696	0.22652	0
-0.000251392	0.22652	0
-0.000249088	0.22652	0
-0.000246784	0.22652	0
-0.00024448	0.22652	0
-0.000242176	0.22652	0
-0.000239872	0.22652	0
-0.000237568	0.22652	0
-0.000235264	0.22652	0
-0.00023296	0.22652	0
-0.000230656	0.22652	0
-0.000228352	0.22652	0
-0.000226048	0.22652	0
-0.000223744	0.22652	0
-0.00022144	0.22652	0
-0.000219136	0.22652	0
-0.000216832	0.22652	0
-0.000214528	0.22652	0
-0.000212224	0.22652	0
-0.00020992	0.22652	0
-0.000207616	0.22652	0
-0.000205312	0.22652	0
-0.000203008	0.22652	0
-0.000200704	0.22652	0
-0.0001984	0.22652	0
-0.000196096	0.22652	0
-0.000193792	0.22652	0
-0.000191488	0.22652	0
-0.000189184	0.22652	0
-0.00018688	0.22652	0
-0.000184576	0.22652	0
-0.000182272	0.22652	0
-0.000179968	0.22652	0
-0.000177664	0.22652	0
-0.00017536	0.22652	0
-0.000173056	0.22652	0
-0.000170752	0.22652	0
-0.000283648	0.22676	0
-0.000281344	0.22676	0
-0.00027904	0.22676	0
-0.000276736	0.22676	0
-0.000274432	0.22676	0
-0.000272128	0.22676	0
-0.000269824	0.22676	0
-0.00026752	0.22676	0
-0.000265216	0.22676	0
-0.000262912	0.22676	0
-0.000260608	0.22676	0
-0.000258304	0.22676	0
-0.000256	0.22676	0
-0.000253696	0.22676	0
-0.000251392	0.22676	0
-0.000249088	0.22676	0
-0.000246784	0.22676	0
-0.00024448	0.22676	0
-0.000242176	0.22676	0
-0.000239872	0.22676	0
-0.000237568	0.22676	0
-0.000235264	0.22676	0
-0.00023296	0.22676	0
-0.000230656	0.22676	0
-0.000228352	0.22676	0
-0.000226048	0.22676	0
-0.000223744	0.22676	0
-0.00022144	0.22676	0
-0.000219136	0.22676	0
-0.000216832	0.22676	0
-0.000214528	0.22676	0
-0.000212224	0.22676	0
-0.00020992	0.22676	0
-0.000207616	0.22676	0
-0.000205312	0.22676	0
-0.000203008	0.22676	0
-0.000200704	0.22676	0
-0.0001984	0.22676	0
-0.000196096	0.22676	0
-0.000193792	0.22676	0
-0.000191488	0.22676	0
-0.000189184	0.22676	0
-0.00018688	0.22676	0
-0.000184576	0.22676	0
-0.000182272	0.22676	0
-0.000179968	0.22676	0
-0.000177664	0.22676	0
-0.00017536	0.22676	0
-0.000173056	0.22676	0
-0.000170752	0.22676	0
-0.000283648	0.227	0
-0.000281344	0.227	0
-0.00027904	0.227	0
-0.000276736	0.227	0
-0.000274432	0.227	0
-0.000272128	0.227	0
-0.000269824	0.227	0
-0.00026752	0.227	0
-0.000265216	0.227	0
-0.000262912	0.227	0
-0.000260608	0.227	0
-0.000258304	0.227	0
-0.000256	0.227	0
-0.000253696	0.227	0
-0.000251392	0.227	0
-0.000249088	0.227	0
-0.000246784	0.227	0
-0.00024448	0.227	0
-0.000242176	0.227	0
-0.000239872	0.227	0
-0.000237568	0.227	0
-0.000235264	0.227	0
-0.00023296	0.227	0
-0.000230656	0.227	0
-0.000228352	0.227	0
-0.000226048	0.227	0
-0.000223744	0.227	0
-0.00022144	0.227	0
-0.000219136	0.227	0
-0.000216832	0.227	0
-0.000214528	0.227	0
-0.000212224	0.227	0
-0.00020992	0.227	0
-0.000207616	0.227	0
-0.000205312	0.227	0
-0.000203008	0.227	0
-0.000200704	0.227	0
-0.0001984	0.227	0
-0.000196096	0.227	0
-0.000193792	0.227	0
-0.000191488	0.227	0
-0.000189184	0.227	0
-0.00018688	0.227	0
-0.000184576	0.227	0
-0.000182272	0.227	0
-0.000179968	0.227	0
-0.000177664	0.227	0
-0.00017536	0.227	0
-0.000173056	0.227	0
-0.000170752	0.227	0
-0.000283648	0.22724	0
-0.000281344	0.22724	0
-0.00027904	0.22724	0
-0.000276736	0.22724	0
-0.000274432	0.22724	0
-0.000272128	0.22724	0
-0.000269824	0.22724	0
-0.00026752	0.22724	0
-0.000265216	0.22724	0
-0.000262912	0.22724	0
-0.000260608	0.22724	0
-0.000258304	0.22724	0
-0.000256	0.22724	0
-0.000253696	0.22724	0
-0.000251392	0.22724	0
-0.000249088	0.22724	0
-0.000246784	0.22724	0
-0.00024448	0.22724	0
-0.000242176	0.22724	0
-0.000239872	0.22724	0
-0.000237568	0.22724	0
-0.000235264	0.22724	0
-0.00023296	0.22724	0
-0.000230656	0.22724	0
-0.000228352	0.22724	0
-0.000226048	0.22724	0
-0.000223744	0.22724	0
-0.00022144	0.22724	0
-0.000219136	0.22724	0
-0.000216832	0.22724	0
-0.000214528	0.22724	0
-0.000212224	0.22724	0
-0.00020992	0.22724	0
-0.000207616	0.22724	0
-0.000205312	0.22724	0
-0.000203008	0.22724	0
-0.000200704	0.22724	0
-0.0001984	0.22724	0
-0.000196096	0.22724	0
-0.000193792	0.22724	0
-0.000191488	0.22724	0
-0.000189184	0.22724	0
-0.00018688	0.22724	0
-0.000184576	0.22724	0
-0.000182272	0.22724	0
-0.000179968	0.22724	0
-0.000177664	0.22724	0
-0.00017536	0.22724	0
-0.000173056	0.22724	0
-0.000170752	0.22724	0
-0.000283648	0.22748	0
-0.000281344	0.22748	0
-0.00027904	0.22748	0
-0.000276736	0.22748	0
-0.000274432	0.22748	0
-0.000272128	0.22748	0
-0.000269824	0.22748	0
-0.00026752	0.22748	0
-0.000265216	0.22748	0
-0.000262912	0.22748	0
-0.000260608	0.22748	0
-0.000258304	0.22748	0
-0.000256	0.22748	0
-0.000253696	0.22748	0
-0.000251392	0.22748	0
-0.000249088	0.22748	0
-0.000246784	0.22748	0
-0.00024448	0.22748	0
-0.000242176	0.22748	0
-0.000239872	0.22748	0
-0.000237568	0.22748	0
-0.000235264	0.22748	0
-0.00023296	0.22748	0
-0.000230656	0.22748	0
-0.000228352	0.22748	0
-0.000226048	0.22748	0
-0.000223744	0.22748	0
-0.00022144	0.22748	0
-0.000219136	0.22748	0
-0.000216832	0.22748	0
-0.000214528	0.22748	0
-0.000212224	0.22748	0
-0.00020992	0.22748	0
-0.000207616	0.22748	0
-0.000205312	0.22748	0
-0.000203008	0.22748	0
-0.000200704	0.22748	0
-0.0001984	0.22748	0
-0.000196096	0.22748	0
-0.000193792	0.22748	0
-0.000191488	0.22748	0
-0.000189184	0.22748	0
-0.00018688	0.22748	0
-0.000184576	0.22748	0
-0.000182272	0.22748	0
-0.000179968	0.22748	0
-0.000177664	0.22748	0
-0.00017536	0.22748	0
-0.000173056	0.22748	0
-0.000170752	0.22748	0
-0.000283648	0.22772	1.25516e-17
-0.000281344	0.22772	3.32125e-16
-0.00027904	0.22772	2.78238e-15
-0.000276736	0.22772	2.08186e-14
-0.000274432	0.22772	8.20514e-14
-0.000272128	0.22772	5.40094e-13
-0.000269824	0.22772	3.91313e-12
-0.00026752	0.22772	2.80927e-11
-0.000265216	0.22772	2.06354e-10
-0.000262912	0.22772	1.22296e-09
-0.000260608	0.22772	7.20522e-09
-0.000258304	0.22772	5.63117e-08
-0.000256	0.22772	5.1543e-07
-0.000253696	0.22772	2.615e-06
-0.000251392	0.22772	2.23551e-05
-0.000249088	0.22772	0.00023835
-0.000246784	0.22772	0.00390783
-0.00024448	0.22772	0.00977427
-0.000242176	0.22772	0.0813385
-0.000239872	0.22772	1.02507
-0.000237568	0.22772	3.39955
-0.000235264	0.22772	20.5997
-0.00023296	0.22772	55.2911
-0.000230656	0.22772	179.329
-0.000228352	0.22772	682.504
-0.000226048	0.22772	2095.7
-0.000223744	0.22772	5974.75
-0.00022144	0.22772	14912.8
-0.000219136	0.22772	44091.5
-0.000216832	0.22772	166845
-0.000214528	0.22772	914221
-0.000212224	0.22772	4.78644e+06
-0.00020992	0.22772	2.36134e+07
-0.000207616	0.22772	1.39607e+08
-0.000205312	0.22772	5.58875e+08
-0.000203008	0.22772	3.21364e+08
-0.000200704	0.22772	6.19303e+07
-0.0001984	0.22772	3.28768e+06
-0.000196096	0.22772	4.42745e+06
-0.000193792	0.22772	6.02705e+06
-0.000191488	0.22772	50730.9
-0.000189184	0.22772	329.777
-0.00018688	0.22772	136.148
-0.000184576	0.22772	0.440579
-0.000182272	0.22772	0.00141125
-0.000179968	0.22772	0.000317811
-0.000177664	0.22772	3.38805e-07
-0.00017536	0.22772	3.75648e-10
-0.000173056	0.22772	9.13557e-12
-0.000170752	0.22772	3.5965e-15
-0.000283648	0.22796	1.25644e-17
-0.000281344	0.22796	2.68424e-16
-0.00027904	0.22796	3.218e-15
-0.000276736	0.22796	2.21374e-14
-0.000274432	0.22796	8.09271e-14
-0.000272128	0.22796	5.42262e-13
-0.000269824	0.22796	3.45854e-12
-0.00026752	0.22796	2.65264e-11
-0.000265216	0.22796	1.96599e-10
-0.000262912	0.22796	1.21033e-09
-0.000260608	0.22796	6.72634e-09
-0.000258304	0.22796	5.56109e-08
-0.000256	0.22796	5.15462e-07
-0.000253696	0.22796	2.48758e-06
-0.000251392	0.22796	2.59607e-05
-0.000249088	0.22796	0.000229118
-0.000246784	0.22796	0.00373123
-0.00024448	0.22796	0.0099381
-0.000242176	0.22796	0.0779782
-0.000239872	0.22796	1.05127
-0.000237568	0.22796	3.34034
-0.000235264	0.22796	20.7247
-0.00023296	0.22796	56.9181
-0.000230656	0.22796	175.616
-0.000228352	0.22796	678.972
-0.000226048	0.22796	2136.47
-0.000223744	0.22796	6179.64
-0.00022144	0.22796	15315.2
-0.000219136	0.22796	46626.6
-0.000216832	0.22796	172900
-0.000214528	0.22796	1.01925e+06
-0.000212224	0.22796	5.11471e+06
-0.00020992	0.22796	2.4402e+07
-0.000207616	0.22796	1.09315e+08
-0.000205312	0.22796	2.49043e+08
-0.000203008	0.22796	5.28991e+07
-0.000200704	0.22796	1.03433e+06
-0.0001984	0.22796	887400
-0.000196096	0.22796	2.45114e+06
-0.000193792	0.22796	37426.5
-0.000191488	0.22796	170.976
-0.000189184	0.22796	47.311
-0.00018688	0.22796	0.229526
-0.000184576	0.22796	0.00206125
-0.000182272	0.22796	0.000356214
-0.000179968	0.22796	2.877e-07
-0.000177664	0.22796	3.29115e-10
-0.00017536	0.22796	7.5394e-12
-0.000173056	0.22796	9.80553e-15
-0.000170752	0.22796	2.06196e-17
-0.000283648	0.2282	1.2359e-17
-0.000281344	0.2282	2.21251e-16
-0.00027904	0.2282	2.7653e-15
-0.000276736	0.2282	2.08612e-14
-0.000274432	0.2282	8.10053e-14
-0.000272128	0.2282	5.30644e-13
-0.000269824	0.2282	3.46912e-12
-0.00026752	0.2282	2.51935e-11
-0.000265216	0.2282	1.81467e-10
-0.000262912	0.2282	1.13489e-09
-0.000260608	0.2282	7.01662e-09
-0.000258304	0.2282	5.04222e-08
-0.000256	0.2282	4.50646e-07
-0.000253696	0.2282	2.39265e-06
-0.000251392	0.2282	2.47318e-05
-0.000249088	0.2282	0.000261785
-0.000246784	0.2282	0.00379187
-0.00024448	0.2282	0.0105541
-0.000242176	0.2282	0.0812395
-0.000239872	0.2282	1.12885
-0.000237568	0.2282	3.15356
-0.000235264	0.2282	20.6465
-0.00023296	0.2282	57.3678
-0.000230656	0.2282	177.895
-0.000228352	0.2282	666.958
-0.000226048	0.2282	2190.21
-0.000223744	0.2282	6297.68
-0.00022144	0.2282	15768.2
-0.000219136	0.2282	45761.7
-0.000216832	0.2282	177062
-0.000214528	0.2282	988879
-0.000212224	0.2282	5.48194e+06
-0.00020992	0.2282	2.7467e+07
-0.000207616	0.2282	8.53172e+07
-0.000205312	0.2282	3.77154e+07
-0.000203008	0.2282	332106
-0.000200704	0.2282	423194
-0.0001984	0.2282	430589
-0.000196096	0.2282	14991.5
-0.000193792	0.2282	115.248
-0.000191488	0.2282	34.5103
-0.000189184	0.2282	0.119675
-0.00018688	0.2282	0.0013462
-0.000184576	0.2282	0.000565269
-0.000182272	0.2282	2.84341e-06
-0.000179968	0.2282	6.19141e-10
-0.000177664	0.2282	4.61815e-12
-0.00017536	0.2282	3.75617e-14
-0.000173056	0.2282	3.7996e-17
-0.000170752	0.2282	3.46207e-22
-0.000283648	0.22844	1.2976e-17
-0.000281344	0.22844	2.04509e-16
-0.00027904	0.22844	2.99623e-15
-0.000276736	0.22844	2.1119e-14
-0.000274432	0.22844	7.84238e-14
-0.000272128	0.22844	5.32658e-13
-0.000269824	0.22844	3.60838e-12
-0.00026752	0.22844	2.3806e-11
-0.000265216	0.22844	1.71554e-10
-0.000262912	0.22844	1.05617e-09
-0.000260608	0.22844	6.38685e-09
-0.000258304	0.22844	5.07046e-08
-0.000256	0.22844	4.09464e-07
-0.000253696	0.22844	2.16857e-06
-0.000251392	0.22844	2.83114e-05
-0.000249088	0.22844	0.000275385
-0.000246784	0.22844	0.00399454
-0.00024448	0.22844	0.0107095
-0.000242176	0.22844	0.0931637
-0.000239872	0.22844	1.13955
-0.000237568	0.22844	3.16326
-0.000235264	0.22844	19.6897
-0.00023296	0.22844	56.931
-0.000230656	0.22844	189.658
-0.000228352	0.22844	652.642
-0.000226048	0.22844	2080.41
-0.000223744	0.22844	6635.91
-0.00022144	0.22844	16453.1
-0.000219136	0.22844	46078.6
-0.000216832	0.22844	184265
-0.000214528	0.22844	1.06676e+06
-0.000212224	0.22844	5.79789e+06
-0.00020992	0.22844	2.74722e+07
-0.000207616	0.22844	1.78428e+07
-0.000205312	0.22844	173648
-0.000203008	0.22844	247800
-0.000200704	0.22844	91387.4
-0.0001984	0.22844	13702.6
-0.000196096	0.22844	89.6012
-0.000193792	0.22844	59.5672
-0.000191488	0.22844	0.0663342
-0.000189184	0.22844	0.00131596
-0.00018688	0.22844	0.000562683
-0.000184576	0.22844	5.49081e-06
-0.000182272	0.22844	4.49271e-10
-0.000179968	0.22844	3.37977e-12
-0.000177664	0.22844	3.4866e-14
-0.00017536	0.22844	5.40084e-17
-0.000173056	0.22844	6.27921e-22
-0.000170752	0.22844	1.57935e-27
-0.000283648	0.22868	1.2868e-17
-0.000281344	0.22868	1.98887e-16
-0.00027904	0.22868	2.45703e-15
-0.000276736	0.22868	2.06975e-14
-0.000274432	0.22868	7.68422e-14
-0.000272128	0.22868	5.58267e-13
-0.000269824	0.22868	3.53614e-12
-0.00026752	0.22868	2.48468e-11
-0.000265216	0.22868	1.65128e-10
-0.000262912	0.22868	9.66231e-10
-0.000260608	0.22868	6.06579e-09
-0.000258304	0.22868	4.49312e-08
-0.000256	0.22868	3.88354e-07
-0.000253696	0.22868	2.16084e-06
-0.000251392	0.22868	2.99585e-05
-0.000249088	0.22868	0.000276815
-0.000246784	0.22868	0.00371611
-0.00024448	0.22868	0.0105607
-0.000242176	0.22868	0.0942702
-0.000239872	0.22868	1.19175
-0.000237568	0.22868	3.15271
-0.000235264	0.22868	19.8122
-0.00023296	0.22868	56.992
-0.000230656	0.22868	175.515
-0.000228352	0.22868	635.902
-0.000226048	0.22868	2159.3
-0.000223744	0.22868	6905.4
-0.00022144	0.22868	16861.1
-0.000219136	0.22868	47572.4
-0.000216832	0.22868	194980
-0.000214528	0.22868	1.07843e+06
-0.000212224	0.22868	5.65607e+06
-0.00020992	0.22868	1.397e+07
-0.000207616	0.22868	123888
-0.000205312	0.22868	104938
-0.000203008	0.22868	64854.5
-0.000200704	0.22868	3571.11
-0.0001984	0.22868	175.167
-0.000196096	0.22868	5.64962
-0.000193792	0.22868	0.0887175
-0.000191488	0.22868	0.000975566
-0.000189184	0.22868	0.000734867
-0.00018688	0.22868	3.99647e-06
-0.000184576	0.22868	2.45993e-10
-0.000182272	0.22868	4.68448e-12
-0.000179968	0.22868	6.1169e-14
-0.000177664	0.22868	1.34411e-16
-0.00017536	0.22868	1.56574e-21
-0.000173056	0.22868	7.30842e-28
-0.000170752	0.22868	6.11758e-34
-0.000283648	0.22892	1.26136e-17
-0.000281344	0.22892	1.7864e-16
-0.00027904	0.22892	2.07353e-15
-0.000276736	0.22892	2.04457e-14
-0.000274432	0.22892	7.80624e-14
-0.000272128	0.22892	5.2504e-13
-0.000269824	0.22892	3.66558e-12
-0.00026752	0.22892	2.38012e-11
-0.000265216	0.22892	1.68204e-10
-0.000262912	0.22892	9.45298e-10
-0.000260608	0.22892	5.83118e-09
-0.000258304	0.22892	3.92922e-08
-0.000256	0.22892	3.54184e-07
-0.000253696	0.22892	1.96922e-06
-0.000251392	0.22892	3.05699e-05
-0.000249088	0.22892	0.000330158
-0.000246784	0.22892	0.00390294
-0.00024448	0.22892	0.0104154
-0.000242176	0.22892	0.0989416
-0.000239872	0.22892	1.19753
-0.000237568	0.22892	2.96318
-0.000235264	0.22892	19.267
-0.00023296	0.22892	54.9649
-0.000230656	0.22892	175.103
-0.000228352	0.22892	636.305
-0.000226048	0.22892	2192.25
-0.000223744	0.22892	6854.17
-0.00022144	0.22892	17478.7
-0.000219136	0.22892	52248
-0.000216832	0.22892	192725
-0.000214528	0.22892	897077
-0.000212224	0.22892	1.83204e+06
-0.00020992	0.22892	81025.3
-0.000207616	0.22892	37949.8
-0.000205312	0.22892	69419.7
-0.000203008	0.22892	1457.54
-0.000200704	0.22892	68.9649
-0.0001984	0.22892	6.40653
-0.000196096	0.22892	0.0911964
-0.000193792	0.22892	0.000724857
-0.000191488	0.22892	0.000243972
-0.000189184	0.22892	6.05967e-06
-0.00018688	0.22892	3.59589e-10
-0.000184576	0.22892	6.37795e-12
-0.000182272	0.22892	3.00707e-14
-0.000179968	0.22892	9.36124e-17
-0.000177664	0.22892	8.91985e-22
-0.00017536	0.22892	9.67891e-28
-0.000173056	0.22892	1.77757e-33
-0.000170752	0.22892	7.16311e-38
-0.000283648	0.22916	1.36385e-17
-0.000281344	0.22916	1.692e-16
-0.00027904	0.22916	2.02557e-15
-0.000276736	0.22916	2.02007e-14
-0.000274432	0.22916	7.93705e-14
-0.000272128	0.22916	5.32817e-13
-0.000269824	0.22916	3.67436e-12
-0.00026752	0.22916	2.31856e-11
-0.000265216	0.22916	1.62444e-10
-0.000262912	0.22916	9.25662e-10
-0.000260608	0.22916	5.1354e-09
-0.000258304	0.22916	3.6468e-08
-0.000256	0.22916	3.00525e-07
-0.000253696	0.22916	1.96051e-06
-0.000251392	0.22916	2.69733e-05
-0.000249088	0.22916	0.000357214
-0.000246784	0.22916	0.0039967
-0.00024448	0.22916	0.0104394
-0.000242176	0.22916	0.0876927
-0.000239872	0.22916	1.2388
-0.000237568	0.22916	3.02638
-0.000235264	0.22916	19.5673
-0.00023296	0.22916	55.0604
-0.000230656	0.22916	185.307
-0.000228352	0.22916	650.513
-0.000226048	0.22916	2226.11
-0.000223744	0.22916	6777.34
-0.00022144	0.22916	17890.4
-0.000219136	0.22916	51189
-0.000216832	0.22916	138336
-0.000214528	0.22916	374845
-0.000212224	0.22916	106258
-0.00020992	0.22916	12371.1
-0.000207616	0.22916	33946.2
-0.000205312	0.22916	3791.92
-0.000203008	0.22916	60.1831
-0.000200704	0.22916	6.88547
-0.0001984	0.22916	0.022637
-0.000196096	0.22916	0.000483966
-0.000193792	0.22916	0.000126649
-0.000191488	0.22916	7.11546e-06
-0.000189184	0.22916	5.83691e-10
-0.00018688	0.22916	5.19947e-12
-0.000184576	0.22916	4.64004e-14
-0.000182272	0.22916	1.19213e-16
-0.000179968	0.22916	4.27005e-21
-0.000177664	0.22916	6.13796e-27
-0.00017536	0.22916	6.22821e-33
-0.000173056	0.22916	9.53095e-37
-0.000170752	0.22916	1.11537e-44
-0.000283648	0.2294	1.44304e-17
-0.000281344	0.2294	1.52347e-16
-0.00027904	0.2294	1.85335e-15
-0.000276736	0.2294	1.87651e-14
-0.000274432	0.2294	7.58471e-14
-0.000272128	0.2294	5.09914e-13
-0.000269824	0.2294	3.78802e-12
-0.00026752	0.2294	2.38191e-11
-0.000265216	0.2294	1.71596e-10
-0.000262912	0.2294	8.77246e-10
-0.000260608	0.2294	4.64623e-09
-0.000258304	0.2294	3.73405e-08
-0.000256	0.2294	2.95301e-07
-0.000253696	0.2294	1.94437e-06
-0.000251392	0.2294	2.72421e-05
-0.000249088	0.2294	0.000364614
-0.000246784	0.2294	0.00375549
-0.00024448	0.2294	0.0105586
-0.000242176	0.2294	0.0910125
-0.000239872	0.2294	1.28585
-0.000237568	0.2294	2.94984
-0.000235264	0.2294	19.2677
-0.00023296	0.2294	54.335
-0.000230656	0.2294	180.532
-0.000228352	0.2294	664.934
-0.000226048	0.2294	2096.6
-0.000223744	0.2294	7325.07
-0.00022144	0.2294	17086.1
-0.000219136	0.2294	33133.6
-0.000216832	0.2294	105144
-0.000214528	0.2294	17981.2
-0.000212224	0.2294	3094.4
-0.00020992	0.2294	11378.9
-0.000207616	0.2294	6338.27
-0.000205312	0.2294	7.18507
-0.000203008	0.2294	4.47161
-0.000200704	0.2294	0.0192969
-0.0001984	0.2294	0.000549647
-0.000196096	0.2294	5.92403e-05
-0.000193792	0.2294	6.37509e-06
-0.000191488	0.2294	2.79767e-09
-0.000189184	0.2294	3.08999e-12
-0.00018688	0.2294	8.15455e-14
-0.000184576	0.2294	5.76175e-17
-0.000182272	0.2294	1.22228e-20
-0.000179968	0.2294	4.66406e-25
-0.000177664	0.2294	1.66497e-32
-0.00017536	0.2294	2.90442e-36
-0.000173056	0.2294	5.16029e-44
-0.000170752	0.2294	5.03009e-50
-0.000283648	0.22964	1.57569e-17
-0.000281344	0.22964	1.4059e-16
-0.00027904	0.22964	1.7535e-15
-0.000276736	0.22964	1.78582e-14
-0.000274432	0.22964	7.39786e-14
-0.000272128	0.22964	5.06925e-13
-0.000269824	0.22964	3.80046e-12
-0.00026752	0.22964	2.36803e-11
-0.000265216	0.22964	1.70543e-10
-0.000262912	0.22964	8.7926e-10
-0.000260608	0.22964	4.29036e-09
-0.000258304	0.22964	3.61643e-08
-0.000256	0.22964	2.73829e-07
-0.000253696	0.22964	1.9453e-06
-0.000251392	0.22964	2.69414e-05
-0.000249088	0.22964	0.000381076
-0.000246784	0.22964	0.0032102
-0.00024448	0.22964	0.0103191
-0.000242176	0.22964	0.0953663
-0.000239872	0.22964	1.39745
-0.000237568	0.22964	2.87425
-0.000235264	0.22964	18.2511
-0.00023296	0.22964	52.8316
-0.000230656	0.22964	173.59
-0.000228352	0.22964	663.407
-0.000226048	0.22964	2106.81
-0.000223744	0.22964	7942.63
-0.00022144	0.22964	6785.13
-0.000219136	0.22964	19903.8
-0.000216832	0.22964	14147.2
-0.000214528	0.22964	1092.29
-0.000212224	0.22964	2689.57
-0.00020992	0.22964	6295.06
-0.000207616	0.22964	1.88176
-0.000205312	0.22964	2.17032
-0.000203008	0.22964	0.0325914
-0.000200704	0.22964	0.000142122
-0.0001984	0.22964	3.93589e-05
-0.000196096	0.22964	3.59819e-06
-0.000193792	0.22964	3.51822e-09
-0.000191488	0.22964	2.60371e-12
-0.000189184	0.22964	2.05459e-13
-0.00018688	0.22964	5.58871e-17
-0.000184576	0.22964	1.48678e-20
-0.000182272	0.22964	6.89844e-25
-0.000179968	0.22964	2.98425e-32
-0.000177664	0.22964	3.82456e-36
-0.00017536	0.22964	8.12916e-43
-0.000173056	0.22964	2.1102e-48
-0.000170752	0.22964	2.11543e-56
-0.000283648	0.22988	1.58688e-17
-0.000281344	0.22988	1.56756e-16
-0.00027904	0.22988	1.7035e-15
-0.000276736	0.22988	1.64713e-14
-0.000274432	0.22988	7.34444e-14
-0.000272128	0.22988	4.98519e-13
-0.000269824	0.22988	3.78951e-12
-0.00026752	0.22988	2.36765e-11
-0.000265216	0.22988	1.81973e-10
-0.000262912	0.22988	8.4027e-10
-0.000260608	0.22988	3.89041e-09
-0.000258304	0.22988	3.27189e-08
-0.000256	0.22988	2.62038e-07
-0.000253696	0.22988	1.88768e-06
-0.000251392	0.22988	2.60362e-05
-0.000249088	0.22988	0.000413721
-0.000246784	0.22988	0.00285712
-0.00024448	0.22988	0.00915488
-0.000242176	0.22988	0.0939686
-0.000239872	0.22988	1.3554
-0.000237568	0.22988	2.78594
-0.000235264	0.22988	18.7312
-0.00023296	0.22988	51.656
-0.000230656	0.22988	179.414
-0.000228352	0.22988	680.725
-0.000226048	0.22988	2114.88
-0.000223744	0.22988	2136.53
-0.00022144	0.22988	3304.19
-0.000219136	0.22988	3855.41
-0.000216832	0.22988	362.323
-0.000214528	0.22988	500.377
-0.000212224	0.22988	2037.98
-0.00020992	0.22988	1.07065
-0.000207616	0.22988	0.713102
-0.000205312	0.22988	0.030477
-0.000203008	0.22988	4.75554e-05
-0.000200704	0.22988	1.34136e-05
-0.0001984	0.22988	1.8235e-06
-0.000196096	0.22988	4.68781e-09
-0.000193792	0.22988	4.797e-12
-0.000191488	0.22988	2.22758e-13
-0.000189184	0.22988	1.59111e-16
-0.00018688	0.22988	1.68589e-20
-0.000184576	0.22988	2.81051e-24
-0.000182272	0.22988	4.52195e-32
-0.000179968	0.22988	1.84725e-36
-0.000177664	0.22988	3.16742e-41
-0.00017536	0.22988	6.67798e-48
-0.000173056	0.22988	4.26101e-55
-0.000170752	0.22988	1.5157e-62
-0.000283648	0.23012	1.6709e-17
-0.000281344	0.23012	1.56866e-16
-0.00027904	0.23012	1.74985e-15
-0.000276736	0.23012	1.60785e-14
-0.000274432	0.23012	7.15767e-14
-0.000272128	0.23012	4.28822e-13
-0.000269824	0.23012	3.82488e-12
-0.00026752	0.23012	2.24861e-11
-0.000265216	0.23012	1.93529e-10
-0.000262912	0.23012	7.14067e-10
-0.000260608	0.23012	3.75938e-09
-0.000258304	0.23012	3.31416e-08
-0.000256	0.23012	2.58402e-07
-0.000253696	0.23012	1.82626e-06
-0.000251392	0.23012	2.58165e-05
-0.000249088	0.23012	0.000479819
-0.000246784	0.23012	0.00275694
-0.00024448	0.23012	0.00919551
-0.000242176	0.23012	0.0834506
-0.000239872	0.23012	1.40831
-0.000237568	0.23012	2.75514
-0.000235264	0.23012	17.0547
-0.00023296	0.23012	52.9473
-0.000230656	0.23012	177.09
-0.000228352	0.23012	698.841
-0.000226048	0.23012	1162.27
-0.000223744	0.23012	947.247
-0.00022144	0.23012	887.233
-0.000219136	0.23012	88.526
-0.000216832	0.23012	249.986
-0.000214528	0.23012	234.696
-0.000212224	0.23012	0.880804
-0.00020992	0.23012	0.187156
-0.000207616	0.23012	0.0176501
-0.000205312	0.23012	3.02597e-05
-0.000203008	0.23012	8.80829e-06
-0.000200704	0.23012	2.21063e-06
-0.0001984	0.23012	1.5523e-08
-0.000196096	0.23012	7.22614e-12
-0.000193792	0.23012	1.40302e-13
-0.000191488	0.23012	2.94384e-16
-0.000189184	0.23012	1.03387e-20
-0.00018688	0.23012	6.24172e-24
-0.000184576	0.23012	4.29409e-31
-0.000182272	0.23012	3.0478e-36
-0.000179968	0.23012	1.20421e-40
-0.000177664	0.23012	1.83048e-47
-0.00017536	0.23012	1.04245e-54
-0.000173056	0.23012	1.04196e-60
-0.000170752	0.23012	0
-0.000283648	0.23036	1.59385e-17
-0.000281344	0.23036	1.65087e-16
-0.00027904	0.23036	1.73905e-15
-0.000276736	0.23036	1.65346e-14
-0.000274432	0.23036	6.9961e-14
-0.000272128	0.23036	3.93214e-13
-0.000269824	0.23036	3.69332e-12
-0.00026752	0.23036	2.42424e-11
-0.000265216	0.23036	1.7663e-10
-0.000262912	0.23036	6.34882e-10
-0.000260608	0.23036	3.71967e-09
-0.000258304	0.23036	3.27607e-08
-0.000256	0.23036	2.39797e-07
-0.000253696	0.23036	1.92743e-06
-0.000251392	0.23036	2.55445e-05
-0.000249088	0.23036	0.000451819
-0.000246784	0.23036	0.0027508
-0.00024448	0.23036	0.00947852
-0.000242176	0.23036	0.0819726
-0.000239872	0.23036	1.26327
-0.000237568	0.23036	2.70415
-0.000235264	0.23036	16.8305
-0.00023296	0.23036	53.4263
-0.000230656	0.23036	192.707
-0.000228352	0.23036	530.228
-0.000226048	0.23036	316.224
-0.000223744	0.23036	116.357
-0.00022144	0.23036	41.7998
-0.000219136	0.23036	69.2762
-0.000216832	0.23036	78.8699
-0.000214528	0.23036	1.73713
-0.000212224	0.23036	0.02425
-0.00020992	0.23036	0.0132085
-0.000207616	0.23036	8.04036e-05
-0.000205312	0.23036	2.7409e-06
-0.000203008	0.23036	1.34495e-06
-0.000200704	0.23036	1.23281e-08
-0.0001984	0.23036	1.02166e-11
-0.000196096	0.23036	1.66778e-13
-0.000193792	0.23036	5.74986e-16
-0.000191488	0.23036	2.76019e-20
-0.000189184	0.23036	6.91121e-24
-0.00018688	0.23036	8.63614e-31
-0.000184576	0.23036	4.89876e-36
-0.000182272	0.23036	2.91454e-40
-0.000179968	0.23036	2.80724e-46
-0.000177664	0.23036	1.05507e-53
-0.00017536	0.23036	2.1003e-59
-0.000173056	0.23036	0
-0.000170752	0.23036	0
-0.000283648	0.2306	1.78148e-17
-0.000281344	0.2306	1.70327e-16
-0.00027904	0.2306	1.74166e-15
-0.000276736	0.2306	1.70277e-14
-0.000274432	0.2306	6.89652e-14
-0.000272128	0.2306	3.79498e-13
-0.000269824	0.2306	3.60144e-12
-0.00026752	0.2306	2.37734e-11
-0.000265216	0.2306	1.91519e-10
-0.000262912	0.2306	6.34472e-10
-0.000260608	0.2306	3.76257e-09
-0.000258304	0.2306	3.31274e-08
-0.000256	0.2306	2.20763e-07
-0.000253696	0.2306	1.86783e-06
-0.000251392	0.2306	2.22939e-05
-0.000249088	0.2306	0.000463075
-0.000246784	0.2306	0.00241963
-0.00024448	0.2306	0.00932921
-0.000242176	0.2306	0.0839278
-0.000239872	0.2306	1.29315
-0.000237568	0.2306	2.34921
-0.000235264	0.2306	14.6059
-0.00023296	0.2306	56.427
-0.000230656	0.2306	178.537
-0.000228352	0.2306	179.924
-0.000226048	0.2306	54.3074
-0.000223744	0.2306	9.42005
-0.00022144	0.2306	27.6811
-0.000219136	0.2306	36.4899
-0.000216832	0.2306	0.965941
-0.000214528	0.2306	0.0133264
-0.000212224	0.2306	0.0124055
-0.00020992	0.2306	7.51336e-05
-0.000207616	0.2306	9.27513e-07
-0.000205312	0.2306	7.40449e-07
-0.000203008	0.2306	1.66546e-08
-0.000200704	0.2306	7.06027e-12
-0.0001984	0.2306	4.276e-13
-0.000196096	0.2306	3.54993e-16
-0.000193792	0.2306	8.98548e-20
-0.000191488	0.2306	2.78462e-23
-0.000189184	0.2306	3.4169e-30
-0.00018688	0.2306	8.18263e-36
-0.000184576	0.2306	1.7778e-40
-0.000182272	0.2306	1.7738e-45
-0.000179968	0.2306	3.63571e-53
-0.000177664	0.2306	1.62814e-58
-0.00017536	0.2306	0
-0.000173056	0.2306	0
-0.000170752	0.2306	0
-0.000283648	0.23084	1.7223e-17
-0.000281344	0.23084	1.72571e-16
-0.00027904	0.23084	1.70201e-15
-0.000276736	0.23084	1.67404e-14
-0.000274432	0.23084	7.60829e-14
-0.000272128	0.23084	3.68327e-13
-0.000269824	0.23084	3.23039e-12
-0.00026752	0.23084	2.38035e-11
-0.000265216	0.23084	1.78355e-10
-0.000262912	0.23084	6.29863e-10
-0.000260608	0.23084	3.74914e-09
-0.000258304	0.23084	3.21462e-08
-0.000256	0.23084	2.13657e-07
-0.000253696	0.23084	1.89958e-06
-0.000251392	0.23084	2.32542e-05
-0.000249088	0.23084	0.000445127
-0.000246784	0.23084	0.00246588
-0.00024448	0.23084	0.00931571
-0.000242176	0.23084	0.0814527
-0.000239872	0.23084	1.23568
-0.000237568	0.23084	2.30535
-0.000235264	0.23084	13.0149
-0.00023296	0.23084	52.3153
-0.000230656	0.23084	113.535
-0.000228352	0.23084	12.754
-0.000226048	0.23084	3.28059
-0.000223744	0.23084	3.05026
-0.00022144	0.23084	24.0723
-0.000219136	0.23084	0.205062
-0.000216832	0.23084	0.0349192
-0.000214528	0.23084	0.00213352
-0.000212224	0.23084	6.81918e-05
-0.00020992	0.23084	9.57536e-07
-0.000207616	0.23084	2.43933e-07
-0.000205312	0.23084	1.18599e-08
-0.000203008	0.23084	4.35211e-12
-0.000200704	0.23084	3.84365e-13
-0.0001984	0.23084	2.84427e-16
-0.000196096	0.23084	7.85917e-20
-0.000193792	0.23084	4.04274e-23
-0.000191488	0.23084	1.45308e-29
-0.000189184	0.23084	3.5568e-35
-0.00018688	0.23084	4.98107e-40
-0.000184576	0.23084	2.81731e-45
-0.000182272	0.23084	3.33842e-52
-0.000179968	0.23084	1.33754e-57
-0.000177664	0.23084	0
-0.00017536	0.23084	0
-0.000173056	0.23084	0
-0.000170752	0.23084	0
-0.000283648	0.23108	1.6058e-17
-0.000281344	0.23108	1.72345e-16
-0.00027904	0.23108	1.65274e-15
-0.000276736	0.23108	1.60768e-14
-0.000274432	0.23108	7.83786e-14
-0.000272128	0.23108	3.79776e-13
-0.000269824	0.23108	3.06399e-12
-0.00026752	0.23108	2.38285e-11
-0.000265216	0.23108	2.10325e-10
-0.000262912	0.23108	5.94878e-10
-0.000260608	0.23108	3.842e-09
-0.000258304	0.23108	3.13383e-08
-0.000256	0.23108	2.04188e-07
-0.000253696	0.23108	1.95296e-06
-0.000251392	0.23108	2.56077e-05
-0.000249088	0.23108	0.000423833
-0.000246784	0.23108	0.00245923
-0.00024448	0.23108	0.00936683
-0.000242176	0.23108	0.0829327
-0.000239872	0.23108	1.0963
-0.000237568	0.23108	2.27699
-0.000235264	0.23108	11.3334
-0.00023296	0.23108	33.5983
-0.000230656	0.23108	12.7584
-0.000228352	0.23108	0.93233
-0.000226048	0.23108	1.67647
-0.000223744	0.23108	1.14337
-0.00022144	0.23108	0.0693275
-0.000219136	0.23108	0.0536527
-0.000216832	0.23108	0.00145134
-0.000214528	0.23108	3.28367e-05
-0.000212224	0.23108	2.16001e-06
-0.00020992	0.23108	5.67629e-08
-0.000207616	0.23108	2.34068e-08
-0.000205312	0.23108	1.32414e-11
-0.000203008	0.23108	3.4856e-13
-0.000200704	0.23108	5.71402e-16
-0.0001984	0.23108	1.09058e-19
-0.000196096	0.23108	7.51028e-23
-0.000193792	0.23108	6.95631e-29
-0.000191488	0.23108	4.08952e-34
-0.000189184	0.23108	4.80586e-40
-0.00018688	0.23108	4.48724e-45
-0.000184576	0.23108	3.92578e-51
-0.000182272	0.23108	1.92701e-56
-0.000179968	0.23108	1.18193e-63
-0.000177664	0.23108	0
-0.00017536	0.23108	0
-0.000173056	0.23108	0
-0.000170752	0.23108	0
-0.000283648	0.23132	1.63682e-17
-0.000281344	0.23132	1.63509e-16
-0.00027904	0.23132	1.61347e-15
-0.000276736	0.23132	1.55197e-14
-0.000274432	0.23132	7.78319e-14
-0.000272128	0.23132	3.80146e-13
-0.000269824	0.23132	2.97307e-12
-0.00026752	0.23132	2.2853e-11
-0.000265216	0.23132	2.18871e-10
-0.000262912	0.23132	6.23334e-10
-0.000260608	0.23132	3.67231e-09
-0.000258304	0.23132	3.17427e-08
-0.000256	0.23132	1.91167e-07
-0.000253696	0.23132	2.04211e-06
-0.000251392	0.23132	2.48714e-05
-0.000249088	0.23132	0.000456544
-0.000246784	0.23132	0.0024095
-0.00024448	0.23132	0.00999853
-0.000242176	0.23132	0.0829042
-0.000239872	0.23132	0.932495
-0.000237568	0.23132	2.10295
-0.000235264	0.23132	11.8459
-0.00023296	0.23132	6.11771
-0.000230656	0.23132	0.318125
-0.000228352	0.23132	0.681781
-0.000226048	0.23132	0.367799
-0.000223744	0.23132	0.0430107
-0.00022144	0.23132	0.0169938
-0.000219136	0.23132	0.00216848
-0.000216832	0.23132	4.61789e-05
-0.000214528	0.23132	1.63779e-06
-0.000212224	0.23132	3.75514e-08
-0.00020992	0.23132	6.44762e-09
-0.000207616	0.23132	1.49402e-11
-0.000205312	0.23132	3.2047e-13
-0.000203008	0.23132	1.48524e-15
-0.000200704	0.23132	1.14843e-19
-0.0001984	0.23132	5.19706e-22
-0.000196096	0.23132	2.40683e-28
-0.000193792	0.23132	2.85021e-33
-0.000191488	0.23132	7.86746e-39
-0.000189184	0.23132	6.10158e-45
-0.00018688	0.23132	2.4622e-50
-0.000184576	0.23132	2.03663e-56
-0.000182272	0.23132	1.72034e-62
-0.000179968	0.23132	0
-0.000177664	0.23132	0
-0.00017536	0.23132	0
-0.000173056	0.23132	0
-0.000170752	0.23132	0
-0.000283648	0.23156	1.45056e-17
-0.000281344	0.23156	1.58913e-16
-0.00027904	0.23156	1.61597e-15
-0.000276736	0.23156	1.40859e-14
-0.000274432	0.23156	7.23152e-14
-0.000272128	0.23156	3.76796e-13
-0.000269824	0.23156	2.66888e-12
-0.00026752	0.23156	2.6028e-11
-0.000265216	0.23156	2.1844e-10
-0.000262912	0.23156	6.50151e-10
-0.000260608	0.23156	3.51356e-09
-0.000258304	0.23156	3.09828e-08
-0.000256	0.23156	1.86869e-07
-0.000253696	0.23156	2.10909e-06
-0.000251392	0.23156	2.36366e-05
-0.000249088	0.23156	0.000462384
-0.000246784	0.23156	0.00192178
-0.00024448	0.23156	0.0113769
-0.000242176	0.23156	0.0836251
-0.000239872	0.23156	0.808983
-0.000237568	0.23156	1.89169
-0.000235264	0.23156	3.73369
-0.00023296	0.23156	0.121234
-0.000230656	0.23156	0.253209
-0.000228352	0.23156	0.272743
-0.000226048	0.23156	0.00362
-0.000223744	0.23156	0.00338249
-0.00022144	0.23156	0.00190976
-0.000219136	0.23156	1.23927e-05
-0.000216832	0.23156	1.13982e-06
-0.000214528	0.23156	4.05947e-08
-0.000212224	0.23156	2.8591e-09
-0.00020992	0.23156	1.16457e-11
-0.000207616	0.23156	9.21212e-14
-0.000205312	0.23156	1.98492e-15
-0.000203008	0.23156	8.5574e-20
-0.000200704	0.23156	5.81804e-22
-0.0001984	0.23156	4.07901e-28
-0.000196096	0.23156	5.97279e-33
-0.000193792	0.23156	3.18327e-38
-0.000191488	0.23156	2.04871e-45
-0.000189184	0.23156	3.9639e-50
-0.00018688	0.23156	1.05849e-55
-0.000184576	0.23156	5.97379e-62
-0.000182272	0.23156	0
-0.000179968	0.23156	0
-0.000177664	0.23156	0
-0.00017536	0.23156	0
-0.000173056	0.23156	0
-0.000170752	0.23156	0
-0.000283648	0.2318	1.55304e-17
-0.000281344	0.2318	1.49545e-16
-0.00027904	0.2318	1.58822e-15
-0.000276736	0.2318	1.4099e-14
-0.000274432	0.2318	7.29168e-14
-0.000272128	0.2318	3.71855e-13
-0.000269824	0.2318	2.67556e-12
-0.00026752	0.2318	2.51984e-11
-0.000265216	0.2318	2.35998e-10
-0.000262912	0.2318	6.84115e-10
-0.000260608	0.2318	3.48465e-09
-0.000258304	0.2318	3.11603e-08
-0.000256	0.2318	1.73807e-07
-0.000253696	0.2318	2.36122e-06
-0.000251392	0.2318	2.04518e-05
-0.000249088	0.2318	0.00048993
-0.000246784	0.2318	0.00186893
-0.00024448	0.2318	0.00942745
-0.000242176	0.2318	0.0749513
-0.000239872	0.2318	0.664575
-0.000237568	0.2318	1.02109
-0.000235264	0.2318	0.0478692
-0.00023296	0.2318	0.0909672
-0.000230656	0.2318	0.161099
-0.000228352	0.2318	0.00474231
-0.000226048	0.2318	0.00096945
-0.000223744	0.2318	0.00154183
-0.00022144	0.2318	6.14536e-06
-0.000219136	0.2318	7.33372e-07
-0.000216832	0.2318	1.05209e-07
-0.000214528	0.2318	4.42476e-09
-0.000212224	0.2318	6.08674e-12
-0.00020992	0.2318	8.12128e-14
-0.000207616	0.2318	1.73292e-15
-0.000205312	0.2318	1.3875e-19
-0.000203008	0.2318	8.41484e-22
-0.000200704	0.2318	5.01023e-28
-0.0001984	0.2318	1.99544e-32
-0.000196096	0.2318	9.63294e-38
-0.000193792	0.2318	1.32638e-45
-0.000191488	0.2318	3.69447e-50
-0.000189184	0.2318	7.14154e-55
-0.00018688	0.2318	3.22344e-60
-0.000184576	0.2318	0
-0.000182272	0.2318	0
-0.000179968	0.2318	0
-0.000177664	0.2318	0
-0.00017536	0.2318	0
-0.000173056	0.2318	0
-0.000170752	0.2318	0
-0.000283648	0.23204	1.54463e-17
-0.000281344	0.23204	1.48732e-16
-0.00027904	0.23204	1.54023e-15
-0.000276736	0.23204	1.35761e-14
-0.000274432	0.23204	7.07654e-14
-0.000272128	0.23204	3.62949e-13
-0.000269824	0.23204	2.34188e-12
-0.00026752	0.23204	2.35083e-11
-0.000265216	0.23204	2.49864e-10
-0.000262912	0.23204	7.44768e-10
-0.000260608	0.23204	3.42499e-09
-0.000258304	0.23204	3.18141e-08
-0.000256	0.23204	1.72979e-07
-0.000253696	0.23204	2.57046e-06
-0.000251392	0.23204	2.07928e-05
-0.000249088	0.23204	0.00044692
-0.000246784	0.23204	0.00179221
-0.00024448	0.23204	0.0102827
-0.000242176	0.23204	0.0651603
-0.000239872	0.23204	0.542625
-0.000237568	0.23204	0.0178694
-0.000235264	0.23204	0.0174268
-0.00023296	0.23204	0.0839245
-0.000230656	0.23204	0.00569968
-0.000228352	0.23204	0.000143806
-0.000226048	0.23204	0.000301795
-0.000223744	0.23204	9.17773e-06
-0.00022144	0.23204	7.17414e-07
-0.000219136	0.23204	4.20627e-08
-0.000216832	0.23204	2.64825e-09
-0.000214528	0.23204	1.15789e-12
-0.000212224	0.23204	4.9728e-14
-0.00020992	0.23204	2.4712e-15
-0.000207616	0.23204	8.19537e-19
-0.000205312	0.23204	8.07771e-22
-0.000203008	0.23204	1.09406e-27
-0.000200704	0.23204	1.6604e-32
-0.0001984	0.23204	3.29544e-37
-0.000196096	0.23204	7.33102e-45
-0.000193792	0.23204	4.7906e-50
-0.000191488	0.23204	6.82832e-55
-0.000189184	0.23204	1.64645e-59
-0.00018688	0.23204	2.65586e-65
-0.000184576	0.23204	0
-0.000182272	0.23204	0
-0.000179968	0.23204	0
-0.000177664	0.23204	0
-0.00017536	0.23204	0
-0.000173056	0.23204	0
-0.000170752	0.23204	0
-0.000283648	0.23228	1.47516e-17
-0.000281344	0.23228	1.42492e-16
-0.00027904	0.23228	1.35964e-15
-0.000276736	0.23228	1.26763e-14
-0.000274432	0.23228	6.86823e-14
-0.000272128	0.23228	3.35476e-13
-0.000269824	0.23228	2.09842e-12
-0.00026752	0.23228	2.0455e-11
-0.000265216	0.23228	2.59734e-10
-0.000262912	0.23228	8.7461e-10
-0.000260608	0.23228	3.49272e-09
-0.000258304	0.23228	3.0908e-08
-0.000256	0.23228	1.62679e-07
-0.000253696	0.23228	2.8849e-06
-0.000251392	0.23228	2.08969e-05
-0.000249088	0.23228	0.000419535
-0.000246784	0.23228	0.0017071
-0.00024448	0.23228	0.00977897
-0.000242176	0.23228	0.0412632
-0.000239872	0.23228	0.00341166
-0.000237568	0.23228	0.00274987
-0.000235264	0.23228	0.0162279
-0.00023296	0.23228	0.00320945
-0.000230656	0.23228	2.3444e-05
-0.000228352	0.23228	6.59838e-05
-0.000226048	0.23228	1.30928e-05
-0.000223744	0.23228	2.43237e-07
-0.00022144	0.23228	5.59164e-08
-0.000219136	0.23228	4.58073e-09
-0.000216832	0.23228	4.68348e-13
-0.000214528	0.23228	6.08818e-14
-0.000212224	0.23228	2.23062e-15
-0.00020992	0.23228	6.82554e-19
-0.000207616	0.23228	6.77591e-22
-0.000205312	0.23228	9.12521e-28
-0.000203008	0.23228	9.30435e-32
-0.000200704	0.23228	1.13548e-36
-0.0001984	0.23228	1.69932e-44
-0.000196096	0.23228	1.91169e-49
-0.000193792	0.23228	3.25626e-54
-0.000191488	0.23228	3.32803e-59
-0.000189184	0.23228	3.90941e-65
-0.00018688	0.23228	0
-0.000184576	0.23228	0
-0.000182272	0.23228	0
-0.000179968	0.23228	0
-0.000177664	0.23228	0
-0.00017536	0.23228	0
-0.000173056	0.23228	0
-0.000170752	0.23228	0
-0.000283648	0.23252	1.51432e-17
-0.000281344	0.23252	1.43431e-16
-0.00027904	0.23252	1.27963e-15
-0.000276736	0.23252	1.24207e-14
-0.000274432	0.23252	6.76128e-14
-0.000272128	0.23252	3.24496e-13
-0.000269824	0.23252	1.94462e-12
-0.00026752	0.23252	1.81551e-11
-0.000265216	0.23252	2.63517e-10
-0.000262912	0.23252	8.94187e-10
-0.000260608	0.23252	3.27688e-09
-0.000258304	0.23252	3.14693e-08
-0.000256	0.23252	1.55632e-07
-0.000253696	0.23252	3.27435e-06
-0.000251392	0.23252	2.46131e-05
-0.000249088	0.23252	0.000449883
-0.000246784	0.23252	0.00169544
-0.00024448	0.23252	0.00723248
-0.000242176	0.23252	0.00133773
-0.000239872	0.23252	0.00082704
-0.000237568	0.23252	0.00220285
-0.000235264	0.23252	0.00654193
-0.00023296	0.23252	1.68205e-05
-0.000230656	0.23252	8.50879e-06
-0.000228352	0.23252	8.86422e-06
-0.000226048	0.23252	6.87368e-08
-0.000223744	0.23252	5.29079e-08
-0.00022144	0.23252	4.13526e-09
-0.000219136	0.23252	7.1035e-13
-0.000216832	0.23252	1.48414e-14
-0.000214528	0.23252	1.62134e-15
-0.000212224	0.23252	2.70298e-18
-0.00020992	0.23252	1.01743e-21
-0.000207616	0.23252	1.76285e-27
-0.000205312	0.23252	1.63084e-31
-0.000203008	0.23252	2.17758e-36
-0.000200704	0.23252	3.91945e-44
-0.0001984	0.23252	6.1883e-49
-0.000196096	0.23252	4.46015e-53
-0.000193792	0.23252	1.03853e-58
-0.000191488	0.23252	7.01998e-65
-0.000189184	0.23252	0
-0.00018688	0.23252	0
-0.000184576	0.23252	0
-0.000182272	0.23252	0
-0.000179968	0.23252	0
-0.000177664	0.23252	0
-0.00017536	0.23252	0
-0.000173056	0.23252	0
-0.000170752	0.23252	0
-0.000283648	0.23276	1.61106e-17
-0.000281344	0.23276	1.37726e-16
-0.00027904	0.23276	1.261e-15
-0.000276736	0.23276	1.11996e-14
-0.000274432	0.23276	6.53033e-14
-0.000272128	0.23276	3.15454e-13
-0.000269824	0.23276	1.95673e-12
-0.00026752	0.23276	1.64813e-11
-0.000265216	0.23276	2.56651e-10
-0.000262912	0.23276	8.58988e-10
-0.000260608	0.23276	3.31236e-09
-0.000258304	0.23276	3.09585e-08
-0.000256	0.23276	1.91866e-07
-0.000253696	0.23276	3.23653e-06
-0.000251392	0.23276	2.72069e-05
-0.000249088	0.23276	0.000350006
-0.000246784	0.23276	0.0015578
-0.00024448	0.23276	0.000330578
-0.000242176	0.23276	0.000312565
-0.000239872	0.23276	0.000505627
-0.000237568	0.23276	0.000852783
-0.000235264	0.23276	3.29568e-05
-0.00023296	0.23276	5.87184e-07
-0.000230656	0.23276	2.33199e-06
-0.000228352	0.23276	3.55693e-08
-0.000226048	0.23276	2.57333e-08
-0.000223744	0.23276	1.71227e-09
-0.00022144	0.23276	4.65157e-13
-0.000219136	0.23276	5.53063e-15
-0.000216832	0.23276	1.62432e-15
-0.000214528	0.23276	2.43977e-18
-0.000212224	0.23276	2.12055e-21
-0.00020992	0.23276	1.21025e-26
-0.000207616	0.23276	2.83016e-31
-0.000205312	0.23276	1.31945e-35
-0.000203008	0.23276	2.812e-42
-0.000200704	0.23276	1.02789e-48
-0.0001984	0.23276	2.27029e-53
-0.000196096	0.23276	2.57522e-58
-0.000193792	0.23276	6.4237e-64
-0.000191488	0.23276	0
-0.000189184	0.23276	0
-0.00018688	0.23276	0
-0.000184576	0.23276	0
-0.000182272	0.23276	0
-0.000179968	0.23276	0
-0.000177664	0.23276	0
-0.00017536	0.23276	0
-0.000173056	0.23276	0
-0.000170752	0.23276	0
-0.000283648	0.233	1.6624e-17
-0.000281344	0.233	1.33701e-16
-0.00027904	0.233	1.2138e-15
-0.000276736	0.233	1.04336e-14
-0.000274432	0.233	6.30619e-14
-0.000272128	0.233	2.95946e-13
-0.000269824	0.233	1.75832e-12
-0.00026752	0.233	1.56659e-11
-0.000265216	0.233	2.41336e-10
-0.000262912	0.233	8.67239e-10
-0.000260608	0.233	3.33137e-09
-0.000258304	0.233	3.10099e-08
-0.000256	0.233	2.01003e-07
-0.000253696	0.233	3.82092e-06
-0.000251392	0.233	2.73063e-05
-0.000249088	0.233	0.000300927
-0.000246784	0.233	9.16341e-05
-0.00024448	0.233	9.45107e-05
-0.000242176	0.233	0.000108256
-0.000239872	0.233	0.000343828
-0.000237568	0.233	2.62325e-05
-0.000235264	0.233	1.8534e-07
-0.00023296	0.233	1.99461e-07
-0.000230656	0.233	3.65728e-08
-0.000228352	0.233	3.37292e-09
-0.000226048	0.233	5.92516e-10
-0.000223744	0.233	5.12302e-13
-0.00022144	0.233	6.5249e-15
-0.000219136	0.233	8.8603e-16
-0.000216832	0.233	2.67193e-18
-0.000214528	0.233	2.46222e-21
-0.000212224	0.233	1.82152e-26
-0.00020992	0.233	1.19238e-30
-0.000207616	0.233	2.77142e-35
-0.000205312	0.233	7.52257e-42
-0.000203008	0.233	9.3483e-48
-0.000200704	0.233	9.37807e-53
-0.0001984	0.233	5.45486e-58
-0.000196096	0.233	2.0751e-63
-0.000193792	0.233	0
-0.000191488	0.233	0
-0.000189184	0.233	0
-0.00018688	0.233	0
-0.000184576	0.233	0
-0.000182272	0.233	0
-0.000179968	0.233	0
-0.000177664	0.233	0
-0.00017536	0.233	0
-0.000173056	0.233	0
-0.000170752	0.233	0
-0.000283648	0.23324	1.69468e-17
-0.000281344	0.23324	1.29869e-16
-0.00027904	0.23324	1.18316e-15
-0.000276736	0.23324	1.03753e-14
-0.000274432	0.23324	5.9366e-14
-0.000272128	0.23324	2.79775e-13
-0.000269824	0.23324	1.69773e-12
-0.00026752	0.23324	1.58754e-11
-0.000265216	0.23324	2.40369e-10
-0.000262912	0.23324	8.55358e-10
-0.000260608	0.23324	3.53602e-09
-0.000258304	0.23324	3.08467e-08
-0.000256	0.23324	1.97802e-07
-0.000253696	0.23324	4.46034e-06
-0.000251392	0.23324	3.14861e-05
-0.000249088	0.23324	3.27298e-05
-0.000246784	0.23324	3.66623e-05
-0.00024448	0.23324	5.2015e-05
-0.000242176	0.23324	4.54775e-05
-0.000239872	0.23324	1.43411e-05
-0.000237568	0.23324	1.26613e-07
-0.000235264	0.23324	1.73635e-08
-0.00023296	0.23324	2.574e-08
-0.000230656	0.23324	2.54748e-09
-0.000228352	0.23324	5.00471e-10
-0.000226048	0.23324	3.36071e-13
-0.000223744	0.23324	6.31937e-15
-0.00022144	0.23324	6.08922e-16
-0.000219136	0.23324	4.31385e-18
-0.000216832	0.23324	1.8863e-21
-0.000214528	0.23324	6.22579e-25
-0.000212224	0.23324	1.80233e-30
-0.00020992	0.23324	3.17732e-35
-0.000207616	0.23324	6.29087e-42
-0.000205312	0.23324	1.67894e-47
-0.000203008	0.23324	1.34581e-52
-0.000200704	0.23324	8.20631e-58
-0.0001984	0.23324	8.13398e-63
-0.000196096	0.23324	7.53224e-67
-0.000193792	0.23324	0
-0.000191488	0.23324	0
-0.000189184	0.23324	0
-0.00018688	0.23324	0
-0.000184576	0.23324	0
-0.000182272	0.23324	0
-0.000179968	0.23324	0
-0.000177664	0.23324	0
-0.00017536	0.23324	0
-0.000173056	0.23324	0
-0.000170752	0.23324	0
-0.000283648	0.23348	1.80803e-17
-0.000281344	0.23348	1.24803e-16
-0.00027904	0.23348	1.15926e-15
-0.000276736	0.23348	1.03574e-14
-0.000274432	0.23348	5.88905e-14
-0.000272128	0.23348	2.79567e-13
-0.000269824	0.23348	1.66881e-12
-0.00026752	0.23348	1.47963e-11
-0.000265216	0.23348	2.3446e-10
-0.000262912	0.23348	8.52118e-10
-0.000260608	0.23348	3.53104e-09
-0.000258304	0.23348	3.15641e-08
-0.000256	0.23348	2.07613e-07
-0.000253696	0.23348	4.21363e-06
-0.000251392	0.23348	1.47263e-05
-0.000249088	0.23348	1.12728e-05
-0.000246784	0.23348	1.7664e-05
-0.00024448	0.23348	2.95294e-05
-0.000242176	0.23348	2.39895e-06
-0.000239872	0.23348	1.43611e-07
-0.000237568	0.23348	9.78121e-09
-0.000235264	0.23348	1.0013e-08
-0.00023296	0.23348	2.08547e-09
-0.000230656	0.23348	2.67361e-10
-0.000228352	0.23348	4.72763e-13
-0.000226048	0.23348	6.82545e-15
-0.000223744	0.23348	1.80483e-16
-0.00022144	0.23348	1.17722e-17
-0.000219136	0.23348	9.95608e-22
-0.000216832	0.23348	4.06592e-24
-0.000214528	0.23348	3.00563e-30
-0.000212224	0.23348	2.67948e-34
-0.00020992	0.23348	4.84098e-42
-0.000207616	0.23348	3.1271e-47
-0.000205312	0.23348	1.30284e-52
-0.000203008	0.23348	1.31248e-57
-0.000200704	0.23348	2.15371e-62
-0.0001984	0.23348	7.24901e-66
-0.000196096	0.23348	0
-0.000193792	0.23348	0
-0.000191488	0.23348	0
-0.000189184	0.23348	0
-0.00018688	0.23348	0
-0.000184576	0.23348	0
-0.000182272	0.23348	0
-0.000179968	0.23348	0
-0.000177664	0.23348	0
-0.00017536	0.23348	0
-0.000173056	0.23348	0
-0.000170752	0.23348	0
-0.000283648	0.23372	1.80941e-17
-0.000281344	0.23372	1.22075e-16
-0.00027904	0.23372	1.07541e-15
-0.000276736	0.23372	1.00094e-14
-0.000274432	0.23372	5.61058e-14
-0.000272128	0.23372	2.71513e-13
-0.000269824	0.23372	1.57622e-12
-0.00026752	0.23372	1.5055e-11
-0.000265216	0.23372	2.20881e-10
-0.000262912	0.23372	8.35169e-10
-0.000260608	0.23372	3.67202e-09
-0.000258304	0.23372	3.16788e-08
-0.000256	0.23372	2.08787e-07
-0.000253696	0.23372	1.93894e-06
-0.000251392	0.23372	1.93056e-06
-0.000249088	0.23372	6.35137e-06
-0.000246784	0.23372	6.82685e-06
-0.00024448	0.23372	8.73596e-07
-0.000242176	0.23372	1.65331e-07
-0.000239872	0.23372	6.83777e-09
-0.000237568	0.23372	2.61658e-09
-0.000235264	0.23372	3.46633e-09
-0.00023296	0.23372	7.83363e-11
-0.000230656	0.23372	9.72922e-13
-0.000228352	0.23372	3.55534e-15
-0.000226048	0.23372	9.45789e-17
-0.000223744	0.23372	5.62285e-18
-0.00022144	0.23372	7.60134e-22
-0.000219136	0.23372	2.69823e-24
-0.000216832	0.23372	3.31896e-30
-0.000214528	0.23372	3.53593e-34
-0.000212224	0.23372	1.88953e-41
-0.00020992	0.23372	9.62625e-47
-0.000207616	0.23372	7.23459e-52
-0.000205312	0.23372	2.57634e-57
-0.000203008	0.23372	1.20178e-60
-0.000200704	0.23372	1.56396e-65
-0.0001984	0.23372	0
-0.000196096	0.23372	0
-0.000193792	0.23372	0
-0.000191488	0.23372	0
-0.000189184	0.23372	0
-0.00018688	0.23372	0
-0.000184576	0.23372	0
-0.000182272	0.23372	0
-0.000179968	0.23372	0
-0.000177664	0.23372	0
-0.00017536	0.23372	0
-0.000173056	0.23372	0
-0.000170752	0.23372	0
-0.000283648	0.23396	1.88019e-17
-0.000281344	0.23396	1.24788e-16
-0.00027904	0.23396	1.0266e-15
-0.000276736	0.23396	9.95571e-15
-0.000274432	0.23396	5.43138e-14
-0.000272128	0.23396	2.68962e-13
-0.000269824	0.23396	1.47086e-12
-0.00026752	0.23396	1.51769e-11
-0.000265216	0.23396	2.20182e-10
-0.000262912	0.23396	8.07749e-10
-0.000260608	0.23396	3.60205e-09
-0.000258304	0.23396	3.00055e-08
-0.000256	0.23396	2.09704e-07
-0.000253696	0.23396	3.30035e-07
-0.000251392	0.23396	1.36403e-06
-0.000249088	0.23396	4.47996e-06
-0.000246784	0.23396	2.84622e-07
-0.00024448	0.23396	8.58243e-08
-0.000242176	0.23396	9.9385e-09
-0.000239872	0.23396	3.20808e-10
-0.000237568	0.23396	1.38663e-09
-0.000235264	0.23396	1.48863e-11
-0.00023296	0.23396	9.11698e-12
-0.000230656	0.23396	3.0263e-15
-0.000228352	0.23396	9.20306e-17
-0.000226048	0.23396	2.56049e-18
-0.000223744	0.23396	3.42369e-21
-0.00022144	0.23396	1.5805e-23
-0.000219136	0.23396	4.84677e-30
-0.000216832	0.23396	4.34637e-34
-0.000214528	0.23396	9.45414e-41
-0.000212224	0.23396	7.27971e-47
-0.00020992	0.23396	4.25753e-51
-0.000207616	0.23396	4.15382e-57
-0.000205312	0.23396	7.87935e-60
-0.000203008	0.23396	3.175e-65
-0.000200704	0.23396	0
-0.0001984	0.23396	0
-0.000196096	0.23396	0
-0.000193792	0.23396	0
-0.000191488	0.23396	0
-0.000189184	0.23396	0
-0.00018688	0.23396	0
-0.000184576	0.23396	0
-0.000182272	0.23396	0
-0.000179968	0.23396	0
-0.000177664	0.23396	0
-0.00017536	0.23396	0
-0.000173056	0.23396	0
-0.000170752	0.23396	0
-0.000283648	0.2342	1.96791e-17
-0.000281344	0.2342	1.24698e-16
-0.00027904	0.2342	9.92462e-16
-0.000276736	0.2342	9.45575e-15
-0.000274432	0.2342	5.28171e-14
-0.000272128	0.2342	2.58963e-13
-0.000269824	0.2342	1.4336e-12
-0.00026752	0.2342	1.48935e-11
-0.000265216	0.2342	2.01545e-10
-0.000262912	0.2342	7.64735e-10
-0.000260608	0.2342	3.35357e-09
-0.000258304	0.2342	2.82373e-08
-0.000256	0.2342	1.35855e-07
-0.000253696	0.2342	2.75214e-07
-0.000251392	0.2342	1.00429e-06
-0.000249088	0.2342	8.04284e-08
-0.000246784	0.2342	5.07015e-08
-0.00024448	0.2342	1.37981e-08
-0.000242176	0.2342	1.73529e-11
-0.000239872	0.2342	2.76271e-10
-0.000237568	0.2342	1.36041e-11
-0.000235264	0.2342	7.17771e-13
-0.00023296	0.2342	1.99525e-15
-0.000230656	0.2342	3.95407e-17
-0.000228352	0.2342	1.24134e-18
-0.000226048	0.2342	3.52078e-21
-0.000223744	0.2342	2.46281e-23
-0.00022144	0.2342	2.43621e-29
-0.000219136	0.2342	1.17181e-33
-0.000216832	0.2342	5.05202e-40
-0.000214528	0.2342	7.39904e-47
-0.000212224	0.2342	1.13676e-50
-0.00020992	0.2342	8.79018e-57
-0.000207616	0.2342	3.74206e-59
-0.000205312	0.2342	3.9413e-64
-0.000203008	0.2342	0
-0.000200704	0.2342	0
-0.0001984	0.2342	0
-0.000196096	0.2342	0
-0.000193792	0.2342	0
-0.000191488	0.2342	0
-0.000189184	0.2342	0
-0.00018688	0.2342	0
-0.000184576	0.2342	0
-0.000182272	0.2342	0
-0.000179968	0.2342	0
-0.000177664	0.2342	0
-0.00017536	0.2342	0
-0.000173056	0.2342	0
-0.000170752	0.2342	0
-0.000283648	0.23444	1.92997e-17
-0.000281344	0.23444	1.1873e-16
-0.00027904	0.23444	9.66966e-16
-0.000276736	0.23444	9.28506e-15
-0.000274432	0.23444	5.16741e-14
-0.000272128	0.23444	2.58776e-13
-0.000269824	0.23444	1.39963e-12
-0.00026752	0.23444	1.53049e-11
-0.000265216	0.23444	1.93238e-10
-0.000262912	0.23444	7.31979e-10
-0.000260608	0.23444	3.26798e-09
-0.000258304	0.23444	2.20342e-08
-0.000256	0.23444	7.93322e-08
-0.000253696	0.23444	1.97846e-07
-0.000251392	0.23444	2.88467e-08
-0.000249088	0.23444	2.922e-08
-0.000246784	0.23444	6.46426e-09
-0.00024448	0.23444	4.96034e-12
-0.000242176	0.23444	1.26261e-11
-0.000239872	0.23444	1.48843e-11
-0.000237568	0.23444	7.92707e-13
-0.000235264	0.23444	1.52832e-15
-0.00023296	0.23444	3.26155e-17
-0.000230656	0.23444	4.75628e-19
-0.000228352	0.23444	1.00096e-20
-0.000226048	0.23444	1.49635e-23
-0.000223744	0.23444	2.55404e-29
-0.00022144	0.23444	4.93821e-33
-0.000219136	0.23444	9.0064e-40
-0.000216832	0.23444	1.11728e-46
-0.000214528	0.23444	6.93785e-50
-0.000212224	0.23444	2.70316e-56
-0.00020992	0.23444	2.30382e-59
-0.000207616	0.23444	3.4697e-64
-0.000205312	0.23444	2.07374e-70
-0.000203008	0.23444	0
-0.000200704	0.23444	0
-0.0001984	0.23444	0
-0.000196096	0.23444	0
-0.000193792	0.23444	0
-0.000191488	0.23444	0
-0.000189184	0.23444	0
-0.00018688	0.23444	0
-0.000184576	0.23444	0
-0.000182272	0.23444	0
-0.000179968	0.23444	0
-0.000177664	0.23444	0
-0.00017536	0.23444	0
-0.000173056	0.23444	0
-0.000170752	0.23444	0
-0.000283648	0.23468	1.94595e-17
-0.000281344	0.23468	1.21135e-16
-0.00027904	0.23468	8.88198e-16
-0.000276736	0.23468	8.54025e-15
-0.000274432	0.23468	4.96672e-14
-0.000272128	0.23468	2.53786e-13
-0.000269824	0.23468	1.37118e-12
-0.00026752	0.23468	1.41007e-11
-0.000265216	0.23468	1.83905e-10
-0.000262912	0.23468	6.71832e-10
-0.000260608	0.23468	3.13929e-09
-0.000258304	0.23468	2.11133e-08
-0.000256	0.23468	6.76044e-08
-0.000253696	0.23468	1.33339e-08
-0.000251392	0.23468	9.69807e-09
-0.000249088	0.23468	2.5214e-09
-0.000246784	0.23468	3.11076e-12
-0.00024448	0.23468	2.71652e-12
-0.000242176	0.23468	6.57997e-12
-0.000239872	0.23468	2.61849e-13
-0.000237568	0.23468	4.44093e-15
-0.000235264	0.23468	3.99213e-17
-0.00023296	0.23468	2.57531e-19
-0.000230656	0.23468	4.6106e-21
-0.000228352	0.23468	1.17353e-23
-0.000226048	0.23468	5.03313e-29
-0.000223744	0.23468	3.73964e-32
-0.00022144	0.23468	4.57417e-38
-0.000219136	0.23468	1.01988e-45
-0.000216832	0.23468	8.24069e-50
-0.000214528	0.23468	9.45914e-56
-0.000212224	0.23468	3.75822e-59
-0.00020992	0.23468	6.16163e-64
-0.000207616	0.23468	7.59465e-68
-0.000205312	0.23468	0
-0.000203008	0.23468	0
-0.000200704	0.23468	0
-0.0001984	0.23468	0
-0.000196096	0.23468	0
-0.000193792	0.23468	0
-0.000191488	0.23468	0
-0.000189184	0.23468	0
-0.00018688	0.23468	0
-0.000184576	0.23468	0
-0.000182272	0.23468	0
-0.000179968	0.23468	0
-0.000177664	0.23468	0
-0.00017536	0.23468	0
-0.000173056	0.23468	0
-0.000170752	0.23468	0
-0.000283648	0.23492	1.8713e-17
-0.000281344	0.23492	1.16273e-16
-0.00027904	0.23492	8.78133e-16
-0.000276736	0.23492	8.23656e-15
-0.000274432	0.23492	4.60701e-14
-0.000272128	0.23492	2.60227e-13
-0.000269824	0.23492	1.34018e-12
-0.00026752	0.23492	1.62267e-11
-0.000265216	0.23492	1.68866e-10
-0.000262912	0.23492	5.30306e-10
-0.000260608	0.23492	2.8205e-09
-0.000258304	0.23492	1.7388e-08
-0.000256	0.23492	3.36385e-09
-0.000253696	0.23492	8.1763e-09
-0.000251392	0.23492	7.63594e-10
-0.000249088	0.23492	1.78054e-12
-0.000246784	0.23492	9.11628e-13
-0.00024448	0.23492	8.64428e-13
-0.000242176	0.23492	3.06677e-13
-0.000239872	0.23492	7.24268e-16
-0.000237568	0.23492	2.69316e-17
-0.000235264	0.23492	2.40783e-19
-0.00023296	0.23492	3.4546e-21
-0.000230656	0.23492	1.19339e-23
-0.000228352	0.23492	4.24604e-29
-0.000226048	0.23492	1.37869e-31
-0.000223744	0.23492	1.91912e-37
-0.00022144	0.23492	2.637e-45
-0.000219136	0.23492	1.5793e-49
-0.000216832	0.23492	3.50049e-55
-0.000214528	0.23492	9.32908e-59
-0.000212224	0.23492	2.20063e-63
-0.00020992	0.23492	5.72026e-68
-0.000207616	0.23492	0
-0.000205312	0.23492	0
-0.000203008	0.23492	0
-0.000200704	0.23492	0
-0.0001984	0.23492	0
-0.000196096	0.23492	0
-0.000193792	0.23492	0
-0.000191488	0.23492	0
-0.000189184	0.23492	0
-0.00018688	0.23492	0
-0.000184576	0.23492	0
-0.000182272	0.23492	0
-0.000179968	0.23492	0
-0.000177664	0.23492	0
-0.00017536	0.23492	0
-0.000173056	0.23492	0
-0.000170752	0.23492	0
-0.000283648	0.23516	1.87531e-17
-0.000281344	0.23516	1.19326e-16
-0.00027904	0.23516	8.08256e-16
-0.000276736	0.23516	7.33681e-15
-0.000274432	0.23516	4.38602e-14
-0.000272128	0.23516	2.64116e-13
-0.000269824	0.23516	1.3168e-12
-0.00026752	0.23516	1.54665e-11
-0.000265216	0.23516	1.21938e-10
-0.000262912	0.23516	5.06397e-10
-0.000260608	0.23516	2.42347e-09
-0.000258304	0.23516	1.03745e-09
-0.000256	0.23516	1.72432e-09
-0.000253696	0.23516	6.02818e-10
-0.000251392	0.23516	3.06236e-12
-0.000249088	0.23516	4.63662e-13
-0.000246784	0.23516	3.76957e-14
-0.00024448	0.23516	2.72508e-13
-0.000242176	0.23516	3.58191e-16
-0.000239872	0.23516	2.46536e-17
-0.000237568	0.23516	1.74593e-19
-0.000235264	0.23516	1.46331e-21
-0.00023296	0.23516	1.67437e-23
-0.000230656	0.23516	9.71315e-29
-0.000228352	0.23516	1.85589e-31
-0.000226048	0.23516	7.02012e-37
-0.000223744	0.23516	5.8974e-45
-0.00022144	0.23516	4.97606e-49
-0.000219136	0.23516	3.56233e-55
-0.000216832	0.23516	6.15468e-58
-0.000214528	0.23516	3.17508e-63
-0.000212224	0.23516	2.5404e-67
-0.00020992	0.23516	0
-0.000207616	0.23516	0
-0.000205312	0.23516	0
-0.000203008	0.23516	0
-0.000200704	0.23516	0
-0.0001984	0.23516	0
-0.000196096	0.23516	0
-0.000193792	0.23516	0
-0.000191488	0.23516	0
-0.000189184	0.23516	0
-0.00018688	0.23516	0
-0.000184576	0.23516	0
-0.000182272	0.23516	0
-0.000179968	0.23516	0
-0.000177664	0.23516	0
-0.00017536	0.23516	0
-0.000173056	0.23516	0
-0.000170752	0.23516	0
-0.000283648	0.2354	1.88101e-17
-0.000281344	0.2354	1.21454e-16
-0.00027904	0.2354	7.53818e-16
-0.000276736	0.2354	7.28669e-15
-0.000274432	0.2354	3.93735e-14
-0.000272128	0.2354	2.5715e-13
-0.000269824	0.2354	1.24428e-12
-0.00026752	0.2354	1.35551e-11
-0.000265216	0.2354	1.18366e-10
-0.000262912	0.2354	4.31958e-10
-0.000260608	0.2354	2.70463e-10
-0.000258304	0.2354	6.41074e-10
-0.000256	0.2354	1.75178e-10
-0.000253696	0.2354	2.73362e-12
-0.000251392	0.2354	2.02921e-13
-0.000249088	0.2354	4.03927e-14
-0.000246784	0.2354	8.58272e-15
-0.00024448	0.2354	1.35669e-16
-0.000242176	0.2354	3.3316e-17
-0.000239872	0.2354	1.61745e-19
-0.000237568	0.2354	1.21504e-21
-0.000235264	0.2354	9.6914e-24
-0.00023296	0.2354	6.23397e-29
-0.000230656	0.2354	1.43542e-31
-0.000228352	0.2354	4.6354e-36
-0.000226048	0.2354	4.41005e-45
-0.000223744	0.2354	4.79645e-48
-0.00022144	0.2354	4.81656e-55
-0.000219136	0.2354	1.74592e-57
-0.000216832	0.2354	1.07605e-62
-0.000214528	0.2354	1.90156e-66
-0.000212224	0.2354	0
-0.00020992	0.2354	0
-0.000207616	0.2354	0
-0.000205312	0.2354	0
-0.000203008	0.2354	0
-0.000200704	0.2354	0
-0.0001984	0.2354	0
-0.000196096	0.2354	0
-0.000193792	0.2354	0
-0.000191488	0.2354	0
-0.000189184	0.2354	0
-0.00018688	0.2354	0
-0.000184576	0.2354	0
-0.000182272	0.2354	0
-0.000179968	0.2354	0
-0.000177664	0.2354	0
-0.00017536	0.2354	0
-0.000173056	0.2354	0
-0.000170752	0.2354	0
-0.000283648	0.23564	1.75055e-17
-0.000281344	0.23564	1.25992e-16
-0.00027904	0.23564	7.06957e-16
-0.000276736	0.23564	6.91699e-15
-0.000274432	0.23564	3.80344e-14
-0.000272128	0.23564	2.56922e-13
-0.000269824	0.23564	1.1131e-12
-0.00026752	0.23564	1.44929e-11
-0.000265216	0.23564	1.19726e-10
-0.000262912	0.23564	6.20906e-11
-0.000260608	0.23564	2.24495e-10
-0.000258304	0.23564	7.81616e-11
-0.000256	0.23564	2.14638e-12
-0.000253696	0.23564	1.06374e-13
-0.000251392	0.23564	2.2382e-14
-0.000249088	0.23564	3.82066e-15
-0.000246784	0.23564	1.86639e-16
-0.00024448	0.23564	1.0305e-17
-0.000242176	0.23564	1.93515e-19
-0.000239872	0.23564	1.659e-21
-0.000237568	0.23564	4.87781e-24
-0.000235264	0.23564	1.33239e-28
-0.00023296	0.23564	1.21163e-31
-0.000230656	0.23564	2.67227e-35
-0.000228352	0.23564	5.06301e-44
-0.000226048	0.23564	8.21378e-48
-0.000223744	0.23564	7.84195e-53
-0.00022144	0.23564	2.88126e-57
-0.000219136	0.23564	4.10641e-62
-0.000216832	0.23564	1.18852e-66
-0.000214528	0.23564	1.24672e-75
-0.000212224	0.23564	0
-0.00020992	0.23564	0
-0.000207616	0.23564	0
-0.000205312	0.23564	0
-0.000203008	0.23564	0
-0.000200704	0.23564	0
-0.0001984	0.23564	0
-0.000196096	0.23564	0
-0.000193792	0.23564	0
-0.000191488	0.23564	0
-0.000189184	0.23564	0
-0.00018688	0.23564	0
-0.000184576	0.23564	0
-0.000182272	0.23564	0
-0.000179968	0.23564	0
-0.000177664	0.23564	0
-0.00017536	0.23564	0
-0.000173056	0.23564	0
-0.000170752	0.23564	0
-0.000283648	0.23588	1.89908e-17
-0.000281344	0.23588	1.31644e-16
-0.00027904	0.23588	6.86828e-16
-0.000276736	0.23588	6.46229e-15
-0.000274432	0.23588	3.37557e-14
-0.000272128	0.23588	2.51439e-13
-0.000269824	0.23588	9.77829e-13
-0.00026752	0.23588	1.04206e-11
-0.000265216	0.23588	9.67964e-12
-0.000262912	0.23588	4.42484e-11
-0.000260608	0.23588	2.1158e-11
-0.000258304	0.23588	1.82316e-12
-0.000256	0.23588	1.37068e-13
-0.000253696	0.23588	1.38813e-14
-0.000251392	0.23588	7.20847e-16
-0.000249088	0.23588	2.05474e-17
-0.000246784	0.23588	2.58016e-18
-0.00024448	0.23588	4.34087e-19
-0.000242176	0.23588	1.3296e-21
-0.000239872	0.23588	1.0502e-24
-0.000237568	0.23588	1.88221e-28
-0.000235264	0.23588	2.93129e-32
-0.00023296	0.23588	9.77212e-35
-0.000230656	0.23588	2.91754e-43
-0.000228352	0.23588	2.00342e-47
-0.000226048	0.23588	6.79723e-53
-0.000223744	0.23588	6.17412e-57
-0.00022144	0.23588	2.72755e-61
-0.000219136	0.23588	2.45507e-65
-0.000216832	0.23588	6.67688e-73
-0.000214528	0.23588	0
-0.000212224	0.23588	0
-0.00020992	0.23588	0
-0.000207616	0.23588	0
-0.000205312	0.23588	0
-0.000203008	0.23588	0
-0.000200704	0.23588	0
-0.0001984	0.23588	0
-0.000196096	0.23588	0
-0.000193792	0.23588	0
-0.000191488	0.23588	0
-0.000189184	0.23588	0
-0.00018688	0.23588	0
-0.000184576	0.23588	0
-0.000182272	0.23588	0
-0.000179968	0.23588	0
-0.000177664	0.23588	0
-0.00017536	0.23588	0
-0.000173056	0.23588	0
-0.000170752	0.23588	0
-0.000283648	0.23612	1.79852e-17
-0.000281344	0.23612	1.34223e-16
-0.00027904	0.23612	6.3313e-16
-0.000276736	0.23612	5.92122e-15
-0.000274432	0.23612	3.14566e-14
-0.000272128	0.23612	2.40554e-13
-0.000269824	0.23612	9.82565e-13
-0.00026752	0.23612	3.38243e-12
-0.000265216	0.23612	5.05261e-12
-0.000262912	0.23612	6.73513e-12
-0.000260608	0.23612	2.13135e-13
-0.000258304	0.23612	7.18629e-14
-0.000256	0.23612	1.10542e-14
-0.000253696	0.23612	7.63635e-16
-0.000251392	0.23612	4.21339e-18
-0.000249088	0.23612	7.01761e-19
-0.000246784	0.23612	3.11099e-19
-0.00024448	0.23612	8.83943e-22
-0.000242176	0.23612	1.10583e-24
-0.000239872	0.23612	1.57086e-28
-0.000237568	0.23612	1.92758e-32
-0.000235264	0.23612	1.15124e-34
-0.00023296	0.23612	1.36775e-42
-0.000230656	0.23612	1.69129e-47
-0.000228352	0.23612	3.28783e-52
-0.000226048	0.23612	8.36052e-57
-0.000223744	0.23612	2.25241e-61
-0.00022144	0.23612	5.22327e-65
-0.000219136	0.23612	7.58071e-71
-0.000216832	0.23612	0
-0.000214528	0.23612	0
-0.000212224	0.23612	0
-0.00020992	0.23612	0
-0.000207616	0.23612	0
-0.000205312	0.23612	0
-0.000203008	0.23612	0
-0.000200704	0.23612	0
-0.0001984	0.23612	0
-0.000196096	0.23612	0
-0.000193792	0.23612	0
-0.000191488	0.23612	0
-0.000189184	0.23612	0
-0.00018688	0.23612	0
-0.000184576	0.23612	0
-0.000182272	0.23612	0
-0.000179968	0.23612	0
-0.000177664	0.23612	0
-0.00017536	0.23612	0
-0.000173056	0.23612	0
-0.000170752	0.23612	0
-0.000283648	0.23636	1.72707e-17
-0.000281344	0.23636	1.40606e-16
-0.00027904	0.23636	6.1808e-16
-0.000276736	0.23636	5.47645e-15
-0.000274432	0.23636	2.86248e-14
-0.000272128	0.23636	2.44286e-13
-0.000269824	0.23636	7.21185e-13
-0.00026752	0.23636	1.73888e-12
-0.000265216	0.23636	1.44649e-12
-0.000262912	0.23636	1.00506e-13
-0.000260608	0.23636	3.08525e-14
-0.000258304	0.23636	1.90723e-14
-0.000256	0.23636	3.77287e-16
-0.000253696	0.23636	1.18202e-18
-0.000251392	0.23636	4.61587e-19
-0.000249088	0.23636	3.28004e-20
-0.000246784	0.23636	5.76626e-22
-0.00024448	0.23636	2.86923e-24
-0.000242176	0.23636	3.80013e-29
-0.000239872	0.23636	3.10892e-32
-0.000237568	0.23636	5.83365e-35
-0.000235264	0.23636	4.47095e-42
-0.00023296	0.23636	2.31749e-47
-0.000230656	0.23636	8.1568e-52
-0.000228352	0.23636	2.23889e-56
-0.000226048	0.23636	1.56257e-60
-0.000223744	0.23636	1.8867e-64
-0.00022144	0.23636	1.11995e-69
-0.000219136	0.23636	0
-0.000216832	0.23636	0
-0.000214528	0.23636	0
-0.000212224	0.23636	0
-0.00020992	0.23636	0
-0.000207616	0.23636	0
-0.000205312	0.23636	0
-0.000203008	0.23636	0
-0.000200704	0.23636	0
-0.0001984	0.23636	0
-0.000196096	0.23636	0
-0.000193792	0.23636	0
-0.000191488	0.23636	0
-0.000189184	0.23636	0
-0.00018688	0.23636	0
-0.000184576	0.23636	0
-0.000182272	0.23636	0
-0.000179968	0.23636	0
-0.000177664	0.23636	0
-0.00017536	0.23636	0
-0.000173056	0.23636	0
-0.000170752	0.23636	0
-0.000283648	0.2366	1.67463e-17
-0.000281344	0.2366	1.37137e-16
-0.00027904	0.2366	4.57844e-16
-0.000276736	0.2366	5.14587e-15
-0.000274432	0.2366	2.43396e-14
-0.000272128	0.2366	1.81231e-13
-0.000269824	0.2366	6.51464e-13
-0.00026752	0.2366	1.98222e-13
-0.000265216	0.2366	7.27001e-14
-0.000262912	0.2366	6.82085e-15
-0.000260608	0.2366	2.1505e-14
-0.000258304	0.2366	1.60603e-16
-0.000256	0.2366	1.69766e-19
-0.000253696	0.2366	5.96791e-20
-0.000251392	0.2366	6.04331e-20
-0.000249088	0.2366	2.98507e-22
-0.000246784	0.2366	2.46117e-24
-0.00024448	0.2366	1.7534e-29
-0.000242176	0.2366	3.48647e-32
-0.000239872	0.2366	9.88964e-35
-0.000237568	0.2366	1.27956e-41
-0.000235264	0.2366	2.0953e-47
-0.00023296	0.2366	4.1626e-52
-0.000230656	0.2366	2.50919e-56
-0.000228352	0.2366	2.4938e-60
-0.000226048	0.2366	3.47165e-64
-0.000223744	0.2366	7.47047e-69
-0.00022144	0.2366	0
-0.000219136	0.2366	0
-0.000216832	0.2366	0
-0.000214528	0.2366	0
-0.000212224	0.2366	0
-0.00020992	0.2366	0
-0.000207616	0.2366	0
-0.000205312	0.2366	0
-0.000203008	0.2366	0
-0.000200704	0.2366	0
-0.0001984	0.2366	0
-0.000196096	0.2366	0
-0.000193792	0.2366	0
-0.000191488	0.2366	0
-0.000189184	0.2366	0
-0.00018688	0.2366	0
-0.000184576	0.2366	0
-0.000182272	0.2366	0
-0.000179968	0.2366	0
-0.000177664	0.2366	0
-0.00017536	0.2366	0
-0.000173056	0.2366	0
-0.000170752	0.2366	0
-0.000283648	0.23684	1.64977e-17
-0.000281344	0.23684	1.17625e-16
-0.00027904	0.23684	4.2536e-16
-0.000276736	0.23684	4.92047e-15
-0.000274432	0.23684	2.12938e-14
-0.000272128	0.23684	1.7246e-13
-0.000269824	0.23684	9.24533e-14
-0.00026752	0.23684	2.20937e-14
-0.000265216	0.23684	2.69594e-15
-0.000262912	0.23684	3.20708e-15
-0.000260608	0.23684	1.29908e-16
-0.000258304	0.23684	1.41663e-19
-0.000256	0.23684	3.21561e-20
-0.000253696	0.23684	2.2137e-20
-0.000251392	0.23684	3.18064e-22
-0.000249088	0.23684	3.34714e-24
-0.000246784	0.23684	1.14282e-29
-0.00024448	0.23684	2.04676e-32
-0.000242176	0.23684	3.83081e-34
-0.000239872	0.23684	1.51975e-41
-0.000237568	0.23684	2.36102e-47
-0.000235264	0.23684	2.89727e-52
-0.00023296	0.23684	3.81226e-56
-0.000230656	0.23684	1.00227e-59
-0.000228352	0.23684	1.11354e-63
-0.000226048	0.23684	5.09891e-68
-0.000223744	0.23684	2.61925e-77
-0.00022144	0.23684	0
-0.000219136	0.23684	0
-0.000216832	0.23684	0
-0.000214528	0.23684	0
-0.000212224	0.23684	0
-0.00020992	0.23684	0
-0.000207616	0.23684	0
-0.000205312	0.23684	0
-0.000203008	0.23684	0
-0.000200704	0.23684	0
-0.0001984	0.23684	0
-0.000196096	0.23684	0
-0.000193792	0.23684	0
-0.000191488	0.23684	0
-0.000189184	0.23684	0
-0.00018688	0.23684	0
-0.000184576	0.23684	0
-0.000182272	0.23684	0
-0.000179968	0.23684	0
-0.000177664	0.23684	0
-0.00017536	0.23684	0
-0.000173056	0.23684	0
-0.000170752	0.23684	0
-0.000283648	0.23708	1.09945e-17
-0.000281344	0.23708	1.21841e-16
-0.00027904	0.23708	3.81809e-16
-0.000276736	0.23708	4.10686e-15
-0.000274432	0.23708	1.87486e-14
-0.000272128	0.23708	1.12196e-13
-0.000269824	0.23708	4.92585e-15
-0.00026752	0.23708	1.0454e-15
-0.000265216	0.23708	1.02176e-15
-0.000262912	0.23708	1.59711e-16
-0.000260608	0.23708	1.62726e-19
-0.000258304	0.23708	1.40686e-20
-0.000256	0.23708	1.29724e-21
-0.000253696	0.23708	1.11914e-22
-0.000251392	0.23708	2.47094e-24
-0.000249088	0.23708	1.83165e-29
-0.000246784	0.23708	1.09985e-32
-0.00024448	0.23708	6.91924e-34
-0.000242176	0.23708	1.90728e-42
-0.000239872	0.23708	3.69631e-47
-0.000237568	0.23708	1.23319e-51
-0.000235264	0.23708	1.48485e-55
-0.00023296	0.23708	1.59251e-59
-0.000230656	0.23708	1.38534e-62
-0.000228352	0.23708	3.58276e-68
-0.000226048	0.23708	2.45275e-76
-0.000223744	0.23708	0
-0.00022144	0.23708	0
-0.000219136	0.23708	0
-0.000216832	0.23708	0
-0.000214528	0.23708	0
-0.000212224	0.23708	0
-0.00020992	0.23708	0
-0.000207616	0.23708	0
-0.000205312	0.23708	0
-0.000203008	0.23708	0
-0.000200704	0.23708	0
-0.0001984	0.23708	0
-0.000196096	0.23708	0
-0.000193792	0.23708	0
-0.000191488	0.23708	0
-0.000189184	0.23708	0
-0.00018688	0.23708	0
-0.000184576	0.23708	0
-0.000182272	0.23708	0
-0.000179968	0.23708	0
-0.000177664	0.23708	0
-0.00017536	0.23708	0
-0.000173056	0.23708	0
-0.000170752	0.23708	0
-0.000283648	0.23732	1.11247e-17
-0.000281344	0.23732	1.18477e-16
-0.00027904	0.23732	2.73404e-16
-0.000276736	0.23732	3.90487e-15
-0.000274432	0.23732	1.52069e-14
-0.000272128	0.23732	3.47031e-15
-0.000269824	0.23732	2.03016e-16
-0.00026752	0.23732	7.42992e-16
-0.000265216	0.23732	2.69314e-16
-0.000262912	0.23732	3.70134e-19
-0.000260608	0.23732	2.9048e-21
-0.000258304	0.23732	9.18943e-22
-0.000256	0.23732	6.98997e-23
-0.000253696	0.23732	1.08071e-23
-0.000251392	0.23732	4.83125e-29
-0.000249088	0.23732	5.95919e-33
-0.000246784	0.23732	7.91661e-34
-0.00024448	0.23732	1.63571e-42
-0.000242176	0.23732	7.02893e-47
-0.000239872	0.23732	1.48341e-51
-0.000237568	0.23732	3.38867e-55
-0.000235264	0.23732	2.76744e-59
-0.00023296	0.23732	4.551e-62
-0.000230656	0.23732	2.07776e-67
-0.000228352	0.23732	6.92215e-76
-0.000226048	0.23732	0
-0.000223744	0.23732	0
-0.00022144	0.23732	0
-0.000219136	0.23732	0
-0.000216832	0.23732	0
-0.000214528	0.23732	0
-0.000212224	0.23732	0
-0.00020992	0.23732	0
-0.000207616	0.23732	0
-0.000205312	0.23732	0
-0.000203008	0.23732	0
-0.000200704	0.23732	0
-0.0001984	0.23732	0
-0.000196096	0.23732	0
-0.000193792	0.23732	0
-0.000191488	0.23732	0
-0.000189184	0.23732	0
-0.00018688	0.23732	0
-0.000184576	0.23732	0
-0.000182272	0.23732	0
-0.000179968	0.23732	0
-0.000177664	0.23732	0
-0.00017536	0.23732	0
-0.000173056	0.23732	0
-0.000170752	0.23732	0
-0.000283648	0.23756	1.08738e-17
-0.000281344	0.23756	9.29515e-17
-0.00027904	0.23756	1.97099e-16
-0.000276736	0.23756	3.34223e-15
-0.000274432	0.23756	1.28999e-15
-0.000272128	0.23756	5.57165e-17
-0.000269824	0.23756	1.23563e-16
-0.00026752	0.23756	9.76523e-17
-0.000265216	0.23756	3.1186e-19
-0.000262912	0.23756	7.46598e-22
-0.000260608	0.23756	7.87336e-22
-0.000258304	0.23756	4.60281e-24
-0.000256	0.23756	5.74476e-24
-0.000253696	0.23756	2.58921e-27
-0.000251392	0.23756	2.37484e-32
-0.000249088	0.23756	4.39341e-34
-0.000246784	0.23756	1.47532e-40
-0.00024448	0.23756	3.8622e-47
-0.000242176	0.23756	7.97782e-50
-0.000239872	0.23756	4.21611e-55
-0.000237568	0.23756	5.89111e-59
-0.000235264	0.23756	6.96128e-62
-0.00023296	0.23756	8.75823e-66
-0.000230656	0.23756	6.49706e-75
-0.000228352	0.23756	0
-0.000226048	0.23756	0
-0.000223744	0.23756	0
-0.00022144	0.23756	0
-0.000219136	0.23756	0
-0.000216832	0.23756	0
-0.000214528	0.23756	0
-0.000212224	0.23756	0
-0.00020992	0.23756	0
-0.000207616	0.23756	0
-0.000205312	0.23756	0
-0.000203008	0.23756	0
-0.000200704	0.23756	0
-0.0001984	0.23756	0
-0.000196096	0.23756	0
-0.000193792	0.23756	0
-0.000191488	0.23756	0
-0.000189184	0.23756	0
-0.00018688	0.23756	0
-0.000184576	0.23756	0
-0.000182272	0.23756	0
-0.000179968	0.23756	0
-0.000177664	0.23756	0
-0.00017536	0.23756	0
-0.000173056	0.23756	0
-0.000170752	0.23756	0
-0.000283648	0.2378	1.02211e-17
-0.000281344	0.2378	3.4278e-17
-0.00027904	0.2378	1.23768e-16
-0.000276736	0.2378	2.55956e-15
-0.000274432	0.2378	1.11356e-17
-0.000272128	0.2378	4.84866e-17
-0.000269824	0.2378	3.25074e-17
-0.00026752	0.2378	6.57774e-19
-0.000265216	0.2378	3.05982e-22
-0.000262912	0.2378	2.48198e-22
-0.000260608	0.2378	1.03339e-24
-0.000258304	0.2378	1.3357e-24
-0.000256	0.2378	9.30642e-27
-0.000253696	0.2378	1.1112e-31
-0.000251392	0.2378	1.90884e-34
-0.000249088	0.2378	4.09162e-40
-0.000246784	0.2378	2.68605e-47
-0.00024448	0.2378	5.65222e-50
-0.000242176	0.2378	3.76028e-55
-0.000239872	0.2378	2.35701e-58
-0.000237568	0.2378	1.77606e-61
-0.000235264	0.2378	2.8115e-65
-0.00023296	0.2378	2.93631e-74
-0.000230656	0.2378	3.12431e-80
-0.000228352	0.2378	0
-0.000226048	0.2378	0
-0.000223744	0.2378	0
-0.00022144	0.2378	0
-0.000219136	0.2378	0
-0.000216832	0.2378	0
-0.000214528	0.2378	0
-0.000212224	0.2378	0
-0.00020992	0.2378	0
-0.000207616	0.2378	0
-0.000205312	0.2378	0
-0.000203008	0.2378	0
-0.000200704	0.2378	0
-0.0001984	0.2378	0
-0.000196096	0.2378	0
-0.000193792	0.2378	0
-0.000191488	0.2378	0
-0.000189184	0.2378	0
-0.00018688	0.2378	0
-0.000184576	0.2378	0
-0.000182272	0.2378	0
-0.000179968	0.2378	0
-0.000177664	0.2378	0
-0.00017536	0.2378	0
-0.000173056	0.2378	0
-0.000170752	0.2378	0
-0.000283648	0.23804	5.25852e-18
-0.000281344	0.23804	3.05634e-17
-0.00027904	0.23804	3.16995e-17
-0.000276736	0.23804	1.62479e-18
-0.000274432	0.23804	9.71105e-18
-0.000272128	0.23804	2.49888e-17
-0.000269824	0.23804	1.35053e-18
-0.00026752	0.23804	1.86577e-22
-0.000265216	0.23804	1.81606e-23
-0.000262912	0.23804	8.18524e-25
-0.000260608	0.23804	2.39988e-25
-0.000258304	0.23804	2.90307e-26
-0.000256	0.23804	2.29321e-31
-0.000253696	0.23804	7.29298e-35
-0.000251392	0.23804	3.17515e-39
-0.000249088	0.23804	1.04063e-46
-0.000246784	0.23804	1.88336e-49
-0.00024448	0.23804	2.35025e-55
-0.000242176	0.23804	1.19851e-57
-0.000239872	0.23804	3.96408e-61
-0.000237568	0.23804	3.54393e-65
-0.000235264	0.23804	6.98429e-74
-0.00023296	0.23804	2.13356e-82
-0.000230656	0.23804	0
-0.000228352	0.23804	0
-0.000226048	0.23804	0
-0.000223744	0.23804	0
-0.00022144	0.23804	0
-0.000219136	0.23804	0
-0.000216832	0.23804	0
-0.000214528	0.23804	0
-0.000212224	0.23804	0
-0.00020992	0.23804	0
-0.000207616	0.23804	0
-0.000205312	0.23804	0
-0.000203008	0.23804	0
-0.000200704	0.23804	0
-0.0001984	0.23804	0
-0.000196096	0.23804	0
-0.000193792	0.23804	0
-0.000191488	0.23804	0
-0.000189184	0.23804	0
-0.00018688	0.23804	0
-0.000184576	0.23804	0
-0.000182272	0.23804	0
-0.000179968	0.23804	0
-0.000177664	0.23804	0
-0.00017536	0.23804	0
-0.000173056	0.23804	0
-0.000170752	0.23804	0
-0.000283648	0.23828	4.86971e-18
-0.000281344	0.23828	9.21825e-18
-0.00027904	0.23828	2.65491e-19
-0.000276736	0.23828	1.26916e-18
-0.000274432	0.23828	7.00066e-18
-0.000272128	0.23828	3.30192e-19
-0.000269824	0.23828	1.1934e-22
-0.00026752	0.23828	2.17382e-23
-0.000265216	0.23828	7.61571e-25
-0.000262912	0.23828	2.05565e-26
-0.000260608	0.23828	1.0933e-26
-0.000258304	0.23828	3.98491e-31
-0.000256	0.23828	4.40043e-35
-0.000253696	0.23828	2.58139e-38
-0.000251392	0.23828	2.4241e-46
-0.000249088	0.23828	1.60602e-49
-0.000246784	0.23828	2.99899e-55
-0.00024448	0.23828	3.38781e-58
-0.000242176	0.23828	7.91514e-61
-0.000239872	0.23828	1.30277e-64
-0.000237568	0.23828	1.88101e-72
-0.000235264	0.23828	7.74063e-80
-0.00023296	0.23828	0
-0.000230656	0.23828	0
-0.000228352	0.23828	0
-0.000226048	0.23828	0
-0.000223744	0.23828	0
-0.00022144	0.23828	0
-0.000219136	0.23828	0
-0.000216832	0.23828	0
-0.000214528	0.23828	0
-0.000212224	0.23828	0
-0.00020992	0.23828	0
-0.000207616	0.23828	0
-0.000205312	0.23828	0
-0.000203008	0.23828	0
-0.000200704	0.23828	0
-0.0001984	0.23828	0
-0.000196096	0.23828	0
-0.000193792	0.23828	0
-0.000191488	0.23828	0
-0.000189184	0.23828	0
-0.00018688	0.23828	0
-0.000184576	0.23828	0
-0.000182272	0.23828	0
-0.000179968	0.23828	0
-0.000177664	0.23828	0
-0.00017536	0.23828	0
-0.000173056	0.23828	0
-0.000170752	0.23828	0
