pa/bp3p4_n_l
1.4296
1.4384
2.84731e-21
2.53131e-20
2.80634e-19
2.44002e-18
9.20289e-17
6.83527e-16
3.95411e-14
1.22261e-13
1.68799e-12
1.08476e-11
4.49343e-11
3.00064e-10
3.89865e-09
2.11295e-08
1.54239e-07
8.56897e-07
8.18449e-06
0.000127708
0.000321257
0.00187214
0.00690865
0.0395175
0.0617429
0.185527
0.35525
1.32036
2.58499
3.86832
5.77401
11.1649
22.7803
27.9023
42.4607
41.7442
63.8176
66.5569
102.37
88.8804
140.327
184.873
225.124
295.638
429.684
543.758
623.667
668.49
828.698
1313.58
923.33
791.211
777.505
968.388
607.323
419.804
344.631
335.171
170.96
107.512
73.7885
47.9265
27.9642
14.8523
8.54119
4.62305
2.32637
1.11113
0.548182
0.241459
0.103093
0.0406397
0.0142836
0.00469997
0.00139904
0.000456208
0.000103446
2.11113e-05
5.9406e-06
1.38371e-06
2.8978e-07
3.80481e-08
7.08209e-09
6.14443e-10
6.23901e-11
9.64551e-12
2.26298e-12
5.77373e-13
1.69999e-13
4.35518e-14
9.04406e-15
1.75914e-15
3.34772e-16
4.88446e-17
1.05117e-17
2.09891e-18
3.462e-19
7.03041e-20
1.08064e-20
1.75574e-21
3.22049e-22
6.90886e-23
