fixed_alpha/ba1a1_gamma
2.63e-05
2.754e-05
25287.1
41812.7
7.47146
43.9475
27596.3
13924
586.357
0.106695
2336.88
118955
183324
9.50033
643.179
837654
129891
1049.8
337.995
198605
466516
156661
1.06353
3888.37
3.67475e+06
6.17152e+06
1987.66
2480.69
1.06096e+06
915075
46282.5
0.214173
2245.88
3.53548e+06
1.98775e+07
1823.58
5328.37
4.34753e+06
948960
42334.2
885.013
74193.2
3.27865e+06
3.12452e+06
404.65
14184.3
8.15259e+06
754460
22302.3
1498.65
1.19243e+06
1.97934e+06
676674
16.2924
15080.8
6.49503e+06
3.55809e+06
7998.85
1672.69
862020
866758
68593.6
0.510215
2048.39
1.80582e+06
3.48018e+06
1366.68
602.177
250455
152837
11015.5
0.0316583
407.159
153553
636486
155.988
50.1624
58418.6
14751.3
1005.59
0.118336
47.4666
21198.4
52418.5
16.4448
9.32861
5746.28
1427.19
78.9209
0.179559
1.33705
940.958
3065.64
0.797923
0.455939
195.57
46.0827
2.81328
5.86358e-06
2.38577e-07
3.41839e-09
6.32579e-17
