average_gamma_new
2.615e-05
2.769e-05
0
0
0
0
0
0
0
0
0
0
0
0
0
0
0
0
0
0
0
0
0
0
0
0
0
0
0
21.645
0
64.9351
194.805
865.801
2489.18
7099.57
17748.9
40411.3
85454.5
180779
343225
619113
1.04719e+06
1.65173e+06
2.46056e+06
3.3953e+06
4.40846e+06
5.38541e+06
6.13959e+06
6.55299e+06
6.5724e+06
6.16468e+06
5.41128e+06
4.4516e+06
3.44032e+06
2.48193e+06
1.6819e+06
1.05703e+06
632446
353766
184437
92922.1
42056.3
17619
7857.14
2878.79
735.931
389.61
86.5801
21.645
0
0
0
0
0
0
0
0
0
0
0
0
0
0
0
0
0
0
0
0
0
0
0
0
0
0
0
0
0
0
0
0
