gamma_avg
2.68307e-05
2.69402e-05
8214.68
0
0
20536.7
49288.1
135542
197152
525739
796824
1.39239e+06
2.28779e+06
4.00876e+06
5.80367e+06
8.17771e+06
1.14923e+07
1.4655e+07
1.80025e+07
2.1736e+07
2.45044e+07
2.76013e+07
2.98152e+07
3.05915e+07
3.13636e+07
2.93716e+07
2.73384e+07
2.4566e+07
2.17935e+07
1.86391e+07
1.51438e+07
1.18332e+07
8.92114e+06
6.52245e+06
4.62486e+06
3.40909e+06
2.19743e+06
1.38828e+06
722892
513417
279299
143757
110898
32858.7
8214.68
8214.68
0
