gamma_avg_fix_alpha
2.65787e-05
2.71997e-05
0
77.3036
0
154.607
0
77.3036
0
309.215
1159.55
1468.77
1468.77
3246.75
4174.4
6880.02
10513.3
15151.5
17857.1
30766.9
43135.4
59987.6
80627.7
107607
148810
209957
264920
349644
450216
578231
721011
912183
1.11333e+06
1.37477e+06
1.65051e+06
1.93228e+06
2.30148e+06
2.67618e+06
3.07784e+06
3.48346e+06
3.93692e+06
4.35977e+06
4.82468e+06
5.14981e+06
5.52814e+06
5.92285e+06
6.15948e+06
6.40291e+06
6.54445e+06
6.60482e+06
6.60969e+06
6.54669e+06
6.34477e+06
6.17146e+06
5.90994e+06
5.60567e+06
5.21436e+06
4.79963e+06
4.41064e+06
3.94326e+06
3.51654e+06
3.09918e+06
2.70478e+06
2.32754e+06
1.98748e+06
1.65646e+06
1.39626e+06
1.13126e+06
927876
755643
602582
469001
370748
274428
208720
156076
118043
83565.2
62306.7
43985.8
29684.6
22108.8
14069.3
12136.7
5952.38
3169.45
3014.84
1623.38
1700.68
541.126
463.822
309.215
463.822
77.3036
0
0
77.3036
0
