n_l_onlybeautiful
1.41318
1.43778
1.29988e-10
4.52e-10
1.05592e-09
4.32177e-09
1.34616e-08
3.01824e-08
6.4728e-08
2.27851e-07
6.53038e-07
1.35954e-06
2.69799e-06
8.17908e-06
2.18826e-05
4.23695e-05
7.75309e-05
0.000206128
0.000514919
0.000925435
0.00157528
0.00365088
0.00844341
0.0141849
0.0225276
0.046351
0.098019
0.15369
0.225424
0.416301
0.795556
1.15866
1.55732
2.58854
4.50476
6.10891
7.59239
11.243
18.0803
22.9145
26.5594
34.9571
52.2941
62.3462
67.8194
80.8736
112.446
126.812
129.365
140.701
184.186
197.159
190.746
190.96
234.461
238.846
218.212
202.455
232.453
225.068
193.279
166.976
178.578
164.214
131.751
105.7
105.517
91.9236
68.7344
51.4572
47.4649
39.1186
26.8541
18.7801
16.1052
12.5417
7.87686
5.10212
4.09002
3.00312
1.73861
1.02635
0.768919
0.529599
0.285901
0.152236
0.105904
0.0684518
0.0343709
0.0163907
0.0107009
0.00653742
0.00310098
0.00128407
0.000788943
0.000452044
0.000206569
7.35293e-05
4.21417e-05
2.24161e-05
9.76923e-06
2.99482e-06
1.57972e-06
7.84515e-07
3.20849e-07
8.47781e-08
4.10083e-08
1.89192e-08
6.95738e-09
1.62423e-09
7.18605e-10
7.18605e-10
