n_l_avg_iterated
1.40391
1.44877
0
5.95926e-120
1.07754e-88
2.91059e-82
1.11868e-73
3.75626e-70
6.00413e-67
1.33164e-61
2.03434e-58
4.41649e-56
1.37766e-53
1.21014e-51
1.96202e-49
4.07339e-46
3.40933e-44
1.70141e-42
1.01939e-40
4.14756e-39
1.26827e-37
2.49311e-35
5.27284e-34
8.71266e-33
3.65908e-31
8.99115e-30
1.27875e-28
4.74094e-27
8.21541e-26
9.1791e-25
2.30562e-23
3.73101e-22
3.85678e-21
6.59091e-20
6.78027e-19
5.36458e-18
1.05177e-16
8.07731e-16
5.43446e-15
6.47168e-14
4.27198e-13
2.34024e-12
2.83209e-11
1.4618e-10
6.6138e-10
5.4577e-09
2.29209e-08
8.94186e-08
6.85171e-07
2.33894e-06
7.63736e-06
4.20437e-05
0.000123752
0.000357899
0.00162252
0.00423955
0.0103325
0.0346826
0.0846034
0.177432
0.475799
1.02936
1.78237
3.93834
8.0613
11.5183
23.241
34.8415
45.0722
76.8733
107.967
121.561
171.74
209.121
201.233
277.675
288.505
242.065
275.009
256.995
195.543
212.384
173.82
107.56
106.171
63.3866
42.3066
36.7573
21.1892
10.5111
7.64755
3.56066
1.83399
1.28566
0.418464
0.184818
0.100542
0.034162
0.0138574
0.00717257
0.00148964
0.000536833
0.000224581
5.29218e-05
1.7173e-05
6.25777e-06
9.82658e-07
2.61662e-07
7.55055e-08
1.47378e-08
3.05134e-09
7.93946e-10
1.16688e-10
1.83552e-11
4.10611e-12
6.4661e-13
7.84934e-14
1.41956e-14
1.71612e-15
1.72854e-16
2.92669e-17
2.40923e-18
2.05866e-19
2.73796e-20
1.42146e-21
1.05018e-22
1.04984e-23
2.92127e-25
1.82448e-26
1.2242e-27
1.82698e-29
8.71581e-31
3.8559e-32
3.37818e-34
1.23455e-35
4.09231e-37
2.46283e-39
5.9448e-41
1.28507e-42
3.29103e-45
4.61799e-47
5.87422e-49
6.54217e-52
4.39316e-54
2.80745e-56
1.12878e-59
2.15132e-62
1.17663e-69
6.18559e-77
4.31674e-95
0
0
