aqs/b2a2_gamma
2.68398e-05
2.69448e-05
770.938
1000.21
1272.76
1586.13
1997.89
2620.75
3713.36
5113.1
7421.87
10276.8
14787.7
20837.2
30939
44117.2
64583.2
92894.4
143212
195224
286457
369904
492691
620149
827518
1.06019e+06
1.35994e+06
1.78538e+06
2.32083e+06
2.92878e+06
3.5721e+06
4.54771e+06
5.45681e+06
6.22746e+06
7.15725e+06
8.05292e+06
9.23449e+06
1.02488e+07
1.11503e+07
1.20756e+07
1.30653e+07
1.41859e+07
1.50375e+07
1.63976e+07
1.77175e+07
1.92086e+07
2.02787e+07
2.12438e+07
2.2423e+07
2.33727e+07
2.42695e+07
2.42719e+07
2.52502e+07
2.42636e+07
2.34697e+07
2.30469e+07
2.28635e+07
2.24116e+07
2.20411e+07
2.15542e+07
2.12301e+07
2.17745e+07
2.15943e+07
2.17475e+07
2.2575e+07
2.22776e+07
2.25395e+07
2.37744e+07
2.43713e+07
2.41661e+07
2.41337e+07
2.20437e+07
2.061e+07
1.90069e+07
1.79388e+07
1.65657e+07
1.46848e+07
1.36524e+07
1.19388e+07
1.10956e+07
9.63533e+06
8.34915e+06
6.75319e+06
5.78305e+06
4.81042e+06
3.9972e+06
2.96353e+06
2.07903e+06
1.21199e+06
703480
457375
360755
260890
197912
123022
76585.2
43129.4
24590.5
16129.4
10329.9
7876.35
4853.37
