#n_l	N_0	probability

1.4213	0.025	0
1.4239	0.025	0
1.4265	0.025	0
1.4291	0.025	0
1.4317	0.025	0
1.4343	0.025	0
1.4369	0.025	0
1.4395	0.025	0
1.4421	0.025	0
1.4447	0.025	0
1.4473	0.025	0
1.4499	0.025	0
1.4525	0.025	0
1.4551	0.025	0
1.4577	0.025	0
1.4603	0.025	0
1.4629	0.025	0
1.4655	0.025	0
1.4681	0.025	0
1.4707	0.025	0
1.4733	0.025	0
1.4759	0.025	0
1.4785	0.025	0
1.4811	0.025	0
1.4837	0.025	0
1.4863	0.025	0
1.4889	0.025	0
1.4915	0.025	0
1.4941	0.025	0
1.4967	0.025	0
1.4993	0.025	0
1.5019	0.025	0
1.5045	0.025	0
1.5071	0.025	0
1.5097	0.025	0
1.5123	0.025	0
1.5149	0.025	0
1.5175	0.025	0
1.5201	0.025	0
1.5227	0.025	0
1.5253	0.025	0
1.5279	0.025	0
1.5305	0.025	0
1.5331	0.025	0
1.5357	0.025	0
1.5383	0.025	0
1.5409	0.025	0
1.5435	0.025	0
1.5461	0.025	0
1.5487	0.025	0
1.4213	0.075	0
1.4239	0.075	0
1.4265	0.075	0
1.4291	0.075	0
1.4317	0.075	0
1.4343	0.075	0
1.4369	0.075	0
1.4395	0.075	0
1.4421	0.075	0
1.4447	0.075	0
1.4473	0.075	0
1.4499	0.075	0
1.4525	0.075	0
1.4551	0.075	0
1.4577	0.075	0
1.4603	0.075	0
1.4629	0.075	0
1.4655	0.075	0
1.4681	0.075	0
1.4707	0.075	0
1.4733	0.075	0
1.4759	0.075	0
1.4785	0.075	0
1.4811	0.075	0
1.4837	0.075	0
1.4863	0.075	0
1.4889	0.075	0
1.4915	0.075	0
1.4941	0.075	0
1.4967	0.075	0
1.4993	0.075	0
1.5019	0.075	0
1.5045	0.075	0
1.5071	0.075	0
1.5097	0.075	0
1.5123	0.075	0
1.5149	0.075	0
1.5175	0.075	0
1.5201	0.075	0
1.5227	0.075	0
1.5253	0.075	0
1.5279	0.075	0
1.5305	0.075	0
1.5331	0.075	0
1.5357	0.075	0
1.5383	0.075	0
1.5409	0.075	0
1.5435	0.075	0
1.5461	0.075	0
1.5487	0.075	0
1.4213	0.125	0
1.4239	0.125	0
1.4265	0.125	0
1.4291	0.125	0
1.4317	0.125	0
1.4343	0.125	0
1.4369	0.125	0
1.4395	0.125	0
1.4421	0.125	0
1.4447	0.125	0
1.4473	0.125	0
1.4499	0.125	0
1.4525	0.125	0
1.4551	0.125	0
1.4577	0.125	0
1.4603	0.125	0
1.4629	0.125	0
1.4655	0.125	0
1.4681	0.125	0
1.4707	0.125	0
1.4733	0.125	0
1.4759	0.125	0
1.4785	0.125	0
1.4811	0.125	0
1.4837	0.125	0
1.4863	0.125	0
1.4889	0.125	0
1.4915	0.125	0
1.4941	0.125	0
1.4967	0.125	0
1.4993	0.125	0
1.5019	0.125	0
1.5045	0.125	0
1.5071	0.125	0
1.5097	0.125	0
1.5123	0.125	0
1.5149	0.125	0
1.5175	0.125	0
1.5201	0.125	0
1.5227	0.125	0
1.5253	0.125	0
1.5279	0.125	0
1.5305	0.125	0
1.5331	0.125	0
1.5357	0.125	0
1.5383	0.125	0
1.5409	0.125	0
1.5435	0.125	0
1.5461	0.125	0
1.5487	0.125	0
1.4213	0.175	0
1.4239	0.175	0
1.4265	0.175	0
1.4291	0.175	0
1.4317	0.175	0
1.4343	0.175	0
1.4369	0.175	0
1.4395	0.175	0
1.4421	0.175	0
1.4447	0.175	0
1.4473	0.175	0
1.4499	0.175	0
1.4525	0.175	0
1.4551	0.175	0
1.4577	0.175	0
1.4603	0.175	0
1.4629	0.175	0
1.4655	0.175	0
1.4681	0.175	0
1.4707	0.175	0
1.4733	0.175	0
1.4759	0.175	0
1.4785	0.175	0
1.4811	0.175	0
1.4837	0.175	0
1.4863	0.175	0
1.4889	0.175	0
1.4915	0.175	0
1.4941	0.175	0
1.4967	0.175	0
1.4993	0.175	0
1.5019	0.175	0
1.5045	0.175	0
1.5071	0.175	0
1.5097	0.175	0
1.5123	0.175	0
1.5149	0.175	0
1.5175	0.175	0
1.5201	0.175	0
1.5227	0.175	0
1.5253	0.175	0
1.5279	0.175	0
1.5305	0.175	0
1.5331	0.175	0
1.5357	0.175	0
1.5383	0.175	0
1.5409	0.175	0
1.5435	0.175	0
1.5461	0.175	0
1.5487	0.175	0
1.4213	0.225	0
1.4239	0.225	0
1.4265	0.225	0
1.4291	0.225	0
1.4317	0.225	0
1.4343	0.225	0
1.4369	0.225	0
1.4395	0.225	0
1.4421	0.225	0
1.4447	0.225	0
1.4473	0.225	0
1.4499	0.225	0
1.4525	0.225	0
1.4551	0.225	0
1.4577	0.225	0
1.4603	0.225	0
1.4629	0.225	0
1.4655	0.225	0
1.4681	0.225	0
1.4707	0.225	0
1.4733	0.225	0
1.4759	0.225	0
1.4785	0.225	0
1.4811	0.225	0
1.4837	0.225	0
1.4863	0.225	0
1.4889	0.225	0
1.4915	0.225	0
1.4941	0.225	0
1.4967	0.225	0
1.4993	0.225	0
1.5019	0.225	0
1.5045	0.225	0
1.5071	0.225	0
1.5097	0.225	0
1.5123	0.225	0
1.5149	0.225	0
1.5175	0.225	0
1.5201	0.225	0
1.5227	0.225	0
1.5253	0.225	0
1.5279	0.225	0
1.5305	0.225	0
1.5331	0.225	0
1.5357	0.225	0
1.5383	0.225	0
1.5409	0.225	0
1.5435	0.225	0
1.5461	0.225	0
1.5487	0.225	0
1.4213	0.275	0
1.4239	0.275	0
1.4265	0.275	0
1.4291	0.275	0
1.4317	0.275	0
1.4343	0.275	0
1.4369	0.275	0
1.4395	0.275	0
1.4421	0.275	0
1.4447	0.275	0
1.4473	0.275	0
1.4499	0.275	0
1.4525	0.275	0
1.4551	0.275	0
1.4577	0.275	0
1.4603	0.275	0
1.4629	0.275	0
1.4655	0.275	0
1.4681	0.275	0
1.4707	0.275	0
1.4733	0.275	0
1.4759	0.275	0
1.4785	0.275	0
1.4811	0.275	0
1.4837	0.275	0
1.4863	0.275	0
1.4889	0.275	0
1.4915	0.275	0
1.4941	0.275	0
1.4967	0.275	0
1.4993	0.275	0
1.5019	0.275	0
1.5045	0.275	0
1.5071	0.275	0
1.5097	0.275	0
1.5123	0.275	0
1.5149	0.275	0
1.5175	0.275	0
1.5201	0.275	0
1.5227	0.275	0
1.5253	0.275	0
1.5279	0.275	0
1.5305	0.275	0
1.5331	0.275	0
1.5357	0.275	0
1.5383	0.275	0
1.5409	0.275	0
1.5435	0.275	0
1.5461	0.275	0
1.5487	0.275	0
1.4213	0.325	0
1.4239	0.325	0
1.4265	0.325	0
1.4291	0.325	0
1.4317	0.325	0
1.4343	0.325	0
1.4369	0.325	0
1.4395	0.325	0
1.4421	0.325	0
1.4447	0.325	0
1.4473	0.325	0
1.4499	0.325	0
1.4525	0.325	0
1.4551	0.325	0
1.4577	0.325	0
1.4603	0.325	0
1.4629	0.325	0
1.4655	0.325	0
1.4681	0.325	0
1.4707	0.325	0
1.4733	0.325	0
1.4759	0.325	0
1.4785	0.325	0
1.4811	0.325	0
1.4837	0.325	0
1.4863	0.325	0
1.4889	0.325	0
1.4915	0.325	0
1.4941	0.325	0
1.4967	0.325	0
1.4993	0.325	0
1.5019	0.325	0
1.5045	0.325	0
1.5071	0.325	0
1.5097	0.325	0
1.5123	0.325	0
1.5149	0.325	0
1.5175	0.325	0
1.5201	0.325	0
1.5227	0.325	0
1.5253	0.325	0
1.5279	0.325	0
1.5305	0.325	0
1.5331	0.325	0
1.5357	0.325	0
1.5383	0.325	0
1.5409	0.325	0
1.5435	0.325	0
1.5461	0.325	0
1.5487	0.325	0
1.4213	0.375	0
1.4239	0.375	0
1.4265	0.375	0
1.4291	0.375	0
1.4317	0.375	0
1.4343	0.375	0
1.4369	0.375	0
1.4395	0.375	0
1.4421	0.375	0
1.4447	0.375	0
1.4473	0.375	0
1.4499	0.375	0
1.4525	0.375	0
1.4551	0.375	0
1.4577	0.375	0
1.4603	0.375	0
1.4629	0.375	0
1.4655	0.375	0
1.4681	0.375	0
1.4707	0.375	0
1.4733	0.375	0
1.4759	0.375	0
1.4785	0.375	0
1.4811	0.375	0
1.4837	0.375	0
1.4863	0.375	0
1.4889	0.375	0
1.4915	0.375	0
1.4941	0.375	0
1.4967	0.375	0
1.4993	0.375	0
1.5019	0.375	0
1.5045	0.375	0
1.5071	0.375	0
1.5097	0.375	0
1.5123	0.375	0
1.5149	0.375	0
1.5175	0.375	0
1.5201	0.375	0
1.5227	0.375	0
1.5253	0.375	0
1.5279	0.375	0
1.5305	0.375	0
1.5331	0.375	0
1.5357	0.375	0
1.5383	0.375	0
1.5409	0.375	0
1.5435	0.375	0
1.5461	0.375	0
1.5487	0.375	0
1.4213	0.425	0
1.4239	0.425	0
1.4265	0.425	0
1.4291	0.425	0
1.4317	0.425	0
1.4343	0.425	0
1.4369	0.425	0
1.4395	0.425	0
1.4421	0.425	0
1.4447	0.425	0
1.4473	0.425	0
1.4499	0.425	0
1.4525	0.425	0
1.4551	0.425	0
1.4577	0.425	0
1.4603	0.425	0
1.4629	0.425	0
1.4655	0.425	0
1.4681	0.425	0
1.4707	0.425	0
1.4733	0.425	0
1.4759	0.425	0
1.4785	0.425	0
1.4811	0.425	0
1.4837	0.425	0
1.4863	0.425	0
1.4889	0.425	0
1.4915	0.425	0
1.4941	0.425	0
1.4967	0.425	0
1.4993	0.425	0
1.5019	0.425	0
1.5045	0.425	0
1.5071	0.425	0
1.5097	0.425	0
1.5123	0.425	0
1.5149	0.425	0
1.5175	0.425	0
1.5201	0.425	0
1.5227	0.425	0
1.5253	0.425	0
1.5279	0.425	0
1.5305	0.425	0
1.5331	0.425	0
1.5357	0.425	0
1.5383	0.425	0
1.5409	0.425	0
1.5435	0.425	0
1.5461	0.425	0
1.5487	0.425	0
1.4213	0.475	0
1.4239	0.475	0
1.4265	0.475	0
1.4291	0.475	0
1.4317	0.475	0
1.4343	0.475	0
1.4369	0.475	0
1.4395	0.475	0
1.4421	0.475	0
1.4447	0.475	0
1.4473	0.475	0
1.4499	0.475	0
1.4525	0.475	0
1.4551	0.475	0
1.4577	0.475	0
1.4603	0.475	0
1.4629	0.475	0
1.4655	0.475	0
1.4681	0.475	0
1.4707	0.475	0
1.4733	0.475	0
1.4759	0.475	0
1.4785	0.475	0
1.4811	0.475	0
1.4837	0.475	0
1.4863	0.475	0
1.4889	0.475	0
1.4915	0.475	0
1.4941	0.475	0
1.4967	0.475	0
1.4993	0.475	0
1.5019	0.475	0
1.5045	0.475	0
1.5071	0.475	0
1.5097	0.475	0
1.5123	0.475	0
1.5149	0.475	0
1.5175	0.475	0
1.5201	0.475	0
1.5227	0.475	0
1.5253	0.475	0
1.5279	0.475	0
1.5305	0.475	0
1.5331	0.475	0
1.5357	0.475	0
1.5383	0.475	0
1.5409	0.475	0
1.5435	0.475	0
1.5461	0.475	0
1.5487	0.475	0
1.4213	0.525	0
1.4239	0.525	0
1.4265	0.525	0
1.4291	0.525	0
1.4317	0.525	0
1.4343	0.525	0
1.4369	0.525	0
1.4395	0.525	0
1.4421	0.525	0
1.4447	0.525	0
1.4473	0.525	0
1.4499	0.525	0
1.4525	0.525	0
1.4551	0.525	0
1.4577	0.525	0
1.4603	0.525	0
1.4629	0.525	0
1.4655	0.525	0
1.4681	0.525	0
1.4707	0.525	0
1.4733	0.525	0
1.4759	0.525	0
1.4785	0.525	0
1.4811	0.525	0
1.4837	0.525	0
1.4863	0.525	0
1.4889	0.525	0
1.4915	0.525	0
1.4941	0.525	0
1.4967	0.525	0
1.4993	0.525	0
1.5019	0.525	0
1.5045	0.525	0
1.5071	0.525	0
1.5097	0.525	0
1.5123	0.525	0
1.5149	0.525	0
1.5175	0.525	0
1.5201	0.525	0
1.5227	0.525	0
1.5253	0.525	0
1.5279	0.525	0
1.5305	0.525	0
1.5331	0.525	0
1.5357	0.525	0
1.5383	0.525	0
1.5409	0.525	0
1.5435	0.525	0
1.5461	0.525	0
1.5487	0.525	0
1.4213	0.575	0
1.4239	0.575	0
1.4265	0.575	0
1.4291	0.575	0
1.4317	0.575	0
1.4343	0.575	0
1.4369	0.575	0
1.4395	0.575	0
1.4421	0.575	0
1.4447	0.575	0
1.4473	0.575	0
1.4499	0.575	0
1.4525	0.575	0
1.4551	0.575	0
1.4577	0.575	0
1.4603	0.575	0
1.4629	0.575	0
1.4655	0.575	0
1.4681	0.575	0
1.4707	0.575	0
1.4733	0.575	0
1.4759	0.575	0
1.4785	0.575	0
1.4811	0.575	0
1.4837	0.575	0
1.4863	0.575	0
1.4889	0.575	0
1.4915	0.575	0
1.4941	0.575	0
1.4967	0.575	0
1.4993	0.575	0
1.5019	0.575	0
1.5045	0.575	0
1.5071	0.575	0
1.5097	0.575	0
1.5123	0.575	0
1.5149	0.575	0
1.5175	0.575	0
1.5201	0.575	0
1.5227	0.575	0
1.5253	0.575	0
1.5279	0.575	0
1.5305	0.575	0
1.5331	0.575	0
1.5357	0.575	0
1.5383	0.575	0
1.5409	0.575	0
1.5435	0.575	0
1.5461	0.575	0
1.5487	0.575	0
1.4213	0.625	0
1.4239	0.625	0
1.4265	0.625	0
1.4291	0.625	0
1.4317	0.625	0
1.4343	0.625	0
1.4369	0.625	0
1.4395	0.625	0
1.4421	0.625	0
1.4447	0.625	0
1.4473	0.625	0
1.4499	0.625	0
1.4525	0.625	0
1.4551	0.625	0
1.4577	0.625	0
1.4603	0.625	0
1.4629	0.625	0
1.4655	0.625	0
1.4681	0.625	0
1.4707	0.625	0
1.4733	0.625	0
1.4759	0.625	0
1.4785	0.625	0
1.4811	0.625	0
1.4837	0.625	0
1.4863	0.625	0
1.4889	0.625	0
1.4915	0.625	0
1.4941	0.625	0
1.4967	0.625	0
1.4993	0.625	0
1.5019	0.625	0
1.5045	0.625	0
1.5071	0.625	0
1.5097	0.625	0
1.5123	0.625	0
1.5149	0.625	0
1.5175	0.625	0
1.5201	0.625	0
1.5227	0.625	0
1.5253	0.625	0
1.5279	0.625	0
1.5305	0.625	0
1.5331	0.625	0
1.5357	0.625	0
1.5383	0.625	0
1.5409	0.625	0
1.5435	0.625	0
1.5461	0.625	0
1.5487	0.625	0
1.4213	0.675	0
1.4239	0.675	0
1.4265	0.675	0
1.4291	0.675	0
1.4317	0.675	0
1.4343	0.675	0
1.4369	0.675	0
1.4395	0.675	0
1.4421	0.675	0
1.4447	0.675	0
1.4473	0.675	0
1.4499	0.675	0
1.4525	0.675	0
1.4551	0.675	0
1.4577	0.675	0
1.4603	0.675	0
1.4629	0.675	0
1.4655	0.675	0
1.4681	0.675	0
1.4707	0.675	0
1.4733	0.675	0
1.4759	0.675	0
1.4785	0.675	0
1.4811	0.675	0
1.4837	0.675	0
1.4863	0.675	0
1.4889	0.675	0
1.4915	0.675	0
1.4941	0.675	0
1.4967	0.675	0
1.4993	0.675	0
1.5019	0.675	0
1.5045	0.675	0
1.5071	0.675	0
1.5097	0.675	0
1.5123	0.675	0
1.5149	0.675	0
1.5175	0.675	0
1.5201	0.675	0
1.5227	0.675	0
1.5253	0.675	0
1.5279	0.675	0
1.5305	0.675	0
1.5331	0.675	0
1.5357	0.675	0
1.5383	0.675	0
1.5409	0.675	0
1.5435	0.675	0
1.5461	0.675	0
1.5487	0.675	0
1.4213	0.725	0
1.4239	0.725	0
1.4265	0.725	0
1.4291	0.725	0
1.4317	0.725	0
1.4343	0.725	0
1.4369	0.725	0
1.4395	0.725	0
1.4421	0.725	0
1.4447	0.725	0
1.4473	0.725	0
1.4499	0.725	0
1.4525	0.725	0
1.4551	0.725	0
1.4577	0.725	0
1.4603	0.725	0
1.4629	0.725	0
1.4655	0.725	0
1.4681	0.725	0
1.4707	0.725	0
1.4733	0.725	0
1.4759	0.725	0
1.4785	0.725	0
1.4811	0.725	0
1.4837	0.725	0
1.4863	0.725	0
1.4889	0.725	0
1.4915	0.725	0
1.4941	0.725	0
1.4967	0.725	0
1.4993	0.725	0
1.5019	0.725	0
1.5045	0.725	0
1.5071	0.725	0
1.5097	0.725	0
1.5123	0.725	0
1.5149	0.725	0
1.5175	0.725	0
1.5201	0.725	0
1.5227	0.725	0
1.5253	0.725	0
1.5279	0.725	0
1.5305	0.725	0
1.5331	0.725	0
1.5357	0.725	0
1.5383	0.725	0
1.5409	0.725	0
1.5435	0.725	0
1.5461	0.725	0
1.5487	0.725	0
1.4213	0.775	0
1.4239	0.775	0
1.4265	0.775	0
1.4291	0.775	0
1.4317	0.775	0
1.4343	0.775	0
1.4369	0.775	0
1.4395	0.775	0
1.4421	0.775	0
1.4447	0.775	0
1.4473	0.775	0
1.4499	0.775	0
1.4525	0.775	0
1.4551	0.775	0
1.4577	0.775	0
1.4603	0.775	0
1.4629	0.775	0
1.4655	0.775	0
1.4681	0.775	0
1.4707	0.775	0
1.4733	0.775	0
1.4759	0.775	0
1.4785	0.775	0
1.4811	0.775	0
1.4837	0.775	0
1.4863	0.775	0
1.4889	0.775	0
1.4915	0.775	0
1.4941	0.775	0
1.4967	0.775	0
1.4993	0.775	0
1.5019	0.775	0
1.5045	0.775	0
1.5071	0.775	0
1.5097	0.775	0
1.5123	0.775	0
1.5149	0.775	0
1.5175	0.775	0
1.5201	0.775	0
1.5227	0.775	0
1.5253	0.775	0
1.5279	0.775	0
1.5305	0.775	0
1.5331	0.775	0
1.5357	0.775	0
1.5383	0.775	0
1.5409	0.775	0
1.5435	0.775	0
1.5461	0.775	0
1.5487	0.775	0
1.4213	0.825	0
1.4239	0.825	0
1.4265	0.825	0
1.4291	0.825	0
1.4317	0.825	0
1.4343	0.825	0
1.4369	0.825	0
1.4395	0.825	0
1.4421	0.825	0
1.4447	0.825	0
1.4473	0.825	0
1.4499	0.825	0
1.4525	0.825	0
1.4551	0.825	0
1.4577	0.825	0
1.4603	0.825	0
1.4629	0.825	0
1.4655	0.825	0
1.4681	0.825	0
1.4707	0.825	0
1.4733	0.825	0
1.4759	0.825	0
1.4785	0.825	0
1.4811	0.825	0
1.4837	0.825	0
1.4863	0.825	0
1.4889	0.825	0
1.4915	0.825	0
1.4941	0.825	0
1.4967	0.825	0
1.4993	0.825	0
1.5019	0.825	0
1.5045	0.825	0
1.5071	0.825	0
1.5097	0.825	0
1.5123	0.825	0
1.5149	0.825	0
1.5175	0.825	0
1.5201	0.825	0
1.5227	0.825	0
1.5253	0.825	0
1.5279	0.825	0
1.5305	0.825	0
1.5331	0.825	0
1.5357	0.825	0
1.5383	0.825	0
1.5409	0.825	0
1.5435	0.825	0
1.5461	0.825	0
1.5487	0.825	0
1.4213	0.875	0
1.4239	0.875	0
1.4265	0.875	0
1.4291	0.875	0
1.4317	0.875	0
1.4343	0.875	0
1.4369	0.875	0
1.4395	0.875	0
1.4421	0.875	0
1.4447	0.875	0
1.4473	0.875	0
1.4499	0.875	0
1.4525	0.875	0
1.4551	0.875	0
1.4577	0.875	0
1.4603	0.875	0
1.4629	0.875	0
1.4655	0.875	0
1.4681	0.875	0
1.4707	0.875	0
1.4733	0.875	0
1.4759	0.875	0
1.4785	0.875	0
1.4811	0.875	0
1.4837	0.875	0
1.4863	0.875	0
1.4889	0.875	0
1.4915	0.875	0
1.4941	0.875	0
1.4967	0.875	0
1.4993	0.875	0
1.5019	0.875	0
1.5045	0.875	0
1.5071	0.875	0
1.5097	0.875	0
1.5123	0.875	0
1.5149	0.875	0
1.5175	0.875	0
1.5201	0.875	0
1.5227	0.875	0
1.5253	0.875	0
1.5279	0.875	0
1.5305	0.875	0
1.5331	0.875	0
1.5357	0.875	0
1.5383	0.875	0
1.5409	0.875	0
1.5435	0.875	0
1.5461	0.875	0
1.5487	0.875	0
1.4213	0.925	0
1.4239	0.925	0
1.4265	0.925	0
1.4291	0.925	0
1.4317	0.925	0
1.4343	0.925	0
1.4369	0.925	0
1.4395	0.925	0
1.4421	0.925	0
1.4447	0.925	0
1.4473	0.925	0
1.4499	0.925	0
1.4525	0.925	0
1.4551	0.925	0
1.4577	0.925	0
1.4603	0.925	0
1.4629	0.925	0
1.4655	0.925	0
1.4681	0.925	0
1.4707	0.925	0
1.4733	0.925	0
1.4759	0.925	0
1.4785	0.925	0
1.4811	0.925	0
1.4837	0.925	0
1.4863	0.925	0
1.4889	0.925	0
1.4915	0.925	0
1.4941	0.925	0
1.4967	0.925	0
1.4993	0.925	0
1.5019	0.925	0
1.5045	0.925	0
1.5071	0.925	0
1.5097	0.925	0
1.5123	0.925	0
1.5149	0.925	0
1.5175	0.925	0
1.5201	0.925	0
1.5227	0.925	0
1.5253	0.925	0
1.5279	0.925	0
1.5305	0.925	0
1.5331	0.925	0
1.5357	0.925	0
1.5383	0.925	0
1.5409	0.925	0
1.5435	0.925	0
1.5461	0.925	0
1.5487	0.925	0
1.4213	0.975	0
1.4239	0.975	0
1.4265	0.975	0
1.4291	0.975	0
1.4317	0.975	0
1.4343	0.975	0
1.4369	0.975	0
1.4395	0.975	0
1.4421	0.975	0
1.4447	0.975	0
1.4473	0.975	0
1.4499	0.975	0
1.4525	0.975	0
1.4551	0.975	0
1.4577	0.975	0
1.4603	0.975	0
1.4629	0.975	0
1.4655	0.975	0
1.4681	0.975	0
1.4707	0.975	0
1.4733	0.975	0
1.4759	0.975	0
1.4785	0.975	0
1.4811	0.975	0
1.4837	0.975	0
1.4863	0.975	0
1.4889	0.975	0
1.4915	0.975	0
1.4941	0.975	0
1.4967	0.975	0
1.4993	0.975	0
1.5019	0.975	0
1.5045	0.975	0
1.5071	0.975	0
1.5097	0.975	0
1.5123	0.975	0
1.5149	0.975	0
1.5175	0.975	0
1.5201	0.975	0
1.5227	0.975	0
1.5253	0.975	0
1.5279	0.975	0
1.5305	0.975	0
1.5331	0.975	0
1.5357	0.975	0
1.5383	0.975	0
1.5409	0.975	0
1.5435	0.975	0
1.5461	0.975	0
1.5487	0.975	0
