-96.0671	-2553.84	2.29576
-95.5797	-2542.66	2.02358
-94.9006	-2535.66	1.82943
-94.2898	-2527.66	1.8789
-93.6872	-2519.66	1.88953
-93.0743	-2511.66	1.89903
-92.4232	-2503.66	1.93212
-91.7962	-2495.11	1.98578
-91.1924	-2486.47	1.97234
-90.5968	-2478.13	1.99299
-90.0126	-2469.51	1.98984
-89.3261	-2461.66	2.06013
-88.7257	-2451.66	2.11995
-88.0995	-2442.66	1.98742
-87.4721	-2434.66	2.00677
-86.8912	-2425.66	2.06259
-86.2637	-2416.66	2.07902
-85.6198	-2407.66	2.09159
-84.9759	-2398.66	2.12852
-84.3563	-2389.66	2.10491
-83.7385	-2380.66	2.09288
-83.1203	-2371.66	2.02981
-82.4592	-2363.66	2.04258
-81.8404	-2354.66	2.17344
-81.2407	-2344.66	2.15669
-80.5883	-2335.66	2.06681
-79.936	-2326.66	2.10052
-79.3716	-2317.16	2.11296
-78.8216	-2307.66	2.07527
-78.2112	-2298.66	2.06172
-77.5742	-2289.66	2.18328
-76.9776	-2279.66	2.22588
-76.2855	-2271.34	2.2131
-75.6414	-2261.66	2.25811
-74.9723	-2252.66	2.21751
-74.3531	-2243.66	2.20978
-73.7386	-2234.66	2.23899
-73.1557	-2224.66	2.2166
-72.5155	-2215.66	2.13279
-71.8753	-2206.66	2.15167
-71.2799	-2197.16	2.22852
-70.7405	-2186.66	2.19595
-70.1299	-2177.66	2.18849
-69.5513	-2167.66	2.28897
-68.9727	-2157.66	2.40154
-68.4008	-2146.66	2.41279
-67.7685	-2137.16	2.4123
-67.1618	-2126.66	2.47477
-66.5057	-2117.06	2.55624
-65.8987	-2106.07	2.71299
-65.2699	-2094.66	2.79096
-64.6637	-2082.14	2.72862
-64.009	-2071.22	2.61191
-63.4639	-2059.66	2.50916
-62.8576	-2049.66	2.39362
-62.2233	-2039.43	2.48884
-61.6039	-2028.16	2.58238
-60.9753	-2017.17	2.59173
-60.334	-2006.66	2.59758
-59.7099	-1995.66	2.66422
-59.1208	-1983.66	2.64705
-58.4998	-1972.64	2.46144
-57.8429	-1962.66	2.37242
-57.2272	-1952.04	2.44048
-56.6439	-1940.93	2.47919
-56.0724	-1929.41	2.48561
-55.4625	-1918.42	2.49986
-54.8499	-1907.51	2.53981
-54.2046	-1896.66	2.60969
-53.5446	-1885.66	2.63485
-52.8845	-1874.66	2.54459
-52.1715	-1865.66	2.5605
-51.5361	-1854.48	2.66623
-50.9212	-1842.66	2.585
-50.2945	-1832.16	2.63659
-49.7498	-1819.66	2.63743
-49.1398	-1808.66	2.56715
-48.5289	-1797.16	2.69536
-47.9517	-1784.66	2.82865
-47.3492	-1772.16	2.84845
-46.7278	-1760.16	2.98042
-46.148	-1746.66	3.0988
-45.5587	-1733.16	3.09156
-44.9544	-1720.16	3.03553
-44.317	-1707.66	2.96247
-43.6771	-1695.16	2.99618
-43.0534	-1682.16	2.93881
-42.4111	-1670.16	2.92566
-41.7837	-1657.66	2.99174
-41.1778	-1644.16	3.00272
-40.548	-1631.17	2.95767
-39.9186	-1618.16	2.95404
-39.2843	-1605.16	3.0044
-38.6628	-1591.66	3.01522
-38.0275	-1578.66	3.02844
-37.41	-1565.16	3.09744
-36.7782	-1552.16	3.15081
-36.1329	-1539.16	3.18833
-35.4926	-1525.16	3.16014
-34.8266	-1512.16	3.22211
-34.2426	-1497.16	3.22961
-33.6247	-1484.16	3.18488
-33.063	-1469.16	3.24721
-32.4723	-1454.66	3.33317
-31.9097	-1439.16	3.2677
-31.2297	-1426.66	3.48022
-30.6618	-1409.16	3.79909
-30.0286	-1394.16	3.78363
-29.3693	-1378.66	3.77373
-28.7099	-1363.16	3.55275
-28.0392	-1348.54	3.52212
-27.4764	-1332.66	3.64013
-26.9169	-1316.66	3.86178
-26.3283	-1297.66	3.95919
-25.6775	-1280.66	3.77694
-25.0068	-1264.66	3.87609
-24.4138	-1246.66	3.89654
-23.7697	-1230.92	3.95506
-23.1452	-1213.26	3.85587
-22.458	-1197.16	3.80087
-21.7688	-1181.16	3.88891
-21.1159	-1164.16	4.00883
-20.536	-1145.66	4.20297
-19.9789	-1126.16	4.14729
-19.3127	-1109.05	4.32826
-18.7357	-1087.16	4.59885
-18.1016	-1068.16	4.51447
-17.4792	-1048.39	4.58413
-16.8658	-1028.15	4.7208
-16.2399	-1006.65	4.68398
-15.5629	-987.162	4.74652
-14.9132	-966.032	4.88898
-14.2618	-944.502	5.01154
-13.6109	-922.782	5.0365
-12.9664	-900.662	5.337
-12.3858	-875.162	5.58548
-11.7731	-851.662	5.46634
-11.1578	-827.662	5.68729
-10.5357	-803.162	6.16944
-9.95221	-776.162	6.41641
-9.32277	-748.162	6.82741
-8.70476	-718.692	7.06254
-8.08463	-689.292	7.28826
-7.46967	-659.162	7.66308
-6.92003	-623.922	8.03606
-6.30295	-589.662	8.48684
-5.70282	-552.702	9.90512
-5.11147	-511.662	11.1119
-4.48926	-465.662	13.0287
-3.91173	-414.222	16.2932
-3.42594	-358.322	27.2011
-3.00874	-296.542	51.9846
-2.72796	-220.302	43.3419
-2.22038	-135.892	42.871
-0.643661	-29.1517	33.1205
0.484863	190.608	59.6058
1.07351	294.338	31.482
1.55255	389.838	22.6994
2.21197	448.418	14.2752
2.89289	496.408	10.9151
3.51271	537.338	9.88603
4.13652	577.838	8.9452
4.76866	616.158	9.03106
5.36537	657.338	7.97799
6.0275	691.838	7.34908
6.65881	725.838	6.65724
7.34706	754.338	5.74854
8.05719	780.838	5.61666
8.71653	808.338	5.37456
9.41744	831.838	5.19837
10.1374	853.838	4.9102
10.8468	873.838	4.65622
11.5056	894.338	4.94795
12.1311	916.838	4.95877
12.7137	940.838	4.85675
13.332	962.338	4.64176
13.9761	982.338	4.64135
14.5904	1003.34	4.58287
15.2323	1022.84	4.51097
15.8787	1042.84	4.67753
16.5159	1064.84	4.58155
17.2025	1083.84	4.32887
17.8739	1102.34	4.16354
18.4888	1121.34	4.05545
19.1037	1140.34	3.95335
19.7299	1159.84	3.89991
20.3825	1178.34	3.7779
21.0632	1195.34	3.87015
21.7795	1212.84	3.77055
22.5455	1227.84	3.78378
23.2803	1244.84	3.85026
24.0149	1261.85	4.04152
24.6402	1281.06	4.04203
25.27	1299.84	3.96905
25.9075	1317.84	3.90774
26.5363	1335.1	3.88421
27.1548	1352.84	3.88035
27.7567	1370.32	3.82374
28.3658	1386.84	3.68659
28.975	1403.34	3.50013
29.5911	1419.34	3.39651
30.2312	1434.34	3.21783
30.908	1447.84	3.15359
31.5508	1462.84	3.2033
32.2052	1477.35	3.14025
32.8784	1490.84	3.03719
33.5666	1503.33	3.14384
34.2294	1516.84	3.12691
34.914	1529.34	3.10623
35.5894	1541.84	3.07321
36.2648	1554.34	3.1115
36.8927	1567.84	3.15501
37.4375	1581.84	3.08526
38.0149	1594.84	3.12515
38.576	1608.85	3.27131
39.1069	1623.84	3.28168
39.6625	1637.84	3.2905
40.1999	1652.34	3.09161
40.8281	1663.84	2.94391
41.4175	1676.34	3.10077
41.959	1690.34	3.03541
42.562	1702.84	2.91254
43.1809	1714.84	2.94627
43.8162	1727.34	2.95188
44.4783	1739.84	2.90717
45.154	1751.84	2.92173
45.7787	1764.84	2.84528
46.4302	1776.34	2.70796
47.0666	1788.34	2.65144
47.7319	1798.85	2.65753
48.3122	1811.86	2.6365
48.9741	1822.34	2.55374
49.5877	1834.32	2.5906
50.2322	1845.34	2.55384
50.8542	1856.84	2.5059
51.4982	1867.34	2.47924
52.1254	1878.34	2.56624
52.7087	1890.34	2.60075
53.3052	1901.84	2.43967
53.9733	1911.34	2.443
54.5899	1922.84	2.5908
55.2066	1934.34	2.58687
