#x	y	misses

-87.1493	-2441.59	0
-86.5978	-2431.96	0
-86.0057	-2423.18	0
-85.3654	-2414.09	0
-84.7413	-2404.59	0
-84.1045	-2395.59	0
-83.4867	-2386.59	0
-82.8264	-2378.59	0
-82.2292	-2369.09	0
-81.6104	-2360.09	0
-80.9704	-2351.59	0
-80.3207	-2342.59	0
-79.6683	-2333.59	0
-79.0196	-2324.59	0
-78.4223	-2316.09	0
-77.7302	-2309.59	0
-77.1333	-2300.59	0
-76.5367	-2290.59	0
-75.9401	-2280.59	0
-75.3131	-2270.59	0
-74.644	-2261.59	0
-73.9749	-2252.59	0
-73.399	-2242.59	0
-72.8273	-2232.59	0
-72.2385	-2222.59	0
-71.6167	-2213.13	0
-71.0637	-2202.09	0
-70.5023	-2192.09	0
-69.919	-2182.59	0
-69.3014	-2173.59	0
-68.7228	-2163.59	0
-68.1712	-2152.59	0
-67.539	-2143.09	0
-66.9262	-2133.09	0
-66.2717	-2123.59	0
-65.6654	-2112.59	0
-64.9546	-2104.51	0
-64.3193	-2093.09	0
-63.6809	-2081.59	0
-62.9954	-2071.59	0
-62.4273	-2060.59	0
-61.821	-2050.59	0
-61.1993	-2040.14	0
-60.5725	-2029.09	0
-59.9103	-2019.09	0
-59.2509	-2009.09	0
-58.6098	-1998.59	0
-57.9857	-1987.59	0
-57.3295	-1977.59	0
-56.7078	-1966.59	0
-56.1127	-1955.09	0
-55.4691	-1945.59	0
-54.9382	-1933.09	0
-54.4031	-1920.09	0
-53.8115	-1908.59	0
-53.1914	-1897.09	0
-52.5313	-1886.09	0
-51.8867	-1874.59	0
-51.2064	-1864.59	0
-50.6301	-1851.59	0
-50.0056	-1840.09	0
-49.3516	-1830.59	0
-48.7524	-1819.59	0
-48.1083	-1809.59	0
-47.4805	-1798.59	0
-46.9033	-1786.09	0
-46.2568	-1775.09	0
-45.6352	-1763.09	0
-45.0132	-1751.09	0
-44.4088	-1738.09	0
-43.8044	-1725.09	0
-43.1317	-1714.09	0
-42.4775	-1702.09	0
-41.7944	-1691.09	0
-41.1449	-1679.09	0
-40.5026	-1667.09	0
-39.8603	-1655.09	0
-39.236	-1642.12	0
-38.5787	-1630.09	0
-37.9491	-1617.09	0
-37.3284	-1603.59	0
-36.7068	-1590.09	0
-36.1287	-1575.09	0
-35.5111	-1561.59	0
-34.9771	-1545.14	0
-34.2889	-1533.09	0
-33.6355	-1519.6	0
-32.9803	-1506.18	0
-32.421	-1491.09	0
-31.8472	-1476.59	0
-31.2484	-1462.59	0
-30.6577	-1448.09	0
-30.0709	-1433.09	0
-29.429	-1418.59	0
-28.787	-1404.09	0
-28.1398	-1389.1	0
-27.4917	-1373.09	0
-26.822	-1358.06	0
-26.2168	-1342.09	0
-25.6298	-1327.09	0
-25.0216	-1312.59	0
-24.3811	-1295.09	0
-23.7509	-1277.09	0
-23.0536	-1262.59	0
-22.4267	-1246.09	0
-21.8337	-1228.09	0
-21.2068	-1210.09	0
-20.5371	-1193.09	0
-19.8965	-1174.59	0
-19.2878	-1156.59	0
-18.708	-1138.09	0
-18.08	-1121.09	0
-17.4484	-1102.03	0
-16.8084	-1083.4	0
-16.1889	-1063.59	0
-15.5327	-1045.59	0
-14.886	-1027.09	0
-14.2409	-1006.59	0
-13.589	-985.591	0
-12.9205	-965.591	0
-12.2845	-943.091	0
-11.662	-919.601	0
-11.0511	-895.471	0
-10.4331	-872.291	0
-9.87315	-845.591	0
-9.30545	-818.091	0
-8.72964	-790.591	0
-8.16815	-760.091	0
-7.61805	-725.381	0
-6.95233	-699.591	0
-6.30406	-672.121	0
-5.71978	-639.591	0
-5.13364	-605.311	0
-4.55255	-566.591	0
-3.94052	-530.731	0
-3.30094	-488.591	0
-2.71594	-438.061	0
-2.17785	-384.621	0
-1.72527	-326.591	0
-1.44552	-250.241	0
-0.235209	-132.151	0
0.54494	175.459	0
1.22579	255.939	0
1.93185	324.599	0
2.59981	381.709	0
3.29109	434.809	0
3.98576	486.409	0
4.56732	531.459	0
5.21017	569.909	0
5.83545	609.339	0
6.4822	645.409	0
7.103	684.129	0
7.73723	718.669	0
8.3791	751.409	0
9.07282	779.409	0
9.74516	806.089	0
10.4299	830.859	0
11.0897	857.589	0
11.7458	879.909	0
12.4046	900.409	0
13.0384	922.409	0
13.5978	947.369	0
14.2217	968.549	0
14.808	991.489	0
15.4549	1010.72	0
16.0688	1031.74	0
16.7044	1053.41	0
17.3602	1074.28	0
18.0275	1094.45	0
18.6495	1113.41	0
19.203	1135.44	0
19.8507	1153.41	0
20.4938	1172.41	0
21.1464	1190.91	0
21.8096	1210.91	0
22.5533	1227.34	0
23.2714	1245.41	0
23.9879	1263.42	0
24.6477	1280.68	0
25.2913	1298.76	0
25.9085	1317.79	0
26.4759	1337.91	0
27.0995	1355.41	0
27.6954	1372.91	0
28.305	1389.41	0
28.9613	1403.91	0
29.5491	1421.09	0
30.1763	1436.63	0
30.7851	1453	0
31.442	1467.41	0
32.0847	1482.41	0
32.7642	1495.41	0
33.4024	1509.91	0
34.0403	1524.41	0
34.7045	1537.41	0
35.4317	1547.91	0
36.0949	1560.88	0
36.7671	1571.7	0
37.3002	1586.06	0
37.8713	1599.41	0
38.4787	1611.96	0
39.0413	1625.93	0
39.6749	1637.45	0
40.3412	1647.91	0
40.9285	1660.78	0
41.5137	1673.41	0
42.0621	1687.16	0
42.6214	1700.97	0
43.1946	1714.41	0
43.8549	1725.9	0
44.5191	1738.33	0
45.1791	1750.91	0
45.8253	1763.3	0
46.4257	1776.49	0
47.0359	1789.35	0
47.6348	1801.86	0
48.2461	1813.91	0
48.8542	1826.06	0
49.4433	1838.79	0
50.0204	1851.9	0
50.6323	1863.38	0
51.2417	1874.9	0
51.835	1886.74	0
52.4255	1898.41	0
53.0141	1910.13	0
53.6376	1921.41	0
54.2709	1932.41	0
54.8992	1943.41	0
55.4957	1954.91	0
56.1398	1965.05	0
56.7577	1976.91	0
57.3578	1989.91	0
57.9847	2001.99	0
58.5876	2013.91	0
59.1877	2025.91	0
59.8209	2036.91	0
60.4376	2048.41	0
61.0901	2058.83	0
61.7468	2069.76	0
62.3988	2081.08	0
63.0212	2093.35	0
63.6493	2104.91	0
64.2641	2116.85	0
64.8704	2128.66	0
65.5084	2138.8	0
66.1118	2149.91	0
66.6968	2160.77	0
67.3187	2170.41	0
67.9169	2180.82	0
68.5683	2190.41	0
69.2019	2200.48	0
69.8727	2209.41	0
70.5222	2218.7	0
71.1935	2227.41	0
71.8341	2236.77	0
72.4938	2245.44	0
73.1303	2254.71	0
73.7696	2263.45	0
74.3884	2272.41	0
74.9392	2283	0
75.5252	2292.93	0
76.1586	2301.73	0
76.7109	2311.9	0
77.2785	2321.41	0
77.8419	2331.41	0
78.4338	2341.41	0
79.0664	2350.41	0
79.7252	2358.63	0
80.3327	2368.05	0
80.9393	2377.65	0
81.6086	2386.41	0
82.2622	2395.59	0
82.8981	2405.03	0
83.53	2414.05	0
84.1193	2424.11	0
