#n_l	N_0	probability

1.4077	0.00875	0
1.40871	0.00875	3.49447e-39
1.40972	0.00875	4.04742e-18
1.41073	0.00875	7.15841e-09
1.41174	0.00875	6.36473e-07
1.41274	0.00875	2.41144e-05
1.41375	0.00875	0.000397012
1.41476	0.00875	0.0038844
1.41577	0.00875	0.0254988
1.41678	0.00875	0.121981
1.41778	0.00875	0.477278
1.41879	0.00875	1.61774
1.4198	0.00875	4.76008
1.42081	0.00875	12.4616
1.42182	0.00875	30.4859
1.42282	0.00875	71.1426
1.42383	0.00875	151.752
1.42484	0.00875	295.253
1.42585	0.00875	523.655
1.42686	0.00875	842.576
1.42786	0.00875	1268.83
1.42887	0.00875	1735.27
1.42988	0.00875	2205.82
1.43089	0.00875	2594.51
1.4319	0.00875	2824.93
1.4329	0.00875	2844.42
1.43391	0.00875	2681.47
1.43492	0.00875	2331.2
1.43593	0.00875	1877.41
1.43694	0.00875	1410.01
1.43794	0.00875	988.087
1.43895	0.00875	645.005
1.43996	0.00875	390.055
1.44097	0.00875	219.758
1.44198	0.00875	114.394
1.44298	0.00875	54.6456
1.44399	0.00875	23.9188
1.445	0.00875	9.55622
1.44601	0.00875	3.45016
1.44702	0.00875	1.12492
1.44802	0.00875	0.331331
1.44903	0.00875	0.0893442
1.45004	0.00875	0.0198701
1.45105	0.00875	0.00356729
1.45206	0.00875	0.000431753
1.45306	0.00875	3.53546e-05
1.45407	0.00875	2.2592e-06
1.45508	0.00875	4.75133e-08
1.45609	0.00875	9.78483e-13
1.4571	0.00875	2.85499e-25
1.4077	0.02625	0
1.40871	0.02625	7.84224e-35
1.40972	0.02625	1.3621e-15
1.41073	0.02625	2.80601e-08
1.41174	0.02625	1.14098e-06
1.41274	0.02625	3.48411e-05
1.41375	0.02625	0.00051999
1.41476	0.02625	0.00477319
1.41577	0.02625	0.0290052
1.41678	0.02625	0.131037
1.41778	0.02625	0.487036
1.41879	0.02625	1.60758
1.4198	0.02625	4.57183
1.42081	0.02625	11.8624
1.42182	0.02625	28.7924
1.42282	0.02625	65.069
1.42383	0.02625	137.43
1.42484	0.02625	258.433
1.42585	0.02625	447.069
1.42686	0.02625	703.262
1.42786	0.02625	1037.7
1.42887	0.02625	1381.29
1.42988	0.02625	1720.68
1.43089	0.02625	1971.79
1.4319	0.02625	2096.65
1.4329	0.02625	2064.66
1.43391	0.02625	1925.45
1.43492	0.02625	1620.39
1.43593	0.02625	1284.07
1.43694	0.02625	934.413
1.43794	0.02625	648.425
1.43895	0.02625	416.475
1.43996	0.02625	246.743
1.44097	0.02625	132.787
1.44198	0.02625	68.158
1.44298	0.02625	31.8643
1.44399	0.02625	13.3823
1.445	0.02625	5.21721
1.44601	0.02625	1.8281
1.44702	0.02625	0.583762
1.44802	0.02625	0.165611
1.44903	0.02625	0.0419155
1.45004	0.02625	0.00893425
1.45105	0.02625	0.00146265
1.45206	0.02625	0.000168797
1.45306	0.02625	1.19147e-05
1.45407	0.02625	6.98224e-07
1.45508	0.02625	1.17954e-08
1.45609	0.02625	5.2568e-15
1.4571	0.02625	1.50028e-29
1.4077	0.04375	1.65872e-63
1.40871	0.04375	5.07802e-30
1.40972	0.04375	1.05811e-13
1.41073	0.04375	2.82725e-08
1.41174	0.04375	1.02016e-06
1.41274	0.04375	2.46755e-05
1.41375	0.04375	0.000329916
1.41476	0.04375	0.0027975
1.41577	0.04375	0.0161747
1.41678	0.04375	0.0699142
1.41778	0.04375	0.255259
1.41879	0.04375	0.811609
1.4198	0.04375	2.28058
1.42081	0.04375	5.8087
1.42182	0.04375	13.9451
1.42282	0.04375	31.1887
1.42383	0.04375	63.9034
1.42484	0.04375	119.241
1.42585	0.04375	203.001
1.42686	0.04375	314.587
1.42786	0.04375	454.581
1.42887	0.04375	601.864
1.42988	0.04375	740.941
1.43089	0.04375	838.579
1.4319	0.04375	877.344
1.4329	0.04375	855.638
1.43391	0.04375	779.017
1.43492	0.04375	655.039
1.43593	0.04375	506.476
1.43694	0.04375	373.408
1.43794	0.04375	251.316
1.43895	0.04375	157.629
1.43996	0.04375	92.3432
1.44097	0.04375	50.2835
1.44198	0.04375	25.0868
1.44298	0.04375	11.5349
1.44399	0.04375	4.85705
1.445	0.04375	1.85297
1.44601	0.04375	0.634233
1.44702	0.04375	0.196709
1.44802	0.04375	0.0554841
1.44903	0.04375	0.0139404
1.45004	0.04375	0.00274856
1.45105	0.04375	0.000428484
1.45206	0.04375	4.62635e-05
1.45306	0.04375	3.11479e-06
1.45407	0.04375	1.68015e-07
1.45508	0.04375	1.12225e-09
1.45609	0.04375	7.65036e-18
1.4571	0.04375	1.45697e-34
1.4077	0.06125	2.92883e-56
1.40871	0.06125	9.18154e-27
1.40972	0.06125	1.44986e-12
1.41073	0.06125	1.85807e-08
1.41174	0.06125	6.27673e-07
1.41274	0.06125	1.33898e-05
1.41375	0.06125	0.000165253
1.41476	0.06125	0.00130565
1.41577	0.06125	0.00701289
1.41678	0.06125	0.0294908
1.41778	0.06125	0.104405
1.41879	0.06125	0.328123
1.4198	0.06125	0.895656
1.42081	0.06125	2.24348
1.42182	0.06125	5.29686
1.42282	0.06125	11.6895
1.42383	0.06125	23.3333
1.42484	0.06125	42.8333
1.42585	0.06125	71.1391
1.42686	0.06125	109.513
1.42786	0.06125	153.906
1.42887	0.06125	198.959
1.42988	0.06125	241.827
1.43089	0.06125	265.143
1.4319	0.06125	274.413
1.4329	0.06125	265.679
1.43391	0.06125	233.842
1.43492	0.06125	194.94
1.43593	0.06125	148.589
1.43694	0.06125	105.623
1.43794	0.06125	70.4226
1.43895	0.06125	43.535
1.43996	0.06125	24.8053
1.44097	0.06125	13.2161
1.44198	0.06125	6.36642
1.44298	0.06125	2.86552
1.44399	0.06125	1.17408
1.445	0.06125	0.435925
1.44601	0.06125	0.144708
1.44702	0.06125	0.0442826
1.44802	0.06125	0.0120938
1.44903	0.06125	0.00286243
1.45004	0.06125	0.000546066
1.45105	0.06125	7.45203e-05
1.45206	0.06125	7.17709e-06
1.45306	0.06125	4.6018e-07
1.45407	0.06125	1.45923e-08
1.45508	0.06125	1.81672e-11
1.45609	0.06125	4.65829e-21
1.4571	0.06125	1.21445e-39
1.4077	0.07875	3.33641e-50
1.40871	0.07875	5.43566e-24
1.40972	0.07875	7.24208e-12
1.41073	0.07875	7.08096e-09
1.41174	0.07875	2.97897e-07
1.41274	0.07875	5.60013e-06
1.41375	0.07875	6.41328e-05
1.41476	0.07875	0.000462513
1.41577	0.07875	0.00235835
1.41678	0.07875	0.00935691
1.41778	0.07875	0.0325397
1.41879	0.07875	0.0969188
1.4198	0.07875	0.262467
1.42081	0.07875	0.650619
1.42182	0.07875	1.50154
1.42282	0.07875	3.26683
1.42383	0.07875	6.37954
1.42484	0.07875	11.5021
1.42585	0.07875	18.7508
1.42686	0.07875	28.1801
1.42786	0.07875	39.0744
1.42887	0.07875	49.8728
1.42988	0.07875	58.9046
1.43089	0.07875	64.2699
1.4319	0.07875	65.5197
1.4329	0.07875	61.8555
1.43391	0.07875	54.2884
1.43492	0.07875	43.9637
1.43593	0.07875	33.1053
1.43694	0.07875	23.461
1.43794	0.07875	15.2255
1.43895	0.07875	9.29301
1.43996	0.07875	5.23797
1.44097	0.07875	2.73515
1.44198	0.07875	1.30119
1.44298	0.07875	0.573371
1.44399	0.07875	0.229388
1.445	0.07875	0.0833894
1.44601	0.07875	0.0275806
1.44702	0.07875	0.00818162
1.44802	0.07875	0.00216003
1.44903	0.07875	0.00049188
1.45004	0.07875	8.80246e-05
1.45105	0.07875	1.15336e-05
1.45206	0.07875	1.05921e-06
1.45306	0.07875	6.2073e-08
1.45407	0.07875	1.82419e-09
1.45508	0.07875	2.10696e-13
1.45609	0.07875	3.32495e-25
1.4571	0.07875	2.14952e-45
1.4077	0.09625	7.01645e-46
1.40871	0.09625	3.44044e-21
1.40972	0.09625	2.58673e-11
1.41073	0.09625	2.56624e-09
1.41174	0.09625	1.03769e-07
1.41274	0.09625	1.68874e-06
1.41375	0.09625	1.74979e-05
1.41476	0.09625	0.000116054
1.41577	0.09625	0.000556014
1.41678	0.09625	0.00217983
1.41778	0.09625	0.00733846
1.41879	0.09625	0.0214056
1.4198	0.09625	0.05645
1.42081	0.09625	0.138579
1.42182	0.09625	0.31743
1.42282	0.09625	0.671214
1.42383	0.09625	1.29779
1.42484	0.09625	2.27534
1.42585	0.09625	3.65369
1.42686	0.09625	5.42945
1.42786	0.09625	7.37813
1.42887	0.09625	9.26248
1.42988	0.09625	10.752
1.43089	0.09625	11.5905
1.4319	0.09625	11.5429
1.4329	0.09625	10.7373
1.43391	0.09625	9.13825
1.43492	0.09625	7.35408
1.43593	0.09625	5.46207
1.43694	0.09625	3.7776
1.43794	0.09625	2.39235
1.43895	0.09625	1.42926
1.43996	0.09625	0.785471
1.44097	0.09625	0.402076
1.44198	0.09625	0.190139
1.44298	0.09625	0.081849
1.44399	0.09625	0.0319101
1.445	0.09625	0.0113336
1.44601	0.09625	0.00359646
1.44702	0.09625	0.0010481
1.44802	0.09625	0.000268339
1.44903	0.09625	5.77388e-05
1.45004	0.09625	9.61235e-06
1.45105	0.09625	1.14149e-06
1.45206	0.09625	8.91154e-08
1.45306	0.09625	5.18979e-09
1.45407	0.09625	7.81997e-11
1.45508	0.09625	4.98165e-16
1.45609	0.09625	2.22822e-29
1.4571	0.09625	1.7563e-52
1.4077	0.11375	2.90857e-40
1.40871	0.11375	1.54153e-19
1.40972	0.11375	1.36346e-11
1.41073	0.11375	8.01146e-10
1.41174	0.11375	2.76281e-08
1.41274	0.11375	4.18952e-07
1.41375	0.11375	3.82153e-06
1.41476	0.11375	2.36818e-05
1.41577	0.11375	0.000108922
1.41678	0.11375	0.000407398
1.41778	0.11375	0.00132649
1.41879	0.11375	0.00375737
1.4198	0.11375	0.00964535
1.42081	0.11375	0.02357
1.42182	0.11375	0.0528522
1.42282	0.11375	0.109989
1.42383	0.11375	0.206934
1.42484	0.11375	0.352872
1.42585	0.11375	0.559809
1.42686	0.11375	0.81146
1.42786	0.11375	1.08034
1.42887	0.11375	1.33757
1.42988	0.11375	1.50299
1.43089	0.11375	1.5971
1.4319	0.11375	1.56533
1.4329	0.11375	1.43571
1.43391	0.11375	1.19925
1.43492	0.11375	0.945059
1.43593	0.11375	0.686458
1.43694	0.11375	0.464659
1.43794	0.11375	0.294516
1.43895	0.11375	0.172135
1.43996	0.11375	0.0934719
1.44097	0.11375	0.0464754
1.44198	0.11375	0.0214454
1.44298	0.11375	0.00894511
1.44399	0.11375	0.00339951
1.445	0.11375	0.00118603
1.44601	0.11375	0.000366453
1.44702	0.11375	0.000103544
1.44802	0.11375	2.60712e-05
1.44903	0.11375	5.31502e-06
1.45004	0.11375	8.34756e-07
1.45105	0.11375	9.1204e-08
1.45206	0.11375	6.33965e-09
1.45306	0.11375	3.93885e-10
1.45407	0.11375	5.12346e-12
1.45508	0.11375	3.54071e-19
1.45609	0.11375	1.77209e-34
1.4571	0.11375	8.2384e-60
1.4077	0.13125	2.80027e-36
1.40871	0.13125	3.76031e-18
1.40972	0.13125	5.3489e-12
1.41073	0.13125	2.02194e-10
1.41174	0.13125	5.16014e-09
1.41274	0.13125	6.86039e-08
1.41375	0.13125	5.72643e-07
1.41476	0.13125	3.28108e-06
1.41577	0.13125	1.43279e-05
1.41678	0.13125	5.21562e-05
1.41778	0.13125	0.000164462
1.41879	0.13125	0.000453923
1.4198	0.13125	0.00116997
1.42081	0.13125	0.00275673
1.42182	0.13125	0.00614757
1.42282	0.13125	0.0123701
1.42383	0.13125	0.0229003
1.42484	0.13125	0.0385675
1.42585	0.13125	0.0595656
1.42686	0.13125	0.085144
1.42786	0.13125	0.111507
1.42887	0.13125	0.134305
1.42988	0.13125	0.150805
1.43089	0.13125	0.155666
1.4319	0.13125	0.150319
1.4329	0.13125	0.134691
1.43391	0.13125	0.111337
1.43492	0.13125	0.0867972
1.43593	0.13125	0.0616269
1.43694	0.13125	0.0411877
1.43794	0.13125	0.0252189
1.43895	0.13125	0.0146834
1.43996	0.13125	0.00781251
1.44097	0.13125	0.00386233
1.44198	0.13125	0.0017233
1.44298	0.13125	0.0007129
1.44399	0.13125	0.00026656
1.445	0.13125	9.04775e-05
1.44601	0.13125	2.73843e-05
1.44702	0.13125	7.6935e-06
1.44802	0.13125	1.8286e-06
1.44903	0.13125	3.5958e-07
1.45004	0.13125	5.26511e-08
1.45105	0.13125	5.35609e-09
1.45206	0.13125	3.67334e-10
1.45306	0.13125	1.45601e-11
1.45407	0.13125	5.08694e-14
1.45508	0.13125	5.91979e-23
1.45609	0.13125	2.21539e-40
1.4571	0.13125	9.02609e-68
1.4077	0.14875	2.97565e-33
1.40871	0.14875	3.20255e-17
1.40972	0.14875	8.15366e-13
1.41073	0.14875	3.17921e-11
1.41174	0.14875	7.08316e-10
1.41274	0.14875	9.19082e-09
1.41375	0.14875	7.22043e-08
1.41476	0.14875	3.96284e-07
1.41577	0.14875	1.66038e-06
1.41678	0.14875	5.86845e-06
1.41778	0.14875	1.79819e-05
1.41879	0.14875	5.00028e-05
1.4198	0.14875	0.000124664
1.42081	0.14875	0.000294515
1.42182	0.14875	0.000636896
1.42282	0.14875	0.00128924
1.42383	0.14875	0.00233265
1.42484	0.14875	0.00384787
1.42585	0.14875	0.00587063
1.42686	0.14875	0.00826904
1.42786	0.14875	0.0106442
1.42887	0.14875	0.0127139
1.42988	0.14875	0.0140509
1.43089	0.14875	0.0142784
1.4319	0.14875	0.0135956
1.4329	0.14875	0.0119839
1.43391	0.14875	0.00974105
1.43492	0.14875	0.00737194
1.43593	0.14875	0.00521179
1.43694	0.14875	0.00343328
1.43794	0.14875	0.00210034
1.43895	0.14875	0.0011911
1.43996	0.14875	0.000621657
1.44097	0.14875	0.000296609
1.44198	0.14875	0.000132338
1.44298	0.14875	5.29616e-05
1.44399	0.14875	1.94879e-05
1.445	0.14875	6.467e-06
1.44601	0.14875	1.91367e-06
1.44702	0.14875	5.10356e-07
1.44802	0.14875	1.19122e-07
1.44903	0.14875	2.13252e-08
1.45004	0.14875	2.90302e-09
1.45105	0.14875	2.81648e-10
1.45206	0.14875	1.69226e-11
1.45306	0.14875	4.72393e-13
1.45407	0.14875	1.70938e-16
1.45508	0.14875	5.18952e-27
1.45609	0.14875	4.57113e-46
1.4571	0.14875	4.67964e-77
1.4077	0.16625	3.24513e-30
1.40871	0.16625	5.51833e-17
1.40972	0.16625	7.14752e-14
1.41073	0.16625	3.22294e-12
1.41174	0.16625	6.27466e-11
1.41274	0.16625	7.01252e-10
1.41375	0.16625	5.10828e-09
1.41476	0.16625	2.56894e-08
1.41577	0.16625	1.02707e-07
1.41678	0.16625	3.53415e-07
1.41778	0.16625	1.06512e-06
1.41879	0.16625	2.82698e-06
1.4198	0.16625	6.91663e-06
1.42081	0.16625	1.614e-05
1.42182	0.16625	3.40267e-05
1.42282	0.16625	6.62342e-05
1.42383	0.16625	0.000118565
1.42484	0.16625	0.000191815
1.42585	0.16625	0.000287121
1.42686	0.16625	0.000390487
1.42786	0.16625	0.00049574
1.42887	0.16625	0.000573458
1.42988	0.16625	0.000629668
1.43089	0.16625	0.000630045
1.4319	0.16625	0.000580115
1.4329	0.16625	0.000506494
1.43391	0.16625	0.000403334
1.43492	0.16625	0.000300789
1.43593	0.16625	0.000208308
1.43694	0.16625	0.000135333
1.43794	0.16625	7.94916e-05
1.43895	0.16625	4.43593e-05
1.43996	0.16625	2.28288e-05
1.44097	0.16625	1.08861e-05
1.44198	0.16625	4.64708e-06
1.44298	0.16625	1.84076e-06
1.44399	0.16625	6.56327e-07
1.445	0.16625	2.12694e-07
1.44601	0.16625	6.15676e-08
1.44702	0.16625	1.59737e-08
1.44802	0.16625	3.54603e-09
1.44903	0.16625	6.19446e-10
1.45004	0.16625	7.91303e-11
1.45105	0.16625	6.42009e-12
1.45206	0.16625	3.97126e-13
1.45306	0.16625	9.52164e-15
1.45407	0.16625	2.08695e-19
1.45508	0.16625	1.03111e-31
1.45609	0.16625	5.05797e-53
1.4571	0.16625	7.55312e-84
1.4077	0.18375	4.36219e-28
1.40871	0.18375	2.92446e-17
1.40972	0.18375	7.30607e-15
1.41073	0.18375	2.75425e-13
1.41174	0.18375	5.10984e-12
1.41274	0.18375	5.51646e-11
1.41375	0.18375	3.64107e-10
1.41476	0.18375	1.75619e-09
1.41577	0.18375	6.83316e-09
1.41678	0.18375	2.28769e-08
1.41778	0.18375	6.79416e-08
1.41879	0.18375	1.7488e-07
1.4198	0.18375	4.33982e-07
1.42081	0.18375	9.89272e-07
1.42182	0.18375	2.06002e-06
1.42282	0.18375	3.93552e-06
1.42383	0.18375	6.92947e-06
1.42484	0.18375	1.10038e-05
1.42585	0.18375	1.61617e-05
1.42686	0.18375	2.19503e-05
1.42786	0.18375	2.72033e-05
1.42887	0.18375	3.10583e-05
1.42988	0.18375	3.33311e-05
1.43089	0.18375	3.29888e-05
1.4319	0.18375	3.01957e-05
1.4329	0.18375	2.58674e-05
1.43391	0.18375	2.02372e-05
1.43492	0.18375	1.4925e-05
1.43593	0.18375	1.00607e-05
1.43694	0.18375	6.39206e-06
1.43794	0.18375	3.80438e-06
1.43895	0.18375	2.08425e-06
1.43996	0.18375	1.04642e-06
1.44097	0.18375	4.73561e-07
1.44198	0.18375	2.01358e-07
1.44298	0.18375	7.80874e-08
1.44399	0.18375	2.72567e-08
1.445	0.18375	8.52969e-09
1.44601	0.18375	2.37277e-09
1.44702	0.18375	6.12684e-10
1.44802	0.18375	1.29248e-10
1.44903	0.18375	2.05728e-11
1.45004	0.18375	2.52582e-12
1.45105	0.18375	1.68404e-13
1.45206	0.18375	1.10918e-14
1.45306	0.18375	2.22514e-16
1.45407	0.18375	9.35649e-23
1.45508	0.18375	3.92479e-37
1.45609	0.18375	3.51571e-61
1.4571	0.18375	5.0699e-93
1.4077	0.20125	8.67631e-27
1.40871	0.20125	8.34696e-18
1.40972	0.20125	4.68278e-16
1.41073	0.20125	1.49656e-14
1.41174	0.20125	2.41156e-13
1.41274	0.20125	2.12988e-12
1.41375	0.20125	1.32608e-11
1.41476	0.20125	5.81636e-11
1.41577	0.20125	2.16512e-10
1.41678	0.20125	7.09369e-10
1.41778	0.20125	1.9873e-09
1.41879	0.20125	5.08533e-09
1.4198	0.20125	1.23634e-08
1.42081	0.20125	2.74186e-08
1.42182	0.20125	5.57058e-08
1.42282	0.20125	1.02818e-07
1.42383	0.20125	1.75036e-07
1.42484	0.20125	2.7442e-07
1.42585	0.20125	3.95484e-07
1.42686	0.20125	5.14868e-07
1.42786	0.20125	6.25353e-07
1.42887	0.20125	7.08566e-07
1.42988	0.20125	7.36633e-07
1.43089	0.20125	7.14693e-07
1.4319	0.20125	6.42672e-07
1.4329	0.20125	5.35701e-07
1.43391	0.20125	4.14381e-07
1.43492	0.20125	2.98165e-07
1.43593	0.20125	1.96897e-07
1.43694	0.20125	1.24356e-07
1.43794	0.20125	7.03031e-08
1.43895	0.20125	3.76414e-08
1.43996	0.20125	1.8716e-08
1.44097	0.20125	8.51226e-09
1.44198	0.20125	3.51776e-09
1.44298	0.20125	1.30665e-09
1.44399	0.20125	4.4451e-10
1.445	0.20125	1.37735e-10
1.44601	0.20125	3.82565e-11
1.44702	0.20125	9.33415e-12
1.44802	0.20125	1.85906e-12
1.44903	0.20125	2.80801e-13
1.45004	0.20125	2.98817e-14
1.45105	0.20125	2.05042e-15
1.45206	0.20125	1.1095e-16
1.45306	0.20125	9.56336e-19
1.45407	0.20125	9.09421e-27
1.45508	0.20125	1.18801e-42
1.45609	0.20125	1.13708e-68
1.4571	0.20125	4.26431e-112
1.4077	0.21875	1.11445e-25
1.40871	0.21875	5.18197e-19
1.40972	0.21875	2.64412e-17
1.41073	0.21875	7.34671e-16
1.41174	0.21875	1.09311e-14
1.41274	0.21875	9.35089e-14
1.41375	0.21875	5.43999e-13
1.41476	0.21875	2.37403e-12
1.41577	0.21875	8.77129e-12
1.41678	0.21875	2.80859e-11
1.41778	0.21875	7.84821e-11
1.41879	0.21875	1.95293e-10
1.4198	0.21875	4.66105e-10
1.42081	0.21875	1.02307e-09
1.42182	0.21875	2.08797e-09
1.42282	0.21875	3.85259e-09
1.42383	0.21875	6.39614e-09
1.42484	0.21875	9.8583e-09
1.42585	0.21875	1.40135e-08
1.42686	0.21875	1.8258e-08
1.42786	0.21875	2.17417e-08
1.42887	0.21875	2.41966e-08
1.42988	0.21875	2.48076e-08
1.43089	0.21875	2.36925e-08
1.4319	0.21875	2.07823e-08
1.4329	0.21875	1.72603e-08
1.43391	0.21875	1.31291e-08
1.43492	0.21875	9.21103e-09
1.43593	0.21875	6.03923e-09
1.43694	0.21875	3.66512e-09
1.43794	0.21875	2.10592e-09
1.43895	0.21875	1.1086e-09
1.43996	0.21875	5.34473e-10
1.44097	0.21875	2.34157e-10
1.44198	0.21875	9.46076e-11
1.44298	0.21875	3.4815e-11
1.44399	0.21875	1.14574e-11
1.445	0.21875	3.41306e-12
1.44601	0.21875	9.02161e-13
1.44702	0.21875	2.19612e-13
1.44802	0.21875	3.88677e-14
1.44903	0.21875	5.74799e-15
1.45004	0.21875	5.45807e-16
1.45105	0.21875	3.45243e-17
1.45206	0.21875	1.07044e-18
1.45306	0.21875	1.8842e-21
1.45407	0.21875	2.32438e-31
1.45508	0.21875	8.78811e-50
1.45609	0.21875	3.4116e-78
1.4571	0.21875	0
1.4077	0.23625	2.01145e-25
1.40871	0.23625	2.13718e-20
1.40972	0.23625	7.27162e-19
1.41073	0.23625	1.61455e-17
1.41174	0.23625	2.00602e-16
1.41274	0.23625	1.60498e-15
1.41375	0.23625	8.79023e-15
1.41476	0.23625	3.5671e-14
1.41577	0.23625	1.25979e-13
1.41678	0.23625	3.84251e-13
1.41778	0.23625	1.03866e-12
1.41879	0.23625	2.57582e-12
1.4198	0.23625	6.02401e-12
1.42081	0.23625	1.27317e-11
1.42182	0.23625	2.46876e-11
1.42282	0.23625	4.48436e-11
1.42383	0.23625	7.30682e-11
1.42484	0.23625	1.0796e-10
1.42585	0.23625	1.51666e-10
1.42686	0.23625	1.90318e-10
1.42786	0.23625	2.23732e-10
1.42887	0.23625	2.42541e-10
1.42988	0.23625	2.46092e-10
1.43089	0.23625	2.28559e-10
1.4319	0.23625	1.99105e-10
1.4329	0.23625	1.58129e-10
1.43391	0.23625	1.18815e-10
1.43492	0.23625	8.29226e-11
1.43593	0.23625	5.34587e-11
1.43694	0.23625	3.23241e-11
1.43794	0.23625	1.797e-11
1.43895	0.23625	9.25153e-12
1.43996	0.23625	4.38983e-12
1.44097	0.23625	1.88789e-12
1.44198	0.23625	7.55263e-13
1.44298	0.23625	2.68696e-13
1.44399	0.23625	8.76771e-14
1.445	0.23625	2.54265e-14
1.44601	0.23625	6.8118e-15
1.44702	0.23625	1.49146e-15
1.44802	0.23625	2.77885e-16
1.44903	0.23625	3.61628e-17
1.45004	0.23625	3.30606e-18
1.45105	0.23625	2.0146e-19
1.45206	0.23625	6.02175e-21
1.45306	0.23625	6.81536e-25
1.45407	0.23625	1.37895e-36
1.45508	0.23625	3.23905e-57
1.45609	0.23625	5.28125e-89
1.4571	0.23625	0
1.4077	0.25375	1.06391e-25
1.40871	0.25375	5.04462e-22
1.40972	0.25375	1.78736e-20
1.41073	0.25375	3.97582e-19
1.41174	0.25375	4.65121e-18
1.41274	0.25375	3.48689e-17
1.41375	0.25375	1.80826e-16
1.41476	0.25375	7.33882e-16
1.41577	0.25375	2.56533e-15
1.41678	0.25375	7.82065e-15
1.41778	0.25375	2.08062e-14
1.41879	0.25375	5.0958e-14
1.4198	0.25375	1.17474e-13
1.42081	0.25375	2.53266e-13
1.42182	0.25375	4.8787e-13
1.42282	0.25375	8.79997e-13
1.42383	0.25375	1.40063e-12
1.42484	0.25375	2.11422e-12
1.42585	0.25375	2.86662e-12
1.42686	0.25375	3.59546e-12
1.42786	0.25375	4.1551e-12
1.42887	0.25375	4.5261e-12
1.42988	0.25375	4.45882e-12
1.43089	0.25375	4.14552e-12
1.4319	0.25375	3.56195e-12
1.4329	0.25375	2.81327e-12
1.43391	0.25375	2.08238e-12
1.43492	0.25375	1.43426e-12
1.43593	0.25375	9.02948e-13
1.43694	0.25375	5.29711e-13
1.43794	0.25375	2.92268e-13
1.43895	0.25375	1.48128e-13
1.43996	0.25375	6.8345e-14
1.44097	0.25375	2.91654e-14
1.44198	0.25375	1.1333e-14
1.44298	0.25375	3.91651e-15
1.44399	0.25375	1.24768e-15
1.445	0.25375	3.58292e-16
1.44601	0.25375	8.94409e-17
1.44702	0.25375	1.94239e-17
1.44802	0.25375	3.16142e-18
1.44903	0.25375	3.84741e-19
1.45004	0.25375	2.8999e-20
1.45105	0.25375	1.59076e-21
1.45206	0.25375	4.45866e-23
1.45306	0.25375	1.85555e-28
1.45407	0.25375	6.29373e-42
1.45508	0.25375	1.29795e-64
1.45609	0.25375	9.54259e-101
1.4571	0.25375	0
1.4077	0.27125	1.49124e-26
1.40871	0.27125	4.63076e-24
1.40972	0.27125	2.96199e-22
1.41073	0.27125	5.25169e-21
1.41174	0.27125	4.91573e-20
1.41274	0.27125	3.26616e-19
1.41375	0.27125	1.56992e-18
1.41476	0.27125	6.11172e-18
1.41577	0.27125	2.08358e-17
1.41678	0.27125	6.0429e-17
1.41778	0.27125	1.51113e-16
1.41879	0.27125	3.64607e-16
1.4198	0.27125	8.24985e-16
1.42081	0.27125	1.72343e-15
1.42182	0.27125	3.20431e-15
1.42282	0.27125	5.49904e-15
1.42383	0.27125	8.76834e-15
1.42484	0.27125	1.25689e-14
1.42585	0.27125	1.64809e-14
1.42686	0.27125	2.02334e-14
1.42786	0.27125	2.3153e-14
1.42887	0.27125	2.40371e-14
1.42988	0.27125	2.33655e-14
1.43089	0.27125	2.09723e-14
1.4319	0.27125	1.75775e-14
1.4329	0.27125	1.35488e-14
1.43391	0.27125	9.71383e-15
1.43492	0.27125	6.55346e-15
1.43593	0.27125	4.00103e-15
1.43694	0.27125	2.34636e-15
1.43794	0.27125	1.24584e-15
1.43895	0.27125	6.20564e-16
1.43996	0.27125	2.77823e-16
1.44097	0.27125	1.16131e-16
1.44198	0.27125	4.3432e-17
1.44298	0.27125	1.46117e-17
1.44399	0.27125	4.51441e-18
1.445	0.27125	1.26239e-18
1.44601	0.27125	3.14226e-19
1.44702	0.27125	6.25613e-20
1.44802	0.27125	9.74656e-21
1.44903	0.27125	1.0988e-21
1.45004	0.27125	7.66202e-23
1.45105	0.27125	5.03546e-24
1.45206	0.27125	3.993e-26
1.45306	0.27125	5.52497e-33
1.45407	0.27125	1.39154e-48
1.45508	0.27125	3.76068e-74
1.45609	0.27125	1.27901e-113
1.4571	0.27125	0
1.4077	0.28875	9.08018e-28
1.40871	0.28875	9.6827e-26
1.40972	0.28875	2.81374e-24
1.41073	0.28875	4.42141e-23
1.41174	0.28875	4.26149e-22
1.41274	0.28875	2.63771e-21
1.41375	0.28875	1.26005e-20
1.41476	0.28875	4.69667e-20
1.41577	0.28875	1.50026e-19
1.41678	0.28875	4.23198e-19
1.41778	0.28875	1.08193e-18
1.41879	0.28875	2.55678e-18
1.4198	0.28875	5.69712e-18
1.42081	0.28875	1.14429e-17
1.42182	0.28875	2.16659e-17
1.42282	0.28875	3.60341e-17
1.42383	0.28875	5.65448e-17
1.42484	0.28875	8.01584e-17
1.42585	0.28875	1.04194e-16
1.42686	0.28875	1.25407e-16
1.42786	0.28875	1.39724e-16
1.42887	0.28875	1.44462e-16
1.42988	0.28875	1.37927e-16
1.43089	0.28875	1.23262e-16
1.4319	0.28875	1.0115e-16
1.4329	0.28875	7.75263e-17
1.43391	0.28875	5.58666e-17
1.43492	0.28875	3.55337e-17
1.43593	0.28875	2.21688e-17
1.43694	0.28875	1.25854e-17
1.43794	0.28875	6.81495e-18
1.43895	0.28875	3.25945e-18
1.43996	0.28875	1.45179e-18
1.44097	0.28875	5.83875e-19
1.44198	0.28875	2.20274e-19
1.44298	0.28875	7.4166e-20
1.44399	0.28875	2.18539e-20
1.445	0.28875	5.96504e-21
1.44601	0.28875	1.4171e-21
1.44702	0.28875	2.85273e-22
1.44802	0.28875	3.83536e-23
1.44903	0.28875	4.10981e-24
1.45004	0.28875	2.43926e-25
1.45105	0.28875	1.20321e-26
1.45206	0.28875	1.37413e-29
1.45306	0.28875	7.62517e-39
1.45407	0.28875	7.87685e-57
1.45508	0.28875	1.47887e-83
1.45609	0.28875	8.1508e-118
1.4571	0.28875	0
1.4077	0.30625	1.45565e-29
1.40871	0.30625	5.73797e-28
1.40972	0.30625	1.68026e-26
1.41073	0.30625	2.36101e-25
1.41174	0.30625	2.15989e-24
1.41274	0.30625	1.26928e-23
1.41375	0.30625	5.39294e-23
1.41476	0.30625	1.94934e-22
1.41577	0.30625	6.11564e-22
1.41678	0.30625	1.66867e-21
1.41778	0.30625	4.21046e-21
1.41879	0.30625	9.73338e-21
1.4198	0.30625	2.12298e-20
1.42081	0.30625	4.2892e-20
1.42182	0.30625	7.65673e-20
1.42282	0.30625	1.28568e-19
1.42383	0.30625	1.92227e-19
1.42484	0.30625	2.70218e-19
1.42585	0.30625	3.47017e-19
1.42686	0.30625	4.06157e-19
1.42786	0.30625	4.47485e-19
1.42887	0.30625	4.54421e-19
1.42988	0.30625	4.24078e-19
1.43089	0.30625	3.71608e-19
1.4319	0.30625	3.00038e-19
1.4329	0.30625	2.2482e-19
1.43391	0.30625	1.5576e-19
1.43492	0.30625	9.9921e-20
1.43593	0.30625	6.04442e-20
1.43694	0.30625	3.41044e-20
1.43794	0.30625	1.7204e-20
1.43895	0.30625	8.29128e-21
1.43996	0.30625	3.60513e-21
1.44097	0.30625	1.42682e-21
1.44198	0.30625	5.20511e-22
1.44298	0.30625	1.69782e-22
1.44399	0.30625	4.97338e-23
1.445	0.30625	1.30554e-23
1.44601	0.30625	2.91233e-24
1.44702	0.30625	5.61039e-25
1.44802	0.30625	6.89045e-26
1.44903	0.30625	7.03891e-27
1.45004	0.30625	4.20226e-28
1.45105	0.30625	1.58659e-29
1.45206	0.30625	1.19346e-32
1.45306	0.30625	1.28935e-43
1.45407	0.30625	8.26083e-63
1.45508	0.30625	2.2844e-90
1.45609	0.30625	0
1.4571	0.30625	0
1.4077	0.32375	1.10169e-31
1.40871	0.32375	2.62478e-30
1.40972	0.32375	7.38426e-29
1.41073	0.32375	9.8377e-28
1.41174	0.32375	7.34926e-27
1.41274	0.32375	4.06554e-26
1.41375	0.32375	1.67988e-25
1.41476	0.32375	6.041e-25
1.41577	0.32375	1.87623e-24
1.41678	0.32375	4.96529e-24
1.41778	0.32375	1.20472e-23
1.41879	0.32375	2.81347e-23
1.4198	0.32375	6.07382e-23
1.42081	0.32375	1.20118e-22
1.42182	0.32375	2.12125e-22
1.42282	0.32375	3.47262e-22
1.42383	0.32375	5.23803e-22
1.42484	0.32375	7.14612e-22
1.42585	0.32375	8.98514e-22
1.42686	0.32375	1.03267e-21
1.42786	0.32375	1.1445e-21
1.42887	0.32375	1.13975e-21
1.42988	0.32375	1.04167e-21
1.43089	0.32375	8.99192e-22
1.4319	0.32375	7.21716e-22
1.4329	0.32375	5.3687e-22
1.43391	0.32375	3.6781e-22
1.43492	0.32375	2.23813e-22
1.43593	0.32375	1.359e-22
1.43694	0.32375	7.49604e-23
1.43794	0.32375	3.71723e-23
1.43895	0.32375	1.73794e-23
1.43996	0.32375	7.43119e-24
1.44097	0.32375	2.89987e-24
1.44198	0.32375	1.01094e-24
1.44298	0.32375	3.18858e-25
1.44399	0.32375	9.14687e-26
1.445	0.32375	2.31712e-26
1.44601	0.32375	5.17487e-27
1.44702	0.32375	8.96195e-28
1.44802	0.32375	1.03919e-28
1.44903	0.32375	9.63721e-30
1.45004	0.32375	5.17664e-31
1.45105	0.32375	1.81595e-32
1.45206	0.32375	2.88634e-37
1.45306	0.32375	1.68738e-50
1.45407	0.32375	4.71363e-72
1.45508	0.32375	5.94134e-103
1.45609	0.32375	0
1.4571	0.32375	0
1.4077	0.34125	1.92613e-34
1.40871	0.34125	7.54449e-33
1.40972	0.34125	1.67333e-31
1.41073	0.34125	1.94056e-30
1.41174	0.34125	1.34904e-29
1.41274	0.34125	6.91093e-29
1.41375	0.34125	2.80184e-28
1.41476	0.34125	9.65808e-28
1.41577	0.34125	2.85523e-27
1.41678	0.34125	7.52565e-27
1.41778	0.34125	1.79449e-26
1.41879	0.34125	4.01622e-26
1.4198	0.34125	8.54162e-26
1.42081	0.34125	1.63139e-25
1.42182	0.34125	2.85706e-25
1.42282	0.34125	4.48874e-25
1.42383	0.34125	6.68345e-25
1.42484	0.34125	8.7991e-25
1.42585	0.34125	1.09861e-24
1.42686	0.34125	1.22487e-24
1.42786	0.34125	1.312e-24
1.42887	0.34125	1.26903e-24
1.42988	0.34125	1.13836e-24
1.43089	0.34125	9.60961e-25
1.4319	0.34125	7.44451e-25
1.4329	0.34125	5.38569e-25
1.43391	0.34125	3.60684e-25
1.43492	0.34125	2.28503e-25
1.43593	0.34125	1.30499e-25
1.43694	0.34125	6.95988e-26
1.43794	0.34125	3.49519e-26
1.43895	0.34125	1.55579e-26
1.43996	0.34125	6.59384e-27
1.44097	0.34125	2.51329e-27
1.44198	0.34125	8.41157e-28
1.44298	0.34125	2.61787e-28
1.44399	0.34125	7.4139e-29
1.445	0.34125	1.80897e-29
1.44601	0.34125	3.69009e-30
1.44702	0.34125	6.01968e-31
1.44802	0.34125	6.47574e-32
1.44903	0.34125	5.08119e-33
1.45004	0.34125	2.48608e-34
1.45105	0.34125	4.38381e-36
1.45206	0.34125	4.91325e-43
1.45306	0.34125	1.44431e-57
1.45407	0.34125	6.26441e-80
1.45508	0.34125	0
1.45609	0.34125	0
1.4571	0.34125	0
