simulated_0_n_l
1.4072
1.4576
7.7688e-27
2.26202e-18
9.54531e-13
1.62326e-09
6.75591e-08
1.83412e-06
2.62198e-05
0.000233917
0.00141279
0.00637744
0.0238939
0.0785337
0.224665
0.58086
1.40698
3.20515
6.72574
12.7738
22.1882
35.0779
51.8469
69.6151
87.1604
100.584
107.662
106.83
99.4792
84.9438
67.4775
49.8961
34.5833
22.2872
13.3013
7.33656
3.77159
1.77757
0.762951
0.300271
0.106554
0.0342827
0.00992209
0.00260081
0.000563456
9.70501e-05
1.14651e-05
8.90958e-07
5.49839e-08
1.05786e-09
1.72156e-14
4.9965e-27
