#n_l	theta_0	probability

1.4077	-0.00038	0
1.40871	-0.00038	0
1.40972	-0.00038	0
1.41073	-0.00038	0
1.41174	-0.00038	0
1.41274	-0.00038	0
1.41375	-0.00038	0
1.41476	-0.00038	0
1.41577	-0.00038	0
1.41678	-0.00038	0
1.41778	-0.00038	0
1.41879	-0.00038	0
1.4198	-0.00038	0
1.42081	-0.00038	0
1.42182	-0.00038	0
1.42282	-0.00038	0
1.42383	-0.00038	0
1.42484	-0.00038	0
1.42585	-0.00038	0
1.42686	-0.00038	0
1.42786	-0.00038	0
1.42887	-0.00038	0
1.42988	-0.00038	0
1.43089	-0.00038	0
1.4319	-0.00038	0
1.4329	-0.00038	0
1.43391	-0.00038	0
1.43492	-0.00038	0
1.43593	-0.00038	0
1.43694	-0.00038	0
1.43794	-0.00038	0
1.43895	-0.00038	0
1.43996	-0.00038	0
1.44097	-0.00038	0
1.44198	-0.00038	0
1.44298	-0.00038	0
1.44399	-0.00038	0
1.445	-0.00038	0
1.44601	-0.00038	0
1.44702	-0.00038	0
1.44802	-0.00038	0
1.44903	-0.00038	0
1.45004	-0.00038	0
1.45105	-0.00038	0
1.45206	-0.00038	0
1.45306	-0.00038	0
1.45407	-0.00038	0
1.45508	-0.00038	0
1.45609	-0.00038	0
1.4571	-0.00038	0
1.4077	-0.00034	0
1.40871	-0.00034	0
1.40972	-0.00034	0
1.41073	-0.00034	0
1.41174	-0.00034	0
1.41274	-0.00034	0
1.41375	-0.00034	0
1.41476	-0.00034	0
1.41577	-0.00034	0
1.41678	-0.00034	0
1.41778	-0.00034	0
1.41879	-0.00034	0
1.4198	-0.00034	0
1.42081	-0.00034	0
1.42182	-0.00034	0
1.42282	-0.00034	0
1.42383	-0.00034	0
1.42484	-0.00034	0
1.42585	-0.00034	0
1.42686	-0.00034	0
1.42786	-0.00034	0
1.42887	-0.00034	0
1.42988	-0.00034	0
1.43089	-0.00034	0
1.4319	-0.00034	0
1.4329	-0.00034	0
1.43391	-0.00034	0
1.43492	-0.00034	0
1.43593	-0.00034	0
1.43694	-0.00034	0
1.43794	-0.00034	0
1.43895	-0.00034	0
1.43996	-0.00034	0
1.44097	-0.00034	0
1.44198	-0.00034	0
1.44298	-0.00034	0
1.44399	-0.00034	0
1.445	-0.00034	0
1.44601	-0.00034	0
1.44702	-0.00034	0
1.44802	-0.00034	0
1.44903	-0.00034	0
1.45004	-0.00034	0
1.45105	-0.00034	0
1.45206	-0.00034	0
1.45306	-0.00034	0
1.45407	-0.00034	0
1.45508	-0.00034	0
1.45609	-0.00034	0
1.4571	-0.00034	0
1.4077	-0.0003	0
1.40871	-0.0003	0
1.40972	-0.0003	0
1.41073	-0.0003	3.43809e-84
1.41174	-0.0003	3.2983e-79
1.41274	-0.0003	4.21365e-76
1.41375	-0.0003	4.9291e-75
1.41476	-0.0003	3.74505e-74
1.41577	-0.0003	2.1858e-73
1.41678	-0.0003	9.36061e-73
1.41778	-0.0003	2.06478e-72
1.41879	-0.0003	5.63976e-72
1.4198	-0.0003	8.75712e-72
1.42081	-0.0003	1.44412e-71
1.42182	-0.0003	3.1238e-71
1.42282	-0.0003	3.32345e-71
1.42383	-0.0003	5.55696e-71
1.42484	-0.0003	7.68248e-71
1.42585	-0.0003	9.05802e-71
1.42686	-0.0003	1.48039e-70
1.42786	-0.0003	1.17655e-70
1.42887	-0.0003	1.25122e-70
1.42988	-0.0003	1.25427e-70
1.43089	-0.0003	9.66145e-71
1.4319	-0.0003	9.18799e-71
1.4329	-0.0003	5.98785e-71
1.43391	-0.0003	5.09095e-71
1.43492	-0.0003	3.27008e-71
1.43593	-0.0003	2.18994e-71
1.43694	-0.0003	1.21256e-71
1.43794	-0.0003	6.39882e-72
1.43895	-0.0003	3.25089e-72
1.43996	-0.0003	1.48272e-72
1.44097	-0.0003	7.34621e-73
1.44198	-0.0003	2.41881e-73
1.44298	-0.0003	1.02097e-73
1.44399	-0.0003	3.11911e-74
1.445	-0.0003	9.7731e-75
1.44601	-0.0003	2.21477e-75
1.44702	-0.0003	7.79947e-76
1.44802	-0.0003	1.65395e-76
1.44903	-0.0003	3.64034e-77
1.45004	-0.0003	5.16914e-78
1.45105	-0.0003	1.08631e-78
1.45206	-0.0003	4.86905e-80
1.45306	-0.0003	6.51638e-81
1.45407	-0.0003	5.10671e-82
1.45508	-0.0003	3.4504e-84
1.45609	-0.0003	0
1.4571	-0.0003	0
1.4077	-0.00026	0
1.40871	-0.00026	0
1.40972	-0.00026	1.34614e-71
1.41073	-0.00026	2.1716e-58
1.41174	-0.00026	2.17049e-56
1.41274	-0.00026	1.38656e-54
1.41375	-0.00026	1.9283e-53
1.41476	-0.00026	2.23033e-52
1.41577	-0.00026	1.40156e-51
1.41678	-0.00026	5.60836e-51
1.41778	-0.00026	1.87528e-50
1.41879	-0.00026	5.9391e-50
1.4198	-0.00026	1.49983e-49
1.42081	-0.00026	3.22884e-49
1.42182	-0.00026	6.18656e-49
1.42282	-0.00026	1.14869e-48
1.42383	-0.00026	2.03492e-48
1.42484	-0.00026	3.18659e-48
1.42585	-0.00026	4.7209e-48
1.42686	-0.00026	6.26072e-48
1.42786	-0.00026	7.83337e-48
1.42887	-0.00026	8.96854e-48
1.42988	-0.00026	8.83923e-48
1.43089	-0.00026	8.95185e-48
1.4319	-0.00026	7.91362e-48
1.4329	-0.00026	6.36463e-48
1.43391	-0.00026	5.01327e-48
1.43492	-0.00026	3.57939e-48
1.43593	-0.00026	2.64633e-48
1.43694	-0.00026	1.61679e-48
1.43794	-0.00026	8.3452e-49
1.43895	-0.00026	4.39265e-49
1.43996	-0.00026	2.27986e-49
1.44097	-0.00026	1.01686e-49
1.44198	-0.00026	3.87891e-50
1.44298	-0.00026	1.70183e-50
1.44399	-0.00026	5.34152e-51
1.445	-0.00026	1.9693e-51
1.44601	-0.00026	6.30053e-52
1.44702	-0.00026	1.69023e-52
1.44802	-0.00026	3.81229e-53
1.44903	-0.00026	8.4911e-54
1.45004	-0.00026	1.77285e-54
1.45105	-0.00026	2.22905e-55
1.45206	-0.00026	3.51603e-56
1.45306	-0.00026	4.76707e-57
1.45407	-0.00026	9.90957e-59
1.45508	-0.00026	1.34172e-60
1.45609	-0.00026	0
1.4571	-0.00026	0
1.4077	-0.00022	0
1.40871	-0.00022	1.59482e-61
1.40972	-0.00022	9.35598e-48
1.41073	-0.00022	1.2113e-41
1.41174	-0.00022	4.90249e-40
1.41274	-0.00022	1.92151e-38
1.41375	-0.00022	3.01039e-37
1.41476	-0.00022	2.88144e-36
1.41577	-0.00022	1.66461e-35
1.41678	-0.00022	7.12396e-35
1.41778	-0.00022	2.40397e-34
1.41879	-0.00022	6.99185e-34
1.4198	-0.00022	1.84047e-33
1.42081	-0.00022	4.30826e-33
1.42182	-0.00022	9.12307e-33
1.42282	-0.00022	1.82424e-32
1.42383	-0.00022	3.58506e-32
1.42484	-0.00022	6.06638e-32
1.42585	-0.00022	9.30139e-32
1.42686	-0.00022	1.35635e-31
1.42786	-0.00022	1.73362e-31
1.42887	-0.00022	2.13626e-31
1.42988	-0.00022	2.3408e-31
1.43089	-0.00022	2.42739e-31
1.4319	-0.00022	2.32712e-31
1.4329	-0.00022	2.02064e-31
1.43391	-0.00022	1.70614e-31
1.43492	-0.00022	1.31592e-31
1.43593	-0.00022	9.20634e-32
1.43694	-0.00022	6.25778e-32
1.43794	-0.00022	3.85769e-32
1.43895	-0.00022	2.22156e-32
1.43996	-0.00022	1.22944e-32
1.44097	-0.00022	5.8749e-33
1.44198	-0.00022	2.73658e-33
1.44298	-0.00022	1.20713e-33
1.44399	-0.00022	4.70069e-34
1.445	-0.00022	1.63902e-34
1.44601	-0.00022	5.09576e-35
1.44702	-0.00022	1.58896e-35
1.44802	-0.00022	4.07048e-36
1.44903	-0.00022	9.89508e-37
1.45004	-0.00022	1.97338e-37
1.45105	-0.00022	3.68813e-38
1.45206	-0.00022	3.82944e-39
1.45306	-0.00022	3.16997e-40
1.45407	-0.00022	2.78925e-41
1.45508	-0.00022	4.33384e-43
1.45609	-0.00022	3.5844e-51
1.4571	-0.00022	0
1.4077	-0.00018	1.476e-62
1.40871	-0.00018	4.57526e-42
1.40972	-0.00018	1.69873e-33
1.41073	-0.00018	2.47542e-29
1.41174	-0.00018	1.62373e-27
1.41274	-0.00018	5.04718e-26
1.41375	-0.00018	7.33135e-25
1.41476	-0.00018	6.65457e-24
1.41577	-0.00018	4.09183e-23
1.41678	-0.00018	1.7998e-22
1.41778	-0.00018	6.45144e-22
1.41879	-0.00018	1.99977e-21
1.4198	-0.00018	5.32223e-21
1.42081	-0.00018	1.27087e-20
1.42182	-0.00018	2.9004e-20
1.42282	-0.00018	5.99918e-20
1.42383	-0.00018	1.17264e-19
1.42484	-0.00018	2.05794e-19
1.42585	-0.00018	3.29175e-19
1.42686	-0.00018	4.91794e-19
1.42786	-0.00018	6.68559e-19
1.42887	-0.00018	8.40604e-19
1.42988	-0.00018	9.60604e-19
1.43089	-0.00018	1.02774e-18
1.4319	-0.00018	1.02983e-18
1.4329	-0.00018	9.43732e-19
1.43391	-0.00018	8.12732e-19
1.43492	-0.00018	6.47521e-19
1.43593	-0.00018	4.75897e-19
1.43694	-0.00018	3.25085e-19
1.43794	-0.00018	2.06413e-19
1.43895	-0.00018	1.23345e-19
1.43996	-0.00018	6.95444e-20
1.44097	-0.00018	3.48524e-20
1.44198	-0.00018	1.66926e-20
1.44298	-0.00018	7.35778e-21
1.44399	-0.00018	2.90347e-21
1.445	-0.00018	1.06987e-21
1.44601	-0.00018	3.5301e-22
1.44702	-0.00018	1.05758e-22
1.44802	-0.00018	2.91645e-23
1.44903	-0.00018	7.09615e-24
1.45004	-0.00018	1.46115e-24
1.45105	-0.00018	2.27009e-25
1.45206	-0.00018	2.89887e-26
1.45306	-0.00018	2.21784e-27
1.45407	-0.00018	1.28073e-28
1.45508	-0.00018	2.14195e-30
1.45609	-0.00018	3.67615e-36
1.4571	-0.00018	0
1.4077	-0.00014	4.96286e-43
1.40871	-0.00014	3.57534e-30
1.40972	-0.00014	2.80631e-23
1.41073	-0.00014	1.38926e-19
1.41174	-0.00014	7.20304e-18
1.41274	-0.00014	2.29157e-16
1.41375	-0.00014	3.34333e-15
1.41476	-0.00014	2.9379e-14
1.41577	-0.00014	1.74545e-13
1.41678	-0.00014	7.59597e-13
1.41778	-0.00014	2.71246e-12
1.41879	-0.00014	8.50517e-12
1.4198	-0.00014	2.34474e-11
1.42081	-0.00014	5.77052e-11
1.42182	-0.00014	1.34849e-10
1.42282	-0.00014	2.92434e-10
1.42383	-0.00014	5.81432e-10
1.42484	-0.00014	1.05935e-09
1.42585	-0.00014	1.75784e-09
1.42686	-0.00014	2.65642e-09
1.42786	-0.00014	3.75581e-09
1.42887	-0.00014	4.81331e-09
1.42988	-0.00014	5.76204e-09
1.43089	-0.00014	6.3067e-09
1.4319	-0.00014	6.4419e-09
1.4329	-0.00014	6.1229e-09
1.43391	-0.00014	5.39611e-09
1.43492	-0.00014	4.47484e-09
1.43593	-0.00014	3.34681e-09
1.43694	-0.00014	2.38064e-09
1.43794	-0.00014	1.59358e-09
1.43895	-0.00014	9.72707e-10
1.43996	-0.00014	5.58461e-10
1.44097	-0.00014	2.93784e-10
1.44198	-0.00014	1.44156e-10
1.44298	-0.00014	6.47924e-11
1.44399	-0.00014	2.69403e-11
1.445	-0.00014	1.00843e-11
1.44601	-0.00014	3.45388e-12
1.44702	-0.00014	1.0593e-12
1.44802	-0.00014	3.03167e-13
1.44903	-0.00014	7.28515e-14
1.45004	-0.00014	1.51929e-14
1.45105	-0.00014	2.63618e-15
1.45206	-0.00014	2.9151e-16
1.45306	-0.00014	2.61875e-17
1.45407	-0.00014	1.44377e-18
1.45508	-0.00014	2.5277e-20
1.45609	-0.00014	3.84228e-25
1.4571	-0.00014	7.16307e-42
1.4077	-0.0001	4.0692e-32
1.40871	-0.0001	4.171e-22
1.40972	-0.0001	6.62259e-16
1.41073	-0.0001	1.91327e-12
1.41174	-0.0001	8.1792e-11
1.41274	-0.0001	2.33624e-09
1.41375	-0.0001	3.42732e-08
1.41476	-0.0001	3.03619e-07
1.41577	-0.0001	1.83694e-06
1.41678	-0.0001	8.19073e-06
1.41778	-0.0001	3.05057e-05
1.41879	-0.0001	9.82459e-05
1.4198	-0.0001	0.000276407
1.42081	-0.0001	0.000695018
1.42182	-0.0001	0.00164466
1.42282	-0.0001	0.00370468
1.42383	-0.0001	0.00765354
1.42484	-0.0001	0.0141234
1.42585	-0.0001	0.023914
1.42686	-0.0001	0.0370796
1.42786	-0.0001	0.0533174
1.42887	-0.0001	0.0696575
1.42988	-0.0001	0.0851507
1.43089	-0.0001	0.0959942
1.4319	-0.0001	0.0997123
1.4329	-0.0001	0.0963198
1.43391	-0.0001	0.0859759
1.43492	-0.0001	0.072623
1.43593	-0.0001	0.0567728
1.43694	-0.0001	0.0412056
1.43794	-0.0001	0.0275405
1.43895	-0.0001	0.0174304
1.43996	-0.0001	0.0101281
1.44097	-0.0001	0.00546702
1.44198	-0.0001	0.00275375
1.44298	-0.0001	0.00125216
1.44399	-0.0001	0.000528042
1.445	-0.0001	0.000203151
1.44601	-0.0001	7.08361e-05
1.44702	-0.0001	2.22857e-05
1.44802	-0.0001	6.32215e-06
1.44903	-0.0001	1.60245e-06
1.45004	-0.0001	3.3912e-07
1.45105	-0.0001	5.55672e-08
1.45206	-0.0001	6.69141e-09
1.45306	-0.0001	5.29172e-10
1.45407	-0.0001	3.40505e-11
1.45508	-0.0001	5.86869e-13
1.45609	-0.0001	3.70984e-18
1.4571	-0.0001	4.87836e-32
1.4077	-6e-05	5.30326e-26
1.40871	-6e-05	5.6839e-17
1.40972	-6e-05	3.79746e-11
1.41073	-6e-05	7.19031e-08
1.41174	-6e-05	3.37675e-06
1.41274	-6e-05	0.000100947
1.41375	-6e-05	0.00150265
1.41476	-6e-05	0.0136431
1.41577	-6e-05	0.0810401
1.41678	-6e-05	0.356051
1.41778	-6e-05	1.30383
1.41879	-6e-05	4.19199
1.4198	-6e-05	12.0769
1.42081	-6e-05	31.1904
1.42182	-6e-05	76.0071
1.42282	-6e-05	171.089
1.42383	-6e-05	352.935
1.42484	-6e-05	665.425
1.42585	-6e-05	1151.85
1.42686	-6e-05	1831.3
1.42786	-6e-05	2650.46
1.42887	-6e-05	3578.77
1.42988	-6e-05	4428.12
1.43089	-6e-05	5082.5
1.4319	-6e-05	5411.78
1.4329	-6e-05	5335.68
1.43391	-6e-05	4914
1.43492	-6e-05	4185.85
1.43593	-6e-05	3335.56
1.43694	-6e-05	2446.05
1.43794	-6e-05	1676.14
1.43895	-6e-05	1065.44
1.43996	-6e-05	629.206
1.44097	-6e-05	351.045
1.44198	-6e-05	177.72
1.44298	-6e-05	83.0983
1.44399	-6e-05	35.5228
1.445	-6e-05	13.8329
1.44601	-6e-05	4.90367
1.44702	-6e-05	1.59754
1.44802	-6e-05	0.450285
1.44903	-6e-05	0.11829
1.45004	-6e-05	0.0255416
1.45105	-6e-05	0.00427664
1.45206	-6e-05	0.00051095
1.45306	-6e-05	4.04262e-05
1.45407	-6e-05	2.45193e-06
1.45508	-6e-05	5.04493e-08
1.45609	-6e-05	5.85441e-13
1.4571	-6e-05	3.58583e-26
1.4077	-2e-05	6.10478e-23
1.40871	-2e-05	1.97684e-14
1.40972	-2e-05	8.73338e-09
1.41073	-2e-05	1.68053e-05
1.41174	-2e-05	0.000745401
1.41274	-2e-05	0.0201013
1.41375	-2e-05	0.294159
1.41476	-2e-05	2.63494
1.41577	-2e-05	16.0223
1.41678	-2e-05	72.2165
1.41778	-2e-05	270.952
1.41879	-2e-05	894.014
1.4198	-2e-05	2562.68
1.42081	-2e-05	6625.89
1.42182	-2e-05	15973.9
1.42282	-2e-05	36633.1
1.42383	-2e-05	76653.9
1.42484	-2e-05	145404
1.42585	-2e-05	253800
1.42686	-2e-05	401942
1.42786	-2e-05	590910
1.42887	-2e-05	798998
1.42988	-2e-05	996489
1.43089	-2e-05	1.14817e+06
1.4319	-2e-05	1.22947e+06
1.4329	-2e-05	1.21843e+06
1.43391	-2e-05	1.13647e+06
1.43492	-2e-05	969141
1.43593	-2e-05	774629
1.43694	-2e-05	570271
1.43794	-2e-05	396745
1.43895	-2e-05	256271
1.43996	-2e-05	153003
1.44097	-2e-05	84047.4
1.44198	-2e-05	43127.3
1.44298	-2e-05	20321.5
1.44399	-2e-05	8737.49
1.445	-2e-05	3424.63
1.44601	-2e-05	1211.61
1.44702	-2e-05	393.706
1.44802	-2e-05	113.494
1.44903	-2e-05	30.026
1.45004	-2e-05	6.45402
1.45105	-2e-05	1.1256
1.45206	-2e-05	0.129099
1.45306	-2e-05	0.0104185
1.45407	-2e-05	0.000640321
1.45508	-2e-05	1.24604e-05
1.45609	-2e-05	1.29547e-10
1.4571	-2e-05	2.88022e-23
1.4077	2e-05	1.32161e-22
1.40871	2e-05	3.65316e-14
1.40972	2e-05	1.49761e-08
1.41073	2e-05	2.35678e-05
1.41174	2e-05	0.000933785
1.41274	2e-05	0.0254835
1.41375	2e-05	0.357378
1.41476	2e-05	3.17709
1.41577	2e-05	19.0821
1.41678	2e-05	86.2549
1.41778	2e-05	322.786
1.41879	2e-05	1057.56
1.4198	2e-05	3020.39
1.42081	2e-05	7808.96
1.42182	2e-05	18991.4
1.42282	2e-05	43024.1
1.42383	2e-05	90510.2
1.42484	2e-05	172100
1.42585	2e-05	297712
1.42686	2e-05	469949
1.42786	2e-05	697887
1.42887	2e-05	931467
1.42988	2e-05	1.17028e+06
1.43089	2e-05	1.35239e+06
1.4319	2e-05	1.44711e+06
1.4329	2e-05	1.43754e+06
1.43391	2e-05	1.33692e+06
1.43492	2e-05	1.14286e+06
1.43593	2e-05	903101
1.43694	2e-05	670403
1.43794	2e-05	463178
1.43895	2e-05	297935
1.43996	2e-05	177769
1.44097	2e-05	98392.7
1.44198	2e-05	50675.2
1.44298	2e-05	23887.8
1.44399	2e-05	10237.7
1.445	2e-05	4043.75
1.44601	2e-05	1438.65
1.44702	2e-05	458.978
1.44802	2e-05	133.311
1.44903	2e-05	34.6697
1.45004	2e-05	7.5619
1.45105	2e-05	1.28871
1.45206	2e-05	0.156146
1.45306	2e-05	0.0117424
1.45407	2e-05	0.000727594
1.45508	2e-05	1.38423e-05
1.45609	2e-05	2.99351e-10
1.4571	2e-05	9.5932e-23
1.4077	6e-05	9.57636e-25
1.40871	6e-05	1.9372e-16
1.40972	6e-05	1.15854e-10
1.41073	6e-05	1.36345e-07
1.41174	6e-05	6.4151e-06
1.41274	6e-05	0.00016738
1.41375	6e-05	0.0024547
1.41476	6e-05	0.022251
1.41577	6e-05	0.134364
1.41678	6e-05	0.608504
1.41778	6e-05	2.30579
1.41879	6e-05	7.57313
1.4198	6e-05	21.4824
1.42081	6e-05	55.4566
1.42182	6e-05	133.164
1.42282	6e-05	300.535
1.42383	6e-05	626.427
1.42484	6e-05	1176.5
1.42585	6e-05	2039.33
1.42686	6e-05	3224.91
1.42786	6e-05	4724.17
1.42887	6e-05	6333.32
1.42988	6e-05	7810.6
1.43089	6e-05	8952.77
1.4319	6e-05	9564.68
1.4329	6e-05	9443.77
1.43391	6e-05	8680.13
1.43492	6e-05	7407.03
1.43593	6e-05	5872.94
1.43694	6e-05	4281.53
1.43794	6e-05	2983.92
1.43895	6e-05	1908.75
1.43996	6e-05	1129.98
1.44097	6e-05	622.996
1.44198	6e-05	309.597
1.44298	6e-05	146.773
1.44399	6e-05	63.0545
1.445	6e-05	24.5606
1.44601	6e-05	8.67668
1.44702	6e-05	2.78599
1.44802	6e-05	0.796648
1.44903	6e-05	0.206329
1.45004	6e-05	0.0449485
1.45105	6e-05	0.0076611
1.45206	6e-05	0.000870832
1.45306	6e-05	7.26653e-05
1.45407	6e-05	4.23028e-06
1.45508	6e-05	9.34579e-08
1.45609	6e-05	9.06479e-13
1.4571	6e-05	1.42415e-25
1.4077	0.0001	1.32556e-29
1.40871	0.0001	4.39121e-21
1.40972	0.0001	2.81488e-15
1.41073	0.0001	5.63603e-12
1.41174	0.0001	2.4043e-10
1.41274	0.0001	7.21458e-09
1.41375	0.0001	1.05632e-07
1.41476	0.0001	9.39991e-07
1.41577	0.0001	5.61742e-06
1.41678	0.0001	2.46387e-05
1.41778	0.0001	8.92782e-05
1.41879	0.0001	0.000282552
1.4198	0.0001	0.000810385
1.42081	0.0001	0.00206778
1.42182	0.0001	0.00482989
1.42282	0.0001	0.01085
1.42383	0.0001	0.0221984
1.42484	0.0001	0.0411064
1.42585	0.0001	0.070544
1.42686	0.0001	0.110329
1.42786	0.0001	0.158384
1.42887	0.0001	0.211498
1.42988	0.0001	0.255473
1.43089	0.0001	0.290449
1.4319	0.0001	0.306211
1.4329	0.0001	0.298176
1.43391	0.0001	0.267957
1.43492	0.0001	0.225303
1.43593	0.0001	0.176513
1.43694	0.0001	0.128978
1.43794	0.0001	0.0872488
1.43895	0.0001	0.0549405
1.43996	0.0001	0.0318977
1.44097	0.0001	0.0172853
1.44198	0.0001	0.00871528
1.44298	0.0001	0.00405646
1.44399	0.0001	0.0016813
1.445	0.0001	0.000653867
1.44601	0.0001	0.000231627
1.44702	0.0001	7.20086e-05
1.44802	0.0001	2.0654e-05
1.44903	0.0001	5.29716e-06
1.45004	0.0001	1.16929e-06
1.45105	0.0001	1.87612e-07
1.45206	0.0001	2.42686e-08
1.45306	0.0001	1.66229e-09
1.45407	0.0001	1.02404e-10
1.45508	0.0001	3.62153e-12
1.45609	0.0001	1.34855e-17
1.4571	0.0001	1.21951e-31
1.4077	0.00014	1.59909e-37
1.40871	0.00014	2.55583e-28
1.40972	0.00014	3.12356e-22
1.41073	0.00014	1.04412e-18
1.41174	0.00014	4.29705e-17
1.41274	0.00014	1.19936e-15
1.41375	0.00014	1.7386e-14
1.41476	0.00014	1.52713e-13
1.41577	0.00014	9.21588e-13
1.41678	0.00014	4.07273e-12
1.41778	0.00014	1.50416e-11
1.41879	0.00014	4.6412e-11
1.4198	0.00014	1.30008e-10
1.42081	0.00014	3.22682e-10
1.42182	0.00014	7.55833e-10
1.42282	0.00014	1.62037e-09
1.42383	0.00014	3.24235e-09
1.42484	0.00014	5.95637e-09
1.42585	0.00014	9.89049e-09
1.42686	0.00014	1.55041e-08
1.42786	0.00014	2.16018e-08
1.42887	0.00014	2.80124e-08
1.42988	0.00014	3.39163e-08
1.43089	0.00014	3.70642e-08
1.4319	0.00014	3.81348e-08
1.4329	0.00014	3.65762e-08
1.43391	0.00014	3.2295e-08
1.43492	0.00014	2.65244e-08
1.43593	0.00014	2.05198e-08
1.43694	0.00014	1.43592e-08
1.43794	0.00014	9.74431e-09
1.43895	0.00014	6.04356e-09
1.43996	0.00014	3.43587e-09
1.44097	0.00014	1.80072e-09
1.44198	0.00014	8.7757e-10
1.44298	0.00014	4.04054e-10
1.44399	0.00014	1.67904e-10
1.445	0.00014	6.36413e-11
1.44601	0.00014	2.16609e-11
1.44702	0.00014	6.78379e-12
1.44802	0.00014	1.86961e-12
1.44903	0.00014	4.6089e-13
1.45004	0.00014	9.85152e-14
1.45105	0.00014	1.68119e-14
1.45206	0.00014	1.81963e-15
1.45306	0.00014	1.5453e-16
1.45407	0.00014	8.10107e-18
1.45508	0.00014	1.60445e-19
1.45609	0.00014	4.61932e-25
1.4571	0.00014	1.4939e-41
1.4077	0.00018	2.59306e-48
1.40871	0.00018	1.59909e-38
1.40972	0.00018	1.00477e-31
1.41073	0.00018	5.66548e-28
1.41174	0.00018	2.62269e-26
1.41274	0.00018	7.11966e-25
1.41375	0.00018	1.00671e-23
1.41476	0.00018	8.99585e-23
1.41577	0.00018	5.44782e-22
1.41678	0.00018	2.39119e-21
1.41778	0.00018	8.90016e-21
1.41879	0.00018	2.75662e-20
1.4198	0.00018	7.45263e-20
1.42081	0.00018	1.81755e-19
1.42182	0.00018	4.00522e-19
1.42282	0.00018	8.4556e-19
1.42383	0.00018	1.64971e-18
1.42484	0.00018	2.91043e-18
1.42585	0.00018	4.67996e-18
1.42686	0.00018	6.90385e-18
1.42786	0.00018	9.40556e-18
1.42887	0.00018	1.17674e-17
1.42988	0.00018	1.37966e-17
1.43089	0.00018	1.46884e-17
1.4319	0.00018	1.48125e-17
1.4329	0.00018	1.36015e-17
1.43391	0.00018	1.16023e-17
1.43492	0.00018	9.44081e-18
1.43593	0.00018	7.02092e-18
1.43694	0.00018	4.73938e-18
1.43794	0.00018	3.10528e-18
1.43895	0.00018	1.85162e-18
1.43996	0.00018	1.02542e-18
1.44097	0.00018	5.4133e-19
1.44198	0.00018	2.50541e-19
1.44298	0.00018	1.13096e-19
1.44399	0.00018	4.50057e-20
1.445	0.00018	1.63157e-20
1.44601	0.00018	5.42527e-21
1.44702	0.00018	1.64063e-21
1.44802	0.00018	4.43291e-22
1.44903	0.00018	1.08548e-22
1.45004	0.00018	2.20857e-23
1.45105	0.00018	4.03427e-24
1.45206	0.00018	4.09734e-25
1.45306	0.00018	3.79199e-26
1.45407	0.00018	1.83419e-27
1.45508	0.00018	3.00028e-29
1.45609	0.00018	3.72466e-35
1.4571	0.00018	0
1.4077	0.00022	3.82463e-60
1.40871	0.00022	1.53467e-51
1.40972	0.00022	3.29649e-44
1.41073	0.00022	3.45668e-40
1.41174	0.00022	1.65936e-38
1.41274	0.00022	5.08494e-37
1.41375	0.00022	7.71696e-36
1.41476	0.00022	7.07826e-35
1.41577	0.00022	4.27784e-34
1.41678	0.00022	1.84015e-33
1.41778	0.00022	6.47598e-33
1.41879	0.00022	1.98728e-32
1.4198	0.00022	5.0403e-32
1.42081	0.00022	1.16586e-31
1.42182	0.00022	2.45796e-31
1.42282	0.00022	5.11431e-31
1.42383	0.00022	9.23993e-31
1.42484	0.00022	1.57654e-30
1.42585	0.00022	2.46686e-30
1.42686	0.00022	3.48124e-30
1.42786	0.00022	4.51751e-30
1.42887	0.00022	5.48998e-30
1.42988	0.00022	6.17424e-30
1.43089	0.00022	6.31786e-30
1.4319	0.00022	6.00523e-30
1.4329	0.00022	5.25597e-30
1.43391	0.00022	4.36749e-30
1.43492	0.00022	3.37485e-30
1.43593	0.00022	2.36975e-30
1.43694	0.00022	1.54463e-30
1.43794	0.00022	9.40197e-31
1.43895	0.00022	5.50006e-31
1.43996	0.00022	2.94429e-31
1.44097	0.00022	1.45178e-31
1.44198	0.00022	6.35903e-32
1.44298	0.00022	2.7232e-32
1.44399	0.00022	1.06697e-32
1.445	0.00022	3.69764e-33
1.44601	0.00022	1.19093e-33
1.44702	0.00022	3.48716e-34
1.44802	0.00022	9.0041e-35
1.44903	0.00022	2.12469e-35
1.45004	0.00022	4.32424e-36
1.45105	0.00022	6.62633e-37
1.45206	0.00022	8.09559e-38
1.45306	0.00022	5.97574e-39
1.45407	0.00022	3.54897e-40
1.45508	0.00022	7.42518e-42
1.45609	0.00022	2.10433e-48
1.4571	0.00022	0
1.4077	0.00026	0
1.40871	0.00026	4.20235e-65
1.40972	0.00026	2.00874e-59
1.41073	0.00026	1.27989e-55
1.41174	0.00026	1.00854e-53
1.41274	0.00026	3.1872e-52
1.41375	0.00026	4.73414e-51
1.41476	0.00026	4.36398e-50
1.41577	0.00026	2.59965e-49
1.41678	0.00026	9.92739e-49
1.41778	0.00026	3.21725e-48
1.41879	0.00026	9.13137e-48
1.4198	0.00026	2.27346e-47
1.42081	0.00026	5.23082e-47
1.42182	0.00026	1.04051e-46
1.42282	0.00026	2.02218e-46
1.42383	0.00026	3.71542e-46
1.42484	0.00026	6.00073e-46
1.42585	0.00026	8.97589e-46
1.42686	0.00026	1.23922e-45
1.42786	0.00026	1.57529e-45
1.42887	0.00026	1.89451e-45
1.42988	0.00026	2.04155e-45
1.43089	0.00026	1.95816e-45
1.4319	0.00026	1.73405e-45
1.4329	0.00026	1.48047e-45
1.43391	0.00026	1.16723e-45
1.43492	0.00026	8.88263e-46
1.43593	0.00026	5.79754e-46
1.43694	0.00026	3.75206e-46
1.43794	0.00026	2.19077e-46
1.43895	0.00026	1.19562e-46
1.43996	0.00026	5.98561e-47
1.44097	0.00026	2.94462e-47
1.44198	0.00026	1.27443e-47
1.44298	0.00026	5.00438e-48
1.44399	0.00026	1.86707e-48
1.445	0.00026	6.80247e-49
1.44601	0.00026	2.12724e-49
1.44702	0.00026	5.5943e-50
1.44802	0.00026	1.55371e-50
1.44903	0.00026	3.42514e-51
1.45004	0.00026	6.95594e-52
1.45105	0.00026	1.07676e-52
1.45206	0.00026	1.73084e-53
1.45306	0.00026	1.02525e-54
1.45407	0.00026	8.30928e-56
1.45508	0.00026	9.07512e-57
1.45609	0.00026	0
1.4571	0.00026	0
1.4077	0.0003	0
1.40871	0.0003	1.8324e-82
1.40972	0.0003	3.32905e-76
1.41073	0.0003	6.00883e-73
1.41174	0.0003	4.57528e-71
1.41274	0.0003	1.44031e-69
1.41375	0.0003	1.84695e-68
1.41476	0.0003	2.73635e-67
1.41577	0.0003	2.07729e-66
1.41678	0.0003	8.86104e-66
1.41778	0.0003	2.81443e-65
1.41879	0.0003	8.16502e-65
1.4198	0.0003	2.0495e-64
1.42081	0.0003	4.50579e-64
1.42182	0.0003	9.643e-64
1.42282	0.0003	1.58839e-63
1.42383	0.0003	2.83964e-63
1.42484	0.0003	4.24662e-63
1.42585	0.0003	5.86891e-63
1.42686	0.0003	8.50427e-63
1.42786	0.0003	8.90968e-63
1.42887	0.0003	1.02002e-62
1.42988	0.0003	9.89279e-63
1.43089	0.0003	9.23884e-63
1.4319	0.0003	8.26585e-63
1.4329	0.0003	6.13978e-63
1.43391	0.0003	3.97355e-63
1.43492	0.0003	3.36986e-63
1.43593	0.0003	2.34526e-63
1.43694	0.0003	1.16232e-63
1.43794	0.0003	6.77612e-64
1.43895	0.0003	3.16382e-64
1.43996	0.0003	1.50852e-64
1.44097	0.0003	7.45565e-65
1.44198	0.0003	3.53452e-65
1.44298	0.0003	9.37303e-66
1.44399	0.0003	2.87249e-66
1.445	0.0003	1.89233e-66
1.44601	0.0003	2.75203e-67
1.44702	0.0003	1.02492e-67
1.44802	0.0003	1.87202e-68
1.44903	0.0003	5.41374e-69
1.45004	0.0003	9.48335e-70
1.45105	0.0003	1.49669e-70
1.45206	0.0003	2.96997e-71
1.45306	0.0003	7.89975e-73
1.45407	0.0003	1.25867e-73
1.45508	0.0003	8.2114e-76
1.45609	0.0003	0
1.4571	0.0003	0
1.4077	0.00034	0
1.40871	0.00034	0
1.40972	0.00034	2.6949e-97
1.41073	0.00034	4.14585e-92
1.41174	0.00034	6.92126e-90
1.41274	0.00034	9.721e-88
1.41375	0.00034	2.7209e-86
1.41476	0.00034	2.33963e-85
1.41577	0.00034	1.03771e-84
1.41678	0.00034	4.08487e-84
1.41778	0.00034	9.60462e-84
1.41879	0.00034	2.27856e-83
1.4198	0.00034	4.12947e-83
1.42081	0.00034	7.6112e-83
1.42182	0.00034	1.22941e-82
1.42282	0.00034	1.84894e-82
1.42383	0.00034	2.79711e-82
1.42484	0.00034	4.09866e-82
1.42585	0.00034	4.71689e-82
1.42686	0.00034	4.92823e-82
1.42786	0.00034	5.86994e-82
1.42887	0.00034	5.11066e-82
1.42988	0.00034	3.78399e-82
1.43089	0.00034	3.34091e-82
1.4319	0.00034	2.66301e-82
1.4329	0.00034	1.32526e-82
1.43391	0.00034	1.12918e-82
1.43492	0.00034	5.6821e-83
1.43593	0.00034	2.68803e-83
1.43694	0.00034	1.31391e-83
1.43794	0.00034	4.26712e-84
1.43895	0.00034	2.37923e-84
1.43996	0.00034	9.04268e-85
1.44097	0.00034	2.56494e-85
1.44198	0.00034	7.9839e-86
1.44298	0.00034	1.80541e-86
1.44399	0.00034	6.43771e-87
1.445	0.00034	1.96268e-87
1.44601	0.00034	3.84671e-88
1.44702	0.00034	6.94382e-89
1.44802	0.00034	1.42714e-89
1.44903	0.00034	3.24157e-90
1.45004	0.00034	7.20376e-91
1.45105	0.00034	4.65326e-92
1.45206	0.00034	9.20612e-93
1.45306	0.00034	1.88781e-95
1.45407	0.00034	2.50784e-96
1.45508	0.00034	0
1.45609	0.00034	0
1.4571	0.00034	0
1.4077	0.00038	0
1.40871	0.00038	0
1.40972	0.00038	0
1.41073	0.00038	0
1.41174	0.00038	0
1.41274	0.00038	0
1.41375	0.00038	0
1.41476	0.00038	0
1.41577	0.00038	0
1.41678	0.00038	0
1.41778	0.00038	0
1.41879	0.00038	0
1.4198	0.00038	0
1.42081	0.00038	0
1.42182	0.00038	0
1.42282	0.00038	0
1.42383	0.00038	0
1.42484	0.00038	0
1.42585	0.00038	0
1.42686	0.00038	0
1.42786	0.00038	0
1.42887	0.00038	0
1.42988	0.00038	0
1.43089	0.00038	0
1.4319	0.00038	0
1.4329	0.00038	0
1.43391	0.00038	0
1.43492	0.00038	0
1.43593	0.00038	0
1.43694	0.00038	0
1.43794	0.00038	0
1.43895	0.00038	0
1.43996	0.00038	0
1.44097	0.00038	0
1.44198	0.00038	0
1.44298	0.00038	0
1.44399	0.00038	0
1.445	0.00038	0
1.44601	0.00038	0
1.44702	0.00038	0
1.44802	0.00038	0
1.44903	0.00038	0
1.45004	0.00038	0
1.45105	0.00038	0
1.45206	0.00038	0
1.45306	0.00038	0
1.45407	0.00038	0
1.45508	0.00038	0
1.45609	0.00038	0
1.4571	0.00038	0
