alpha
5.05561e-05
5.19211e-05
0
73.2621
0
293.048
146.524
366.31
366.31
1025.67
1172.19
2124.6
3663.1
4615.51
8058.83
11135.8
17216.6
23517.1
27766.3
38462.6
56265.3
66888.3
95460.5
114362
155389
200372
547414
367995
449023
546169
669982
747200
868156
1.03834e+06
1.16465e+06
1.31872e+06
1.46817e+06
1.67785e+06
1.84056e+06
1.95939e+06
2.14951e+06
2.30395e+06
2.43787e+06
2.59765e+06
2.6567e+06
2.75143e+06
2.80594e+06
2.85414e+06
2.82806e+06
2.83121e+06
2.74953e+06
2.70645e+06
2.5874e+06
2.47831e+06
2.36424e+06
2.23024e+06
2.06306e+06
1.89155e+06
1.73118e+06
1.56283e+06
1.3744e+06
1.25095e+06
1.10523e+06
944861
808300
700092
596573
487852
403308
338398
264696
219200
171287
130919
100296
80661.5
0
62492.6
42492
27766.3
21978.6
16337.4
14505.9
8644.93
4835.3
4468.99
2490.91
1611.77
1831.55
659.359
293.048
293.048
293.048
146.524
0
0
293.048
0
0
0
0
0
