alpha
5.05817e-05
5.18403e-05
154.135
154.135
205.514
308.271
513.784
770.676
1130.33
1541.35
2979.95
4315.79
6525.06
9248.12
12587.7
17776.9
24456.1
34526.3
46343.3
60318.3
78506.2
100650
128086
164103
207826
260540
318443
388369
464461
546153
633650
742110
869528
1.0045e+06
1.14312e+06
1.29284e+06
1.44558e+06
1.59885e+06
1.77168e+06
1.91852e+06
2.07374e+06
2.20881e+06
2.37841e+06
2.51646e+06
2.62097e+06
2.72105e+06
2.78682e+06
2.8326e+06
2.82299e+06
2.83784e+06
2.82653e+06
2.77998e+06
2.71982e+06
2.63335e+06
2.52463e+06
2.38452e+06
2.25916e+06
2.12815e+06
1.97375e+06
1.80379e+06
1.64103e+06
1.48067e+06
1.31734e+06
1.18006e+06
1.03599e+06
901743
771498
660161
559511
465129
390630
324763
268093
212861
168573
131375
102089
78609
61962.4
48090.2
37917.3
28463.6
0
20551.4
14437.3
9761.9
7038.84
5189.22
3339.6
2003.76
822.055
770.676
616.541
565.163
308.271
205.514
154.135
102.757
0
