0	Triangular	0	100
0.017453	Triangular	332	100
0.034907	Triangular	660	100
0.05236	Triangular	1013	100
0.069813	Triangular	1340	100
0.087266	Triangular	1678	100
0.10472	Triangular	2020	100
0.122173	Triangular	2397	100
0.139626	Triangular	2743	100
0.15708	Triangular	3105	100
0.174533	Triangular	3410	100
0.191986	Triangular	3700	100
0.20944	Triangular	4100	100
0.226893	Triangular	4450	100
0.244346	Triangular	4770	100
0.261799	Triangular	5100	100
0.279253	Triangular	5420	100
0.296706	Triangular	5780	100
