#x	y	misses

-98.7184	-2606.75	0
-98.0806	-2598.25	0
-97.3873	-2590.75	0
-96.7145	-2582.75	0
-96.0743	-2574.25	0
-95.4653	-2566.25	0
-94.8562	-2558.25	0
-94.2548	-2549.75	0
-93.6445	-2541.25	0
-93.0123	-2533.25	0
-92.3849	-2525.75	0
-91.8071	-2517.25	0
-91.1796	-2509.25	0
-90.5721	-2500.25	0
-89.8774	-2493.25	0
-89.2517	-2485.25	0
-88.6398	-2477.25	0
-87.9551	-2470.75	0
-87.3626	-2460.75	0
-86.7023	-2452.25	0
-86.0722	-2443.25	0
-85.4913	-2434.25	0
-84.9105	-2425.25	0
-84.2603	-2416.75	0
-83.6757	-2406.25	0
-82.9922	-2398.25	0
-82.3314	-2390.25	0
-81.7136	-2381.25	0
-81.0743	-2372.75	0
-80.4767	-2363.25	0
-79.9426	-2352.25	0
-79.218	-2345.25	0
-78.5271	-2337.25	0
-77.8747	-2328.25	0
-77.2727	-2319.25	0
-76.7702	-2308.75	0
-76.2077	-2298.75	0
-75.5344	-2290.65	0
-74.9136	-2281.25	0
-74.2338	-2272.75	0
-73.6566	-2261.25	0
-72.9875	-2252.25	0
-72.4779	-2240.75	0
-71.8848	-2231.25	0
-71.2522	-2222.25	0
-70.652	-2212.25	0
-70.0129	-2203.25	0
-69.4516	-2193.25	0
-68.8902	-2183.25	0
-68.358	-2172.25	0
-67.7373	-2163.25	0
-67.1458	-2153.25	0
-66.5136	-2143.75	0
-65.9394	-2132.75	0
-65.3019	-2122.75	0
-64.6598	-2112.75	0
-64.0156	-2102.75	0
-63.3615	-2091.75	0
-62.6917	-2081.25	0
-62.0077	-2071.25	0
-61.4408	-2060.25	0
-60.8542	-2049.75	0
-60.2633	-2038.25	0
-59.601	-2028.25	0
-58.9725	-2017.25	0
-58.3481	-2006.25	0
-57.6899	-1996.25	0
-57.0662	-1985.25	0
-56.4617	-1973.75	0
-55.8571	-1962.25	0
-55.2944	-1950.25	0
-54.7259	-1938.75	0
-54.1312	-1927.75	0
-53.5574	-1915.75	0
-52.8947	-1906.25	0
-52.2947	-1893.75	0
-51.6192	-1883.25	0
-51.022	-1870.25	0
-50.3806	-1859.25	0
-49.7391	-1848.25	0
-49.1638	-1835.75	0
-48.5463	-1825.25	0
-47.9288	-1814.75	0
-47.3229	-1803.25	0
-46.6951	-1792.25	0
-46.1257	-1779.25	0
-45.4568	-1768.75	0
-44.851	-1756.25	0
-44.2214	-1744.25	0
-43.5866	-1732.25	0
-42.9518	-1720.25	0
-42.2857	-1708.75	0
-41.6746	-1695.25	0
-41.021	-1683.25	0
-40.4085	-1670.25	0
-39.7513	-1658.75	0
-39.1184	-1646.25	0
-38.4888	-1633.25	0
-37.8876	-1619.25	0
-37.2679	-1605.75	0
-36.6464	-1592.25	0
-36.0733	-1577.05	0
-35.4784	-1562.75	0
-34.9741	-1545.25	0
-34.3105	-1532.25	0
-33.5932	-1521.25	0
-33.0196	-1504.75	0
-32.5046	-1488.25	0
-31.9455	-1473.25	0
-31.3569	-1458.75	0
-30.7662	-1444.25	0
-30.1905	-1428.25	0
-29.5979	-1411.75	0
-28.993	-1395.75	0
-28.3124	-1381.25	0
-27.6861	-1364.25	0
-27.0885	-1346.75	0
-26.5428	-1330.25	0
-25.9971	-1313.75	0
-25.3368	-1297.25	0
-24.6819	-1280.45	0
-24.0275	-1263.75	0
-23.4345	-1245.75	0
-22.8188	-1228.75	0
-22.1649	-1212.25	0
-21.5437	-1192.75	0
-20.8643	-1176.25	0
-20.2502	-1158.25	0
-19.659	-1140.25	0
-19.048	-1122.75	0
-18.4152	-1103.75	0
-17.792	-1084.25	0
-17.1477	-1065.75	0
-16.5202	-1046.25	0
-15.9021	-1026.25	0
-15.2383	-1006.75	0
-14.5947	-985.248	0
-13.9345	-964.748	0
-13.282	-943.248	0
-12.6517	-920.248	0
-11.9972	-898.748	0
-11.3844	-875.248	0
-10.7882	-850.748	0
-10.1951	-825.248	0
-9.60382	-798.748	0
-9.01706	-771.748	0
-8.38387	-743.448	0
-7.71051	-718.248	0
-7.12991	-685.748	0
-6.5133	-655.748	0
-5.96059	-620.748	0
-5.29878	-590.048	0
-4.71314	-551.748	0
-4.1009	-512.948	0
-3.4286	-473.048	0
-2.87784	-418.348	0
-2.36532	-364.748	0
-1.93133	-304.748	0
-1.64734	-228.848	0
-1.6869	-18.2479	0
-1.40229	162.152	0
-0.736193	246.352	0
-0.0335802	318.652	0
0.604792	380.852	0
1.28154	436.452	0
1.99558	485.352	0
2.61011	526.852	0
3.22835	567.952	0
3.8598	606.852	0
4.51899	641.652	0
5.10865	683.552	0
5.7396	718.452	0
6.40269	749.252	0
7.08548	778.252	0
7.73672	806.752	0
8.38672	834.252	0
9.11944	855.252	0
9.79002	877.252	0
10.4119	899.972	0
11.1011	918.642	0
11.6622	943.742	0
12.2824	965.132	0
12.8802	987.562	0
13.4991	1008.31	0
14.1259	1028.63	0
14.782	1048.7	0
15.4555	1068.5	0
16.1322	1088.1	0
16.7703	1107.45	0
17.3659	1127.4	0
17.9708	1147.01	0
18.5783	1167.91	0
19.2902	1183.25	0
19.9603	1201.25	0
20.6787	1219.3	0
21.3982	1237.28	0
22.1498	1253.2	0
22.8183	1272.02	0
23.4391	1291.26	0
24.1452	1306.17	0
24.7779	1323.86	0
25.4007	1341.4	0
26.0274	1358.76	0
26.6378	1375.34	0
27.2971	1389.74	0
27.8636	1407.98	0
28.4989	1423.18	0
29.1549	1437.52	0
29.7629	1453.93	0
30.4054	1468.94	0
31.0534	1483.72	0
31.7058	1497.75	0
32.3681	1511.28	0
33.0216	1525.16	0
33.6745	1538.56	0
34.36	1550.67	0
34.993	1564.75	0
35.6403	1575.6	0
36.23	1588.22	0
36.828	1600.79	0
37.4332	1613.41	0
38.0205	1626.6	0
38.5654	1640.88	0
39.1402	1654.21	0
39.7764	1665.41	0
40.3648	1677.94	0
40.9481	1690.68	0
41.5663	1702.7	0
42.2183	1713.66	0
42.832	1726.75	0
43.5193	1738.32	0
44.1671	1751.35	0
44.7926	1764.38	0
45.4438	1775.89	0
46.023	1789.78	0
46.6457	1801.52	0
47.2435	1813.99	0
47.8817	1825.21	0
48.5194	1836.44	0
49.1375	1848.28	0
49.714	1860.97	0
50.3147	1872.75	0
50.9749	1882.75	0
