-98.7184	-2606.75	1.9747
-98.0806	-2598.25	1.94533
-97.3873	-2590.75	1.88593
-96.7145	-2582.75	1.8993
-96.0743	-2574.25	1.86675
-95.4653	-2566.25	1.8022
-94.8562	-2558.25	1.83437
-94.2548	-2549.75	1.85524
-93.6445	-2541.25	1.82653
-93.0123	-2533.25	1.75768
-92.3849	-2525.75	1.80732
-91.8071	-2517.25	1.85151
-91.1796	-2509.25	1.89245
-90.5721	-2500.25	1.82087
-89.8774	-2493.25	1.78326
-89.2517	-2485.25	1.84309
-88.6398	-2477.25	1.80327
-87.9551	-2470.75	1.90537
-87.3626	-2460.75	2.06212
-86.7023	-2452.25	1.99068
-86.0722	-2443.25	1.99898
-85.4913	-2434.25	1.99571
-84.9105	-2425.25	1.95535
-84.2603	-2416.75	2.07073
-83.6757	-2406.25	2.0672
-82.9922	-2398.25	1.95492
-82.3314	-2390.25	1.98468
-81.7136	-2381.25	1.99451
-81.0743	-2372.75	2.03184
-80.4767	-2363.25	2.2143
-79.9426	-2352.25	2.07509
-79.218	-2345.25	1.92683
-78.5271	-2337.25	2.01566
-77.8747	-2328.25	2.04478
-77.2727	-2319.25	2.13044
-76.7702	-2308.75	2.18193
-76.2077	-2298.75	2.06209
-75.5344	-2290.65	2.10463
-74.9136	-2281.25	2.21394
-74.2338	-2272.75	2.31973
-73.6566	-2261.25	2.35753
-72.9875	-2252.25	2.36581
-72.4779	-2240.75	2.41882
-71.8848	-2231.25	2.25808
-71.2522	-2222.25	2.25199
-70.652	-2212.25	2.23432
-70.0129	-2203.25	2.21401
-69.4516	-2193.25	2.25571
-68.8902	-2183.25	2.31614
-68.358	-2172.25	2.2905
-67.7373	-2163.25	2.22083
-67.1458	-2153.25	2.29658
-66.5136	-2143.75	2.40014
-65.9394	-2132.75	2.44737
-65.3019	-2122.75	2.44961
-64.6598	-2112.75	2.49064
-64.0156	-2102.75	2.57845
-63.3615	-2091.75	2.55603
-62.6917	-2081.25	2.47219
-62.0077	-2071.25	2.43233
-61.4408	-2060.25	2.45853
-60.8542	-2049.75	2.49132
-60.2633	-2038.25	2.46942
-59.601	-2028.25	2.4576
-58.9725	-2017.25	2.56848
-58.3481	-2006.25	2.54102
-57.6899	-1996.25	2.53528
-57.0662	-1985.25	2.60475
-56.4617	-1973.75	2.65097
-55.8571	-1962.25	2.64931
-55.2944	-1950.25	2.62174
-54.7259	-1938.75	2.54112
-54.1312	-1927.75	2.6045
-53.5574	-1915.75	2.54449
-52.8947	-1906.25	2.64271
-52.2947	-1893.75	2.73459
-51.6192	-1883.25	2.79115
-51.022	-1870.25	2.82205
-50.3806	-1859.25	2.67412
-49.7391	-1848.25	2.6863
-49.1638	-1835.75	2.61636
-48.5463	-1825.25	2.43925
-47.9288	-1814.75	2.49605
-47.3229	-1803.25	2.55698
-46.6951	-1792.25	2.69284
-46.1257	-1779.25	2.68224
-45.4568	-1768.75	2.65869
-44.851	-1756.25	2.79333
-44.2214	-1744.25	2.7586
-43.5866	-1732.25	2.76861
-42.9518	-1720.25	2.79861
-42.2857	-1708.75	2.83736
-41.6746	-1695.25	2.89157
-41.021	-1683.25	2.87017
-40.4085	-1670.25	2.84052
-39.7513	-1658.75	2.89426
-39.1184	-1646.25	2.94333
-38.4888	-1633.25	3.0874
-37.8876	-1619.25	3.11393
-37.2679	-1605.75	3.07776
-36.6464	-1592.25	3.24228
-36.0733	-1577.05	3.34468
-35.4784	-1562.75	3.56845
-34.9741	-1545.25	3.58922
-34.3105	-1532.25	3.2232
-33.5932	-1521.25	3.42817
-33.0196	-1504.75	3.79458
-32.5046	-1488.25	3.60405
-31.9455	-1473.25	3.40715
-31.3569	-1458.75	3.39355
-30.7662	-1444.25	3.56968
-30.1905	-1428.25	3.89786
-29.5979	-1411.75	4.04064
-28.993	-1395.75	3.98554
-28.3124	-1381.25	3.98059
-27.6861	-1364.25	3.98188
-27.0885	-1346.75	3.93788
-26.5428	-1330.25	3.84663
-25.9971	-1313.75	3.81865
-25.3368	-1297.25	3.87384
-24.6819	-1280.45	4.03254
-24.0275	-1263.75	4.07585
-23.4345	-1245.75	4.05471
-22.8188	-1228.75	4.01605
-22.1649	-1212.25	4.0727
-21.5437	-1192.75	4.09594
-20.8643	-1176.25	4.05337
-20.2502	-1158.25	4.09973
-19.659	-1140.25	4.06552
-19.048	-1122.75	4.16141
-18.4152	-1103.75	4.32234
-17.792	-1084.25	4.35016
-17.1477	-1065.75	4.40173
-16.5202	-1046.25	4.46106
-15.9021	-1026.25	4.55812
-15.2383	-1006.75	4.61854
-14.5947	-985.248	4.72269
-13.9345	-964.748	4.80759
-13.282	-943.248	5.04374
-12.6517	-920.248	5.06114
-11.9972	-898.748	5.15098
-11.3844	-875.248	5.51884
-10.7882	-850.748	5.72631
-10.1951	-825.248	5.98335
-9.60382	-798.748	6.36308
-9.01706	-771.748	6.50226
-8.38387	-743.448	6.7094
-7.71051	-718.248	6.85368
-7.12991	-685.748	7.198
-6.5133	-655.748	7.35655
-5.96059	-620.748	7.61526
-5.29878	-590.048	8.06375
-4.71314	-551.748	9.14652
-4.1009	-512.948	10.0213
-3.4286	-473.048	12.0273
-2.87784	-418.348	15.0834
-2.36532	-364.748	25.6215
-1.93133	-304.748	44.2513
-1.64734	-228.848	76.8746
-1.6869	-18.2479	376.262
-1.40229	162.152	42.0995
-0.736193	246.352	25.671
-0.0335802	318.652	20.7605
0.604792	380.852	15.1736
1.28154	436.452	14.2881
1.99558	485.352	10.5531
2.61011	526.852	9.88045
3.22835	567.952	9.00761
3.8598	606.852	8.87467
4.51899	641.652	8.61062
5.10865	683.552	7.9521
5.7396	718.452	7.31196
6.40269	749.252	6.45098
7.08548	778.252	6.20094
7.73672	806.752	5.96299
8.38672	834.252	5.49617
9.11944	855.252	5.03541
9.79002	877.252	4.94148
10.4119	899.972	4.95858
11.1011	918.642	4.86086
11.6622	943.742	4.99575
12.2824	965.132	4.89406
12.8802	987.562	4.77683
13.4991	1008.31	4.66559
14.1259	1028.63	4.71758
14.782	1048.7	4.72064
15.4555	1068.5	4.51178
16.1322	1088.1	4.34214
16.7703	1107.45	4.28298
17.3659	1127.4	4.1606
17.9708	1147.01	4.11322
18.5783	1167.91	3.86738
19.2902	1183.25	3.84448
19.9603	1201.25	4.00422
20.6787	1219.3	3.99638
21.3982	1237.28	3.84681
22.1498	1253.2	3.8134
22.8183	1272.02	4.0329
23.4391	1291.26	3.72539
24.1452	1306.17	3.74241
24.7779	1323.86	3.82218
25.4007	1341.4	3.77527
26.0274	1358.76	3.73109
26.6378	1375.34	3.52652
27.2971	1389.74	3.62763
27.8636	1407.98	3.63956
28.4989	1423.18	3.39149
29.1549	1437.52	3.44709
29.7629	1453.93	3.41697
30.4054	1468.94	3.32334
31.0534	1483.72	3.23006
31.7058	1497.75	3.2228
32.3681	1511.28	3.19332
33.0216	1525.16	3.14059
33.6745	1538.56	3.06541
34.36	1550.67	3.09237
34.993	1564.75	2.96443
35.6403	1575.6	2.82366
36.23	1588.22	2.90558
36.828	1600.79	2.90996
37.4332	1613.41	2.94395
38.0205	1626.6	3.07129
38.5654	1640.88	3.04848
39.1402	1654.21	2.84565
39.7764	1665.41	2.77043
40.3648	1677.94	2.89959
40.9481	1690.68	2.87027
41.5663	1702.7	2.81802
42.2183	1713.66	2.91782
42.832	1726.75	2.9483
43.5193	1738.32	2.94805
44.1671	1751.35	3.00139
44.7926	1764.38	2.92125
45.4438	1775.89	2.90923
46.023	1789.78	2.86008
46.6457	1801.52	2.74198
47.2435	1813.99	2.6947
47.8817	1825.21	2.63951
48.5194	1836.44	2.65439
49.1375	1848.28	2.77722
49.714	1860.97	2.77255
50.3147	1872.75	2.56666
50.9749	1882.75	2.46407
