#theta_0	N_0	probability

-0.0003936	0.104	3.1485e-53
-0.0003808	0.104	3.9304e-50
-0.000368	0.104	4.11982e-47
-0.0003552	0.104	1.87363e-44
-0.0003424	0.104	1.58096e-41
-0.0003296	0.104	1.65156e-38
-0.0003168	0.104	1.8436e-35
-0.000304	0.104	1.42847e-33
-0.0002912	0.104	8.77321e-33
-0.0002784	0.104	2.40082e-30
-0.0002656	0.104	9.90286e-29
-0.0002528	0.104	2.6265e-27
-0.00024	0.104	4.67788e-27
-0.0002272	0.104	5.01438e-25
-0.0002144	0.104	5.43707e-25
-0.0002016	0.104	3.60427e-23
-0.0001888	0.104	7.53926e-24
-0.000176	0.104	3.63907e-22
-0.0001632	0.104	2.73187e-21
-0.0001504	0.104	1.52908e-22
-0.0001376	0.104	1.40188e-22
-0.0001248	0.104	6.14634e-21
-0.000112	0.104	8.26672e-21
-9.92e-05	0.104	3.60131e-20
-8.64e-05	0.104	9.19073e-23
-7.36e-05	0.104	1.68475e-23
-6.08e-05	0.104	7.90706e-25
-4.8e-05	0.104	6.90204e-24
-3.52e-05	0.104	5.86403e-24
-2.24e-05	0.104	1.13718e-23
-9.6e-06	0.104	0
3.2e-06	0.104	0
1.6e-05	0.104	0
2.88e-05	0.104	0
4.16e-05	0.104	0
5.44e-05	0.104	0
6.72e-05	0.104	0
8e-05	0.104	0
9.28e-05	0.104	0
0.0001056	0.104	0
0.0001184	0.104	0
0.0001312	0.104	0
0.000144	0.104	0
0.0001568	0.104	0
0.0001696	0.104	0
0.0001824	0.104	0
0.0001952	0.104	0
0.000208	0.104	0
0.0002208	0.104	0
0.0002336	0.104	0
-0.0003936	0.112	5.49545e-51
-0.0003808	0.112	1.16786e-47
-0.000368	0.112	2.03878e-45
-0.0003552	0.112	6.02963e-43
-0.0003424	0.112	2.33652e-40
-0.0003296	0.112	2.14919e-37
-0.0003168	0.112	2.08849e-34
-0.000304	0.112	9.68257e-32
-0.0002912	0.112	1.97026e-30
-0.0002784	0.112	2.41626e-29
-0.0002656	0.112	1.2772e-27
-0.0002528	0.112	5.71399e-26
-0.00024	0.112	7.33646e-24
-0.0002272	0.112	1.00101e-22
-0.0002144	0.112	1.77273e-21
-0.0002016	0.112	6.37837e-22
-0.0001888	0.112	9.35457e-21
-0.000176	0.112	8.08055e-19
-0.0001632	0.112	5.08016e-19
-0.0001504	0.112	1.13987e-18
-0.0001376	0.112	2.18286e-19
-0.0001248	0.112	8.7852e-20
-0.000112	0.112	2.01215e-19
-9.92e-05	0.112	1.63402e-18
-8.64e-05	0.112	8.72871e-18
-7.36e-05	0.112	2.94105e-18
-6.08e-05	0.112	8.2183e-19
-4.8e-05	0.112	5.07132e-22
-3.52e-05	0.112	1.44122e-21
-2.24e-05	0.112	2.8038e-22
-9.6e-06	0.112	6.17971e-22
3.2e-06	0.112	3.33107e-24
1.6e-05	0.112	1.68054e-25
2.88e-05	0.112	4.1332e-26
4.16e-05	0.112	5.08771e-30
5.44e-05	0.112	5.03254e-33
6.72e-05	0.112	3.55622e-33
8e-05	0.112	6.44077e-35
9.28e-05	0.112	8.20684e-38
0.0001056	0.112	1.5173e-39
0.0001184	0.112	0
0.0001312	0.112	0
0.000144	0.112	0
0.0001568	0.112	0
0.0001696	0.112	0
0.0001824	0.112	0
0.0001952	0.112	0
0.000208	0.112	0
0.0002208	0.112	0
0.0002336	0.112	0
-0.0003936	0.12	3.52755e-47
-0.0003808	0.12	5.6997e-45
-0.000368	0.12	2.95308e-42
-0.0003552	0.12	1.53036e-41
-0.0003424	0.12	1.0448e-39
-0.0003296	0.12	5.35741e-37
-0.0003168	0.12	8.19186e-34
-0.000304	0.12	2.45156e-31
-0.0002912	0.12	2.16953e-28
-0.0002784	0.12	9.34914e-27
-0.0002656	0.12	1.1099e-25
-0.0002528	0.12	1.98776e-24
-0.00024	0.12	2.27986e-22
-0.0002272	0.12	9.66444e-22
-0.0002144	0.12	1.88748e-19
-0.0002016	0.12	5.20677e-19
-0.0001888	0.12	9.09989e-17
-0.000176	0.12	2.58634e-17
-0.0001632	0.12	1.00832e-16
-0.0001504	0.12	8.08857e-15
-0.0001376	0.12	5.61473e-16
-0.0001248	0.12	1.07883e-15
-0.000112	0.12	1.64506e-15
-9.92e-05	0.12	3.2074e-15
-8.64e-05	0.12	9.61462e-17
-7.36e-05	0.12	4.01305e-17
-6.08e-05	0.12	1.22582e-16
-4.8e-05	0.12	1.71597e-17
-3.52e-05	0.12	3.44061e-17
-2.24e-05	0.12	3.25161e-19
-9.6e-06	0.12	1.57878e-20
3.2e-06	0.12	5.46371e-20
1.6e-05	0.12	8.08564e-21
2.88e-05	0.12	6.70778e-24
4.16e-05	0.12	3.88598e-25
5.44e-05	0.12	1.07023e-28
6.72e-05	0.12	2.47368e-31
8e-05	0.12	3.22462e-32
9.28e-05	0.12	2.46253e-35
0.0001056	0.12	2.48011e-38
0.0001184	0.12	1.52908e-39
0.0001312	0.12	2.20694e-41
0.000144	0.12	1.32378e-42
0.0001568	0.12	3.53323e-44
0.0001696	0.12	1.06121e-47
0.0001824	0.12	9.08886e-52
0.0001952	0.12	9.3772e-53
0.000208	0.12	7.52267e-57
0.0002208	0.12	2.35627e-60
0.0002336	0.12	1.4651e-62
-0.0003936	0.128	6.8572e-46
-0.0003808	0.128	1.21532e-42
-0.000368	0.128	7.18749e-41
-0.0003552	0.128	4.31697e-38
-0.0003424	0.128	2.28917e-35
-0.0003296	0.128	4.72567e-34
-0.0003168	0.128	2.96347e-33
-0.000304	0.128	4.35743e-30
-0.0002912	0.128	1.3627e-27
-0.0002784	0.128	1.53391e-25
-0.0002656	0.128	9.9746e-24
-0.0002528	0.128	1.3201e-21
-0.00024	0.128	3.99517e-21
-0.0002272	0.128	2.4086e-19
-0.0002144	0.128	3.9827e-19
-0.0002016	0.128	1.01612e-16
-0.0001888	0.128	3.98541e-16
-0.000176	0.128	5.55808e-15
-0.0001632	0.128	3.61443e-14
-0.0001504	0.128	3.1464e-13
-0.0001376	0.128	7.48835e-13
-0.0001248	0.128	3.91601e-12
-0.000112	0.128	7.79623e-14
-9.92e-05	0.128	2.08833e-13
-8.64e-05	0.128	1.09858e-13
-7.36e-05	0.128	3.50391e-13
-6.08e-05	0.128	3.86934e-15
-4.8e-05	0.128	1.87719e-14
-3.52e-05	0.128	4.19313e-17
-2.24e-05	0.128	9.48599e-17
-9.6e-06	0.128	2.48242e-18
3.2e-06	0.128	1.45153e-18
1.6e-05	0.128	1.00991e-18
2.88e-05	0.128	2.23952e-20
4.16e-05	0.128	1.89254e-22
5.44e-05	0.128	2.08721e-24
6.72e-05	0.128	2.76873e-25
8e-05	0.128	1.24377e-28
9.28e-05	0.128	2.19305e-30
0.0001056	0.128	4.71438e-33
0.0001184	0.128	4.12505e-36
0.0001312	0.128	1.06241e-39
0.000144	0.128	2.00169e-42
0.0001568	0.128	1.34311e-42
0.0001696	0.128	2.32749e-44
0.0001824	0.128	1.03196e-46
0.0001952	0.128	8.16561e-50
0.000208	0.128	2.33632e-54
0.0002208	0.128	1.20235e-55
0.0002336	0.128	2.69158e-61
-0.0003936	0.136	1.19947e-41
-0.0003808	0.136	1.21224e-39
-0.000368	0.136	1.01871e-36
-0.0003552	0.136	7.04169e-35
-0.0003424	0.136	4.16487e-32
-0.0003296	0.136	3.93174e-30
-0.0003168	0.136	7.02508e-28
-0.000304	0.136	2.15644e-27
-0.0002912	0.136	1.82099e-25
-0.0002784	0.136	2.83644e-24
-0.0002656	0.136	2.25438e-21
-0.0002528	0.136	9.87074e-21
-0.00024	0.136	2.2756e-19
-0.0002272	0.136	2.20633e-18
-0.0002144	0.136	1.00494e-16
-0.0002016	0.136	3.15357e-16
-0.0001888	0.136	1.61556e-15
-0.000176	0.136	2.86103e-15
-0.0001632	0.136	2.01823e-13
-0.0001504	0.136	1.26383e-12
-0.0001376	0.136	5.94022e-11
-0.0001248	0.136	5.06441e-10
-0.000112	0.136	4.57743e-09
-9.92e-05	0.136	2.63496e-11
-8.64e-05	0.136	3.3656e-13
-7.36e-05	0.136	5.95032e-13
-6.08e-05	0.136	8.79738e-13
-4.8e-05	0.136	5.83126e-13
-3.52e-05	0.136	9.92454e-14
-2.24e-05	0.136	2.0906e-15
-9.6e-06	0.136	6.1709e-15
3.2e-06	0.136	5.55818e-17
1.6e-05	0.136	1.56948e-16
2.88e-05	0.136	3.36294e-18
4.16e-05	0.136	1.99966e-18
5.44e-05	0.136	3.07167e-20
6.72e-05	0.136	2.87704e-23
8e-05	0.136	5.36152e-25
9.28e-05	0.136	8.33894e-26
0.0001056	0.136	1.25246e-30
0.0001184	0.136	4.02907e-33
0.0001312	0.136	1.66566e-35
0.000144	0.136	7.32899e-37
0.0001568	0.136	1.53918e-41
0.0001696	0.136	9.02602e-44
0.0001824	0.136	2.76757e-45
0.0001952	0.136	7.03446e-48
0.000208	0.136	2.60155e-51
0.0002208	0.136	3.8009e-53
0.0002336	0.136	3.96964e-57
-0.0003936	0.144	4.04141e-39
-0.0003808	0.144	1.2644e-37
-0.000368	0.144	4.57339e-35
-0.0003552	0.144	3.40663e-32
-0.0003424	0.144	7.11899e-30
-0.0003296	0.144	1.0294e-28
-0.0003168	0.144	4.90614e-26
-0.000304	0.144	5.69473e-24
-0.0002912	0.144	3.87504e-22
-0.0002784	0.144	1.44256e-18
-0.0002656	0.144	1.08654e-18
-0.0002528	0.144	8.30621e-18
-0.00024	0.144	5.75529e-17
-0.0002272	0.144	3.61404e-16
-0.0002144	0.144	3.75014e-15
-0.0002016	0.144	1.16268e-13
-0.0001888	0.144	7.39101e-12
-0.000176	0.144	1.07028e-11
-0.0001632	0.144	1.0902e-12
-0.0001504	0.144	1.63677e-11
-0.0001376	0.144	1.93301e-10
-0.0001248	0.144	3.75705e-08
-0.000112	0.144	1.2188e-07
-9.92e-05	0.144	1.69677e-08
-8.64e-05	0.144	6.60632e-08
-7.36e-05	0.144	3.352e-11
-6.08e-05	0.144	6.38354e-12
-4.8e-05	0.144	1.08095e-11
-3.52e-05	0.144	2.67796e-12
-2.24e-05	0.144	3.36303e-12
-9.6e-06	0.144	3.46869e-13
3.2e-06	0.144	2.58944e-14
1.6e-05	0.144	7.84049e-15
2.88e-05	0.144	1.18596e-14
4.16e-05	0.144	1.72479e-15
5.44e-05	0.144	8.73226e-19
6.72e-05	0.144	1.42316e-19
8e-05	0.144	8.14644e-22
9.28e-05	0.144	9.8946e-23
0.0001056	0.144	2.76709e-26
0.0001184	0.144	1.73249e-28
0.0001312	0.144	4.46303e-34
0.000144	0.144	7.49833e-36
0.0001568	0.144	1.61381e-38
0.0001696	0.144	5.56029e-41
0.0001824	0.144	2.75902e-42
0.0001952	0.144	2.34972e-46
0.000208	0.144	6.65978e-49
0.0002208	0.144	5.68604e-51
0.0002336	0.144	2.29139e-54
-0.0003936	0.152	9.7059e-39
-0.0003808	0.152	5.14887e-36
-0.000368	0.152	3.1172e-34
-0.0003552	0.152	9.64525e-31
-0.0003424	0.152	4.9414e-29
-0.0003296	0.152	4.97345e-27
-0.0003168	0.152	2.7218e-24
-0.000304	0.152	1.01133e-22
-0.0002912	0.152	1.4969e-19
-0.0002784	0.152	2.3329e-17
-0.0002656	0.152	3.76322e-16
-0.0002528	0.152	1.47026e-14
-0.00024	0.152	4.48391e-15
-0.0002272	0.152	9.95588e-14
-0.0002144	0.152	9.12936e-13
-0.0002016	0.152	7.77083e-13
-0.0001888	0.152	1.24497e-11
-0.000176	0.152	1.28482e-09
-0.0001632	0.152	8.81358e-09
-0.0001504	0.152	5.66144e-08
-0.0001376	0.152	5.59538e-07
-0.0001248	0.152	5.08731e-06
-0.000112	0.152	1.07847e-05
-9.92e-05	0.152	0.000110877
-8.64e-05	0.152	7.71392e-05
-7.36e-05	0.152	4.70988e-05
-6.08e-05	0.152	2.91987e-05
-4.8e-05	0.152	3.68407e-08
-3.52e-05	0.152	1.81272e-09
-2.24e-05	0.152	1.8397e-10
-9.6e-06	0.152	2.10117e-11
3.2e-06	0.152	7.92351e-12
1.6e-05	0.152	2.25085e-12
2.88e-05	0.152	2.74787e-15
4.16e-05	0.152	1.2149e-15
5.44e-05	0.152	5.3417e-17
6.72e-05	0.152	1.22701e-17
8e-05	0.152	2.09638e-18
9.28e-05	0.152	3.17657e-22
0.0001056	0.152	1.04528e-24
0.0001184	0.152	1.45048e-25
0.0001312	0.152	3.25056e-28
0.000144	0.152	6.36255e-32
0.0001568	0.152	7.30698e-38
0.0001696	0.152	2.2247e-39
0.0001824	0.152	1.10496e-41
0.0001952	0.152	2.85701e-43
0.000208	0.152	8.69126e-46
0.0002208	0.152	2.96628e-48
0.0002336	0.152	1.98283e-52
-0.0003936	0.16	2.4075e-37
-0.0003808	0.16	2.76004e-35
-0.000368	0.16	4.05855e-32
-0.0003552	0.16	1.95068e-30
-0.0003424	0.16	4.34719e-28
-0.0003296	0.16	1.10131e-25
-0.0003168	0.16	6.32988e-23
-0.000304	0.16	2.25051e-19
-0.0002912	0.16	1.3936e-17
-0.0002784	0.16	5.91451e-16
-0.0002656	0.16	1.13933e-14
-0.0002528	0.16	6.56131e-13
-0.00024	0.16	3.70686e-12
-0.0002272	0.16	8.78783e-11
-0.0002144	0.16	3.8158e-10
-0.0002016	0.16	2.41112e-10
-0.0001888	0.16	6.1586e-10
-0.000176	0.16	2.34108e-08
-0.0001632	0.16	2.90703e-07
-0.0001504	0.16	7.2146e-06
-0.0001376	0.16	1.2716e-05
-0.0001248	0.16	1.10489e-05
-0.000112	0.16	8.0134e-05
-9.92e-05	0.16	1.91312e-05
-8.64e-05	0.16	6.67494e-05
-7.36e-05	0.16	0.000128305
-6.08e-05	0.16	0.000123319
-4.8e-05	0.16	3.19135e-06
-3.52e-05	0.16	2.38737e-06
-2.24e-05	0.16	5.56596e-08
-9.6e-06	0.16	3.52309e-08
3.2e-06	0.16	4.68327e-10
1.6e-05	0.16	6.39224e-11
2.88e-05	0.16	1.01159e-11
4.16e-05	0.16	2.20673e-12
5.44e-05	0.16	5.67167e-14
6.72e-05	0.16	4.04098e-15
8e-05	0.16	2.04762e-16
9.28e-05	0.16	3.19847e-17
0.0001056	0.16	2.25901e-19
0.0001184	0.16	9.3076e-24
0.0001312	0.16	1.21402e-24
0.000144	0.16	1.67352e-26
0.0001568	0.16	1.57992e-31
0.0001696	0.16	1.46895e-33
0.0001824	0.16	1.62389e-40
0.0001952	0.16	2.43262e-42
0.000208	0.16	1.09271e-44
0.0002208	0.16	2.91093e-47
0.0002336	0.16	2.14548e-49
-0.0003936	0.168	4.09041e-37
-0.0003808	0.168	6.88468e-34
-0.000368	0.168	2.35063e-31
-0.0003552	0.168	3.09401e-29
-0.0003424	0.168	6.48502e-27
-0.0003296	0.168	5.09798e-24
-0.0003168	0.168	8.81562e-22
-0.000304	0.168	1.74959e-18
-0.0002912	0.168	4.46904e-17
-0.0002784	0.168	5.32397e-15
-0.0002656	0.168	6.16705e-13
-0.0002528	0.168	2.10971e-10
-0.00024	0.168	7.25067e-09
-0.0002272	0.168	4.21141e-10
-0.0002144	0.168	1.87048e-09
-0.0002016	0.168	1.71103e-09
-0.0001888	0.168	1.48572e-08
-0.000176	0.168	1.20888e-07
-0.0001632	0.168	2.61904e-06
-0.0001504	0.168	9.85037e-05
-0.0001376	0.168	9.3856e-05
-0.0001248	0.168	9.41561e-06
-0.000112	0.168	4.8056e-05
-9.92e-05	0.168	0.000886555
-8.64e-05	0.168	0.000390236
-7.36e-05	0.168	0.000423005
-6.08e-05	0.168	0.000358313
-4.8e-05	0.168	0.000305791
-3.52e-05	0.168	0.00012534
-2.24e-05	0.168	9.09277e-06
-9.6e-06	0.168	4.92585e-06
3.2e-06	0.168	2.08715e-07
1.6e-05	0.168	4.85076e-09
2.88e-05	0.168	2.87959e-11
4.16e-05	0.168	7.87703e-12
5.44e-05	0.168	9.37505e-12
6.72e-05	0.168	2.51101e-13
8e-05	0.168	2.01329e-14
9.28e-05	0.168	1.96071e-16
0.0001056	0.168	6.54258e-18
0.0001184	0.168	2.43478e-20
0.0001312	0.168	4.20107e-22
0.000144	0.168	6.91901e-24
0.0001568	0.168	2.80476e-25
0.0001696	0.168	3.80827e-28
0.0001824	0.168	4.6019e-32
0.0001952	0.168	3.81516e-35
0.000208	0.168	5.53824e-40
0.0002208	0.168	1.59149e-43
0.0002336	0.168	1.15059e-73
-0.0003936	0.176	4.48519e-35
-0.0003808	0.176	1.82897e-32
-0.000368	0.176	2.1951e-31
-0.0003552	0.176	1.5239e-29
-0.0003424	0.176	3.8588e-27
-0.0003296	0.176	4.76775e-24
-0.0003168	0.176	3.06403e-21
-0.000304	0.176	3.03135e-19
-0.0002912	0.176	9.3586e-18
-0.0002784	0.176	2.60072e-15
-0.0002656	0.176	1.63483e-13
-0.0002528	0.176	1.51707e-11
-0.00024	0.176	7.91382e-09
-0.0002272	0.176	1.11487e-07
-0.0002144	0.176	3.30377e-07
-0.0002016	0.176	6.43625e-06
-0.0001888	0.176	4.86738e-06
-0.000176	0.176	7.83344e-06
-0.0001632	0.176	0.000109595
-0.0001504	0.176	9.73866e-05
-0.0001376	0.176	0.00105344
-0.0001248	0.176	0.00447683
-0.000112	0.176	0.00374736
-9.92e-05	0.176	0.0352808
-8.64e-05	0.176	0.041541
-7.36e-05	0.176	0.0278223
-6.08e-05	0.176	0.000632533
-4.8e-05	0.176	0.00314128
-3.52e-05	0.176	0.00208538
-2.24e-05	0.176	0.000489439
-9.6e-06	0.176	0.000213724
3.2e-06	0.176	2.14417e-05
1.6e-05	0.176	2.19681e-06
2.88e-05	0.176	1.79933e-08
4.16e-05	0.176	6.48942e-10
5.44e-05	0.176	9.39437e-11
6.72e-05	0.176	2.82839e-12
8e-05	0.176	1.26448e-13
9.28e-05	0.176	1.55687e-22
0.0001056	0.176	3.26774e-54
0.0001184	0.176	6.43145e-120
0.0001312	0.176	0
0.000144	0.176	0
0.0001568	0.176	0
0.0001696	0.176	0
0.0001824	0.176	0
0.0001952	0.176	0
0.000208	0.176	0
0.0002208	0.176	0
0.0002336	0.176	0
-0.0003936	0.184	1.82068e-34
-0.0003808	0.184	1.92736e-32
-0.000368	0.184	1.65662e-30
-0.0003552	0.184	9.96515e-28
-0.0003424	0.184	1.35755e-24
-0.0003296	0.184	1.5405e-21
-0.0003168	0.184	8.308e-20
-0.000304	0.184	6.63287e-18
-0.0002912	0.184	2.37585e-15
-0.0002784	0.184	1.74734e-13
-0.0002656	0.184	4.05379e-12
-0.0002528	0.184	3.63508e-10
-0.00024	0.184	5.68585e-08
-0.0002272	0.184	2.15609e-07
-0.0002144	0.184	4.26757e-06
-0.0002016	0.184	0.000192962
-0.0001888	0.184	0.00846955
-0.000176	0.184	0.025108
-0.0001632	0.184	0.00822057
-0.0001504	0.184	0.00857629
-0.0001376	0.184	0.011824
-0.0001248	0.184	0.0411606
-0.000112	0.184	0.180891
-9.92e-05	0.184	0.111413
-8.64e-05	0.184	0.400931
-7.36e-05	0.184	0.866845
-6.08e-05	0.184	1.59257
-4.8e-05	0.184	0.0893063
-3.52e-05	0.184	1.59564e-28
-2.24e-05	0.184	3.61531e-76
-9.6e-06	0.184	2.95709e-314
3.2e-06	0.184	8.43525e-315
1.6e-05	0.184	5.20486e-316
2.88e-05	0.184	6.52211e-317
4.16e-05	0.184	9.57663e-318
5.44e-05	0.184	2.57902e-321
6.72e-05	0.184	3.85371e-322
8e-05	0.184	5.92879e-323
9.28e-05	0.184	0
0.0001056	0.184	0
0.0001184	0.184	0
0.0001312	0.184	0
0.000144	0.184	0
0.0001568	0.184	0
0.0001696	0.184	0
0.0001824	0.184	0
0.0001952	0.184	0
0.000208	0.184	0
0.0002208	0.184	0
0.0002336	0.184	0
-0.0003936	0.192	1.22224e-33
-0.0003808	0.192	5.12258e-31
-0.000368	0.192	1.7547e-27
-0.0003552	0.192	7.65935e-26
-0.0003424	0.192	8.58911e-23
-0.0003296	0.192	3.8847e-21
-0.0003168	0.192	1.60095e-19
-0.000304	0.192	4.55987e-17
-0.0002912	0.192	3.30934e-15
-0.0002784	0.192	2.7163e-13
-0.0002656	0.192	3.86877e-11
-0.0002528	0.192	1.85655e-09
-0.00024	0.192	3.04139e-08
-0.0002272	0.192	9.80485e-07
-0.0002144	0.192	0.000393043
-0.0002016	0.192	0.0107745
-0.0001888	0.192	0.148294
-0.000176	0.192	1.31324e-25
-0.0001632	0.192	4.64105e-68
-0.0001504	0.192	2.28841e-311
-0.0001376	0.192	1.24612e-310
-0.0001248	0.192	7.19749e-311
-0.000112	0.192	1.84227e-310
-9.92e-05	0.192	3.5991e-310
-8.64e-05	0.192	9.8255e-312
-7.36e-05	0.192	3.78496e-311
-6.08e-05	0.192	1.3461e-309
-4.8e-05	0.192	2.83393e-311
-3.52e-05	0.192	1.77053e-311
-2.24e-05	0.192	2.64626e-311
-9.6e-06	0.192	3.37735e-314
3.2e-06	0.192	1.87347e-314
1.6e-05	0.192	9.15855e-315
2.88e-05	0.192	3.66449e-315
4.16e-05	0.192	1.37479e-315
5.44e-05	0.192	1.77608e-317
6.72e-05	0.192	4.45795e-320
8e-05	0.192	1.28457e-322
9.28e-05	0.192	1.4822e-323
0.0001056	0.192	0
0.0001184	0.192	0
0.0001312	0.192	0
0.000144	0.192	0
0.0001568	0.192	0
0.0001696	0.192	0
0.0001824	0.192	0
0.0001952	0.192	0
0.000208	0.192	0
0.0002208	0.192	0
0.0002336	0.192	0
-0.0003936	0.2	2.41732e-33
-0.0003808	0.2	1.6126e-30
-0.000368	0.2	3.19918e-26
-0.0003552	0.2	5.53077e-23
-0.0003424	0.2	9.94495e-21
-0.0003296	0.2	5.09829e-27
-0.0003168	0.2	1.06443e-49
-0.000304	0.2	3.014e-96
-0.0002912	0.2	0
-0.0002784	0.2	4.94066e-324
-0.0002656	0.2	2.96439e-322
-0.0002528	0.2	1.30582e-320
-0.00024	0.2	2.29568e-319
-0.0002272	0.2	3.46154e-317
-0.0002144	0.2	5.44741e-315
-0.0002016	0.2	4.30505e-313
-0.0001888	0.2	4.52443e-312
-0.000176	0.2	4.01737e-311
-0.0001632	0.2	9.47026e-311
-0.0001504	0.2	4.00793e-310
-0.0001376	0.2	8.48292e-309
-0.0001248	0.2	4.73998e-309
-0.000112	0.2	1.27895e-308
-9.92e-05	0.2	1.10215e-309
-8.64e-05	0.2	1.24122e-309
-7.36e-05	0.2	1.19629e-309
-6.08e-05	0.2	6.33649e-309
-4.8e-05	0.2	1.47798e-308
-3.52e-05	0.2	1.01162e-309
-2.24e-05	0.2	2.10859e-310
-9.6e-06	0.2	7.01664e-311
3.2e-06	0.2	9.85569e-312
1.6e-05	0.2	9.95573e-313
2.88e-05	0.2	5.8401e-314
4.16e-05	0.2	1.79815e-314
5.44e-05	0.2	2.14856e-315
6.72e-05	0.2	8.48985e-317
8e-05	0.2	1.31016e-319
9.28e-05	0.2	1.68476e-321
0.0001056	0.2	2.96439e-323
0.0001184	0.2	0
0.0001312	0.2	0
0.000144	0.2	0
0.0001568	0.2	0
0.0001696	0.2	0
0.0001824	0.2	0
0.0001952	0.2	0
0.000208	0.2	0
0.0002208	0.2	0
0.0002336	0.2	0
-0.0003936	0.208	0
-0.0003808	0.208	0
-0.000368	0.208	0
-0.0003552	0.208	0
-0.0003424	0.208	0
-0.0003296	0.208	0
-0.0003168	0.208	0
-0.000304	0.208	0
-0.0002912	0.208	0
-0.0002784	0.208	4.94066e-324
-0.0002656	0.208	2.96439e-322
-0.0002528	0.208	6.80822e-321
-0.00024	0.208	1.60133e-318
-0.0002272	0.208	4.07856e-316
-0.0002144	0.208	8.81843e-315
-0.0002016	0.208	1.69745e-312
-0.0001888	0.208	5.43326e-311
-0.000176	0.208	8.70033e-311
-0.0001632	0.208	3.56865e-310
-0.0001504	0.208	2.41747e-309
-0.0001376	0.208	7.21798e-309
-0.0001248	0.208	3.81779e-308
-0.000112	0.208	1.09736e-307
-9.92e-05	0.208	6.46055e-308
-8.64e-05	0.208	7.5805e-308
-7.36e-05	0.208	6.87942e-308
-6.08e-05	0.208	8.98971e-309
-4.8e-05	0.208	3.93235e-308
-3.52e-05	0.208	1.50035e-307
-2.24e-05	0.208	7.31426e-313
-9.6e-06	0.208	0
3.2e-06	0.208	0
1.6e-05	0.208	0
2.88e-05	0.208	0
4.16e-05	0.208	0
5.44e-05	0.208	0
6.72e-05	0.208	0
8e-05	0.208	0
9.28e-05	0.208	0
0.0001056	0.208	0
0.0001184	0.208	0
0.0001312	0.208	0
0.000144	0.208	0
0.0001568	0.208	0
0.0001696	0.208	0
0.0001824	0.208	0
0.0001952	0.208	0
0.000208	0.208	0
0.0002208	0.208	0
0.0002336	0.208	0
-0.0003936	0.216	0
-0.0003808	0.216	0
-0.000368	0.216	0
-0.0003552	0.216	0
-0.0003424	0.216	0
-0.0003296	0.216	0
-0.0003168	0.216	0
-0.000304	0.216	4.94066e-324
-0.0002912	0.216	1.4822e-323
-0.0002784	0.216	1.63042e-322
-0.0002656	0.216	2.32211e-321
-0.0002528	0.216	2.87497e-320
-0.00024	0.216	6.82279e-318
-0.0002272	0.216	3.52601e-316
-0.0002144	0.216	4.19062e-314
-0.0002016	0.216	2.45658e-312
-0.0001888	0.216	1.17361e-310
-0.000176	0.216	5.40091e-314
-0.0001632	0.216	0
-0.0001504	0.216	0
-0.0001376	0.216	0
-0.0001248	0.216	0
-0.000112	0.216	0
-9.92e-05	0.216	0
-8.64e-05	0.216	0
-7.36e-05	0.216	0
-6.08e-05	0.216	0
-4.8e-05	0.216	0
-3.52e-05	0.216	0
-2.24e-05	0.216	0
-9.6e-06	0.216	0
3.2e-06	0.216	0
1.6e-05	0.216	0
2.88e-05	0.216	0
4.16e-05	0.216	0
5.44e-05	0.216	0
6.72e-05	0.216	0
8e-05	0.216	0
9.28e-05	0.216	0
0.0001056	0.216	0
0.0001184	0.216	0
0.0001312	0.216	0
0.000144	0.216	0
0.0001568	0.216	0
0.0001696	0.216	0
0.0001824	0.216	0
0.0001952	0.216	0
0.000208	0.216	0
0.0002208	0.216	0
0.0002336	0.216	0
-0.0003936	0.224	0
-0.0003808	0.224	0
-0.000368	0.224	0
-0.0003552	0.224	0
-0.0003424	0.224	0
-0.0003296	0.224	0
-0.0003168	0.224	0
-0.000304	0.224	0
-0.0002912	0.224	0
-0.0002784	0.224	0
-0.0002656	0.224	0
-0.0002528	0.224	0
-0.00024	0.224	0
-0.0002272	0.224	0
-0.0002144	0.224	0
-0.0002016	0.224	0
-0.0001888	0.224	0
-0.000176	0.224	0
-0.0001632	0.224	0
-0.0001504	0.224	0
-0.0001376	0.224	0
-0.0001248	0.224	0
-0.000112	0.224	0
-9.92e-05	0.224	0
-8.64e-05	0.224	0
-7.36e-05	0.224	0
-6.08e-05	0.224	0
-4.8e-05	0.224	0
-3.52e-05	0.224	0
-2.24e-05	0.224	0
-9.6e-06	0.224	0
3.2e-06	0.224	0
1.6e-05	0.224	0
2.88e-05	0.224	0
4.16e-05	0.224	0
5.44e-05	0.224	0
6.72e-05	0.224	0
8e-05	0.224	0
9.28e-05	0.224	0
0.0001056	0.224	0
0.0001184	0.224	0
0.0001312	0.224	0
0.000144	0.224	0
0.0001568	0.224	0
0.0001696	0.224	0
0.0001824	0.224	0
0.0001952	0.224	0
0.000208	0.224	0
0.0002208	0.224	0
0.0002336	0.224	0
-0.0003936	0.232	0
-0.0003808	0.232	0
-0.000368	0.232	0
-0.0003552	0.232	0
-0.0003424	0.232	0
-0.0003296	0.232	0
-0.0003168	0.232	0
-0.000304	0.232	0
-0.0002912	0.232	0
-0.0002784	0.232	0
-0.0002656	0.232	0
-0.0002528	0.232	0
-0.00024	0.232	0
-0.0002272	0.232	0
-0.0002144	0.232	0
-0.0002016	0.232	0
-0.0001888	0.232	0
-0.000176	0.232	0
-0.0001632	0.232	0
-0.0001504	0.232	0
-0.0001376	0.232	0
-0.0001248	0.232	0
-0.000112	0.232	0
-9.92e-05	0.232	0
-8.64e-05	0.232	0
-7.36e-05	0.232	0
-6.08e-05	0.232	0
-4.8e-05	0.232	0
-3.52e-05	0.232	0
-2.24e-05	0.232	0
-9.6e-06	0.232	0
3.2e-06	0.232	0
1.6e-05	0.232	0
2.88e-05	0.232	0
4.16e-05	0.232	0
5.44e-05	0.232	0
6.72e-05	0.232	0
8e-05	0.232	0
9.28e-05	0.232	0
0.0001056	0.232	0
0.0001184	0.232	0
0.0001312	0.232	0
0.000144	0.232	0
0.0001568	0.232	0
0.0001696	0.232	0
0.0001824	0.232	0
0.0001952	0.232	0
0.000208	0.232	0
0.0002208	0.232	0
0.0002336	0.232	0
-0.0003936	0.24	0
-0.0003808	0.24	0
-0.000368	0.24	0
-0.0003552	0.24	0
-0.0003424	0.24	0
-0.0003296	0.24	0
-0.0003168	0.24	0
-0.000304	0.24	0
-0.0002912	0.24	0
-0.0002784	0.24	0
-0.0002656	0.24	0
-0.0002528	0.24	0
-0.00024	0.24	0
-0.0002272	0.24	0
-0.0002144	0.24	0
-0.0002016	0.24	0
-0.0001888	0.24	0
-0.000176	0.24	0
-0.0001632	0.24	0
-0.0001504	0.24	0
-0.0001376	0.24	0
-0.0001248	0.24	0
-0.000112	0.24	0
-9.92e-05	0.24	0
-8.64e-05	0.24	0
-7.36e-05	0.24	0
-6.08e-05	0.24	0
-4.8e-05	0.24	0
-3.52e-05	0.24	0
-2.24e-05	0.24	0
-9.6e-06	0.24	0
3.2e-06	0.24	0
1.6e-05	0.24	0
2.88e-05	0.24	0
4.16e-05	0.24	0
5.44e-05	0.24	0
6.72e-05	0.24	0
8e-05	0.24	0
9.28e-05	0.24	0
0.0001056	0.24	0
0.0001184	0.24	0
0.0001312	0.24	0
0.000144	0.24	0
0.0001568	0.24	0
0.0001696	0.24	0
0.0001824	0.24	0
0.0001952	0.24	0
0.000208	0.24	0
0.0002208	0.24	0
0.0002336	0.24	0
-0.0003936	0.248	0
-0.0003808	0.248	0
-0.000368	0.248	0
-0.0003552	0.248	0
-0.0003424	0.248	0
-0.0003296	0.248	0
-0.0003168	0.248	0
-0.000304	0.248	0
-0.0002912	0.248	0
-0.0002784	0.248	0
-0.0002656	0.248	0
-0.0002528	0.248	0
-0.00024	0.248	0
-0.0002272	0.248	0
-0.0002144	0.248	0
-0.0002016	0.248	0
-0.0001888	0.248	0
-0.000176	0.248	0
-0.0001632	0.248	0
-0.0001504	0.248	0
-0.0001376	0.248	0
-0.0001248	0.248	0
-0.000112	0.248	0
-9.92e-05	0.248	0
-8.64e-05	0.248	0
-7.36e-05	0.248	0
-6.08e-05	0.248	0
-4.8e-05	0.248	0
-3.52e-05	0.248	0
-2.24e-05	0.248	0
-9.6e-06	0.248	0
3.2e-06	0.248	0
1.6e-05	0.248	0
2.88e-05	0.248	0
4.16e-05	0.248	0
5.44e-05	0.248	0
6.72e-05	0.248	0
8e-05	0.248	0
9.28e-05	0.248	0
0.0001056	0.248	0
0.0001184	0.248	0
0.0001312	0.248	0
0.000144	0.248	0
0.0001568	0.248	0
0.0001696	0.248	0
0.0001824	0.248	0
0.0001952	0.248	0
0.000208	0.248	0
0.0002208	0.248	0
0.0002336	0.248	0
-0.0003936	0.256	0
-0.0003808	0.256	0
-0.000368	0.256	0
-0.0003552	0.256	0
-0.0003424	0.256	0
-0.0003296	0.256	0
-0.0003168	0.256	0
-0.000304	0.256	0
-0.0002912	0.256	0
-0.0002784	0.256	0
-0.0002656	0.256	0
-0.0002528	0.256	0
-0.00024	0.256	0
-0.0002272	0.256	0
-0.0002144	0.256	0
-0.0002016	0.256	0
-0.0001888	0.256	0
-0.000176	0.256	0
-0.0001632	0.256	0
-0.0001504	0.256	0
-0.0001376	0.256	0
-0.0001248	0.256	0
-0.000112	0.256	0
-9.92e-05	0.256	0
-8.64e-05	0.256	0
-7.36e-05	0.256	0
-6.08e-05	0.256	0
-4.8e-05	0.256	0
-3.52e-05	0.256	0
-2.24e-05	0.256	0
-9.6e-06	0.256	0
3.2e-06	0.256	0
1.6e-05	0.256	0
2.88e-05	0.256	0
4.16e-05	0.256	0
5.44e-05	0.256	0
6.72e-05	0.256	0
8e-05	0.256	0
9.28e-05	0.256	0
0.0001056	0.256	0
0.0001184	0.256	0
0.0001312	0.256	0
0.000144	0.256	0
0.0001568	0.256	0
0.0001696	0.256	0
0.0001824	0.256	0
0.0001952	0.256	0
0.000208	0.256	0
0.0002208	0.256	0
0.0002336	0.256	0
-0.0003936	0.264	0
-0.0003808	0.264	0
-0.000368	0.264	0
-0.0003552	0.264	0
-0.0003424	0.264	0
-0.0003296	0.264	0
-0.0003168	0.264	0
-0.000304	0.264	0
-0.0002912	0.264	0
-0.0002784	0.264	0
-0.0002656	0.264	0
-0.0002528	0.264	0
-0.00024	0.264	0
-0.0002272	0.264	0
-0.0002144	0.264	0
-0.0002016	0.264	0
-0.0001888	0.264	0
-0.000176	0.264	0
-0.0001632	0.264	0
-0.0001504	0.264	0
-0.0001376	0.264	0
-0.0001248	0.264	0
-0.000112	0.264	0
-9.92e-05	0.264	0
-8.64e-05	0.264	0
-7.36e-05	0.264	0
-6.08e-05	0.264	0
-4.8e-05	0.264	0
-3.52e-05	0.264	0
-2.24e-05	0.264	0
-9.6e-06	0.264	0
3.2e-06	0.264	0
1.6e-05	0.264	0
2.88e-05	0.264	0
4.16e-05	0.264	0
5.44e-05	0.264	0
6.72e-05	0.264	0
8e-05	0.264	0
9.28e-05	0.264	0
0.0001056	0.264	0
0.0001184	0.264	0
0.0001312	0.264	0
0.000144	0.264	0
0.0001568	0.264	0
0.0001696	0.264	0
0.0001824	0.264	0
0.0001952	0.264	0
0.000208	0.264	0
0.0002208	0.264	0
0.0002336	0.264	0
-0.0003936	0.272	0
-0.0003808	0.272	0
-0.000368	0.272	0
-0.0003552	0.272	0
-0.0003424	0.272	0
-0.0003296	0.272	0
-0.0003168	0.272	0
-0.000304	0.272	0
-0.0002912	0.272	0
-0.0002784	0.272	0
-0.0002656	0.272	0
-0.0002528	0.272	0
-0.00024	0.272	0
-0.0002272	0.272	0
-0.0002144	0.272	0
-0.0002016	0.272	0
-0.0001888	0.272	0
-0.000176	0.272	0
-0.0001632	0.272	0
-0.0001504	0.272	0
-0.0001376	0.272	0
-0.0001248	0.272	0
-0.000112	0.272	0
-9.92e-05	0.272	0
-8.64e-05	0.272	0
-7.36e-05	0.272	0
-6.08e-05	0.272	0
-4.8e-05	0.272	0
-3.52e-05	0.272	0
-2.24e-05	0.272	0
-9.6e-06	0.272	0
3.2e-06	0.272	0
1.6e-05	0.272	0
2.88e-05	0.272	0
4.16e-05	0.272	0
5.44e-05	0.272	0
6.72e-05	0.272	0
8e-05	0.272	0
9.28e-05	0.272	0
0.0001056	0.272	0
0.0001184	0.272	0
0.0001312	0.272	0
0.000144	0.272	0
0.0001568	0.272	0
0.0001696	0.272	0
0.0001824	0.272	0
0.0001952	0.272	0
0.000208	0.272	0
0.0002208	0.272	0
0.0002336	0.272	0
-0.0003936	0.28	0
-0.0003808	0.28	0
-0.000368	0.28	0
-0.0003552	0.28	0
-0.0003424	0.28	0
-0.0003296	0.28	0
-0.0003168	0.28	0
-0.000304	0.28	0
-0.0002912	0.28	0
-0.0002784	0.28	0
-0.0002656	0.28	0
-0.0002528	0.28	0
-0.00024	0.28	0
-0.0002272	0.28	0
-0.0002144	0.28	0
-0.0002016	0.28	0
-0.0001888	0.28	0
-0.000176	0.28	0
-0.0001632	0.28	0
-0.0001504	0.28	0
-0.0001376	0.28	0
-0.0001248	0.28	0
-0.000112	0.28	0
-9.92e-05	0.28	0
-8.64e-05	0.28	0
-7.36e-05	0.28	0
-6.08e-05	0.28	0
-4.8e-05	0.28	0
-3.52e-05	0.28	0
-2.24e-05	0.28	0
-9.6e-06	0.28	0
3.2e-06	0.28	0
1.6e-05	0.28	0
2.88e-05	0.28	0
4.16e-05	0.28	0
5.44e-05	0.28	0
6.72e-05	0.28	0
8e-05	0.28	0
9.28e-05	0.28	0
0.0001056	0.28	0
0.0001184	0.28	0
0.0001312	0.28	0
0.000144	0.28	0
0.0001568	0.28	0
0.0001696	0.28	0
0.0001824	0.28	0
0.0001952	0.28	0
0.000208	0.28	0
0.0002208	0.28	0
0.0002336	0.28	0
-0.0003936	0.288	0
-0.0003808	0.288	0
-0.000368	0.288	0
-0.0003552	0.288	0
-0.0003424	0.288	0
-0.0003296	0.288	0
-0.0003168	0.288	0
-0.000304	0.288	0
-0.0002912	0.288	0
-0.0002784	0.288	0
-0.0002656	0.288	0
-0.0002528	0.288	0
-0.00024	0.288	0
-0.0002272	0.288	0
-0.0002144	0.288	0
-0.0002016	0.288	0
-0.0001888	0.288	0
-0.000176	0.288	0
-0.0001632	0.288	0
-0.0001504	0.288	0
-0.0001376	0.288	0
-0.0001248	0.288	0
-0.000112	0.288	0
-9.92e-05	0.288	0
-8.64e-05	0.288	0
-7.36e-05	0.288	0
-6.08e-05	0.288	0
-4.8e-05	0.288	0
-3.52e-05	0.288	0
-2.24e-05	0.288	0
-9.6e-06	0.288	0
3.2e-06	0.288	0
1.6e-05	0.288	0
2.88e-05	0.288	0
4.16e-05	0.288	0
5.44e-05	0.288	0
6.72e-05	0.288	0
8e-05	0.288	0
9.28e-05	0.288	0
0.0001056	0.288	0
0.0001184	0.288	0
0.0001312	0.288	0
0.000144	0.288	0
0.0001568	0.288	0
0.0001696	0.288	0
0.0001824	0.288	0
0.0001952	0.288	0
0.000208	0.288	0
0.0002208	0.288	0
0.0002336	0.288	0
-0.0003936	0.296	0
-0.0003808	0.296	0
-0.000368	0.296	0
-0.0003552	0.296	0
-0.0003424	0.296	0
-0.0003296	0.296	0
-0.0003168	0.296	0
-0.000304	0.296	0
-0.0002912	0.296	0
-0.0002784	0.296	0
-0.0002656	0.296	0
-0.0002528	0.296	0
-0.00024	0.296	0
-0.0002272	0.296	0
-0.0002144	0.296	0
-0.0002016	0.296	0
-0.0001888	0.296	0
-0.000176	0.296	0
-0.0001632	0.296	0
-0.0001504	0.296	0
-0.0001376	0.296	0
-0.0001248	0.296	0
-0.000112	0.296	0
-9.92e-05	0.296	0
-8.64e-05	0.296	0
-7.36e-05	0.296	0
-6.08e-05	0.296	0
-4.8e-05	0.296	0
-3.52e-05	0.296	0
-2.24e-05	0.296	0
-9.6e-06	0.296	0
3.2e-06	0.296	0
1.6e-05	0.296	0
2.88e-05	0.296	0
4.16e-05	0.296	0
5.44e-05	0.296	0
6.72e-05	0.296	0
8e-05	0.296	0
9.28e-05	0.296	0
0.0001056	0.296	0
0.0001184	0.296	0
0.0001312	0.296	0
0.000144	0.296	0
0.0001568	0.296	0
0.0001696	0.296	0
0.0001824	0.296	0
0.0001952	0.296	0
0.000208	0.296	0
0.0002208	0.296	0
0.0002336	0.296	0
-0.0003936	0.304	0
-0.0003808	0.304	0
-0.000368	0.304	0
-0.0003552	0.304	0
-0.0003424	0.304	0
-0.0003296	0.304	0
-0.0003168	0.304	0
-0.000304	0.304	0
-0.0002912	0.304	0
-0.0002784	0.304	0
-0.0002656	0.304	0
-0.0002528	0.304	0
-0.00024	0.304	0
-0.0002272	0.304	0
-0.0002144	0.304	0
-0.0002016	0.304	0
-0.0001888	0.304	0
-0.000176	0.304	0
-0.0001632	0.304	0
-0.0001504	0.304	0
-0.0001376	0.304	0
-0.0001248	0.304	0
-0.000112	0.304	0
-9.92e-05	0.304	0
-8.64e-05	0.304	0
-7.36e-05	0.304	0
-6.08e-05	0.304	0
-4.8e-05	0.304	0
-3.52e-05	0.304	0
-2.24e-05	0.304	0
-9.6e-06	0.304	0
3.2e-06	0.304	0
1.6e-05	0.304	0
2.88e-05	0.304	0
4.16e-05	0.304	0
5.44e-05	0.304	0
6.72e-05	0.304	0
8e-05	0.304	0
9.28e-05	0.304	0
0.0001056	0.304	0
0.0001184	0.304	0
0.0001312	0.304	0
0.000144	0.304	0
0.0001568	0.304	0
0.0001696	0.304	0
0.0001824	0.304	0
0.0001952	0.304	0
0.000208	0.304	0
0.0002208	0.304	0
0.0002336	0.304	0
-0.0003936	0.312	0
-0.0003808	0.312	0
-0.000368	0.312	0
-0.0003552	0.312	0
-0.0003424	0.312	0
-0.0003296	0.312	0
-0.0003168	0.312	0
-0.000304	0.312	0
-0.0002912	0.312	0
-0.0002784	0.312	0
-0.0002656	0.312	0
-0.0002528	0.312	0
-0.00024	0.312	0
-0.0002272	0.312	0
-0.0002144	0.312	0
-0.0002016	0.312	0
-0.0001888	0.312	0
-0.000176	0.312	0
-0.0001632	0.312	0
-0.0001504	0.312	0
-0.0001376	0.312	0
-0.0001248	0.312	0
-0.000112	0.312	0
-9.92e-05	0.312	0
-8.64e-05	0.312	0
-7.36e-05	0.312	0
-6.08e-05	0.312	0
-4.8e-05	0.312	0
-3.52e-05	0.312	0
-2.24e-05	0.312	0
-9.6e-06	0.312	0
3.2e-06	0.312	0
1.6e-05	0.312	0
2.88e-05	0.312	0
4.16e-05	0.312	0
5.44e-05	0.312	0
6.72e-05	0.312	0
8e-05	0.312	0
9.28e-05	0.312	0
0.0001056	0.312	0
0.0001184	0.312	0
0.0001312	0.312	0
0.000144	0.312	0
0.0001568	0.312	0
0.0001696	0.312	0
0.0001824	0.312	0
0.0001952	0.312	0
0.000208	0.312	0
0.0002208	0.312	0
0.0002336	0.312	0
-0.0003936	0.32	0
-0.0003808	0.32	0
-0.000368	0.32	0
-0.0003552	0.32	0
-0.0003424	0.32	0
-0.0003296	0.32	0
-0.0003168	0.32	0
-0.000304	0.32	0
-0.0002912	0.32	0
-0.0002784	0.32	0
-0.0002656	0.32	0
-0.0002528	0.32	0
-0.00024	0.32	0
-0.0002272	0.32	0
-0.0002144	0.32	0
-0.0002016	0.32	0
-0.0001888	0.32	0
-0.000176	0.32	0
-0.0001632	0.32	0
-0.0001504	0.32	0
-0.0001376	0.32	0
-0.0001248	0.32	0
-0.000112	0.32	0
-9.92e-05	0.32	0
-8.64e-05	0.32	0
-7.36e-05	0.32	0
-6.08e-05	0.32	0
-4.8e-05	0.32	0
-3.52e-05	0.32	0
-2.24e-05	0.32	0
-9.6e-06	0.32	0
3.2e-06	0.32	0
1.6e-05	0.32	0
2.88e-05	0.32	0
4.16e-05	0.32	0
5.44e-05	0.32	0
6.72e-05	0.32	0
8e-05	0.32	0
9.28e-05	0.32	0
0.0001056	0.32	0
0.0001184	0.32	0
0.0001312	0.32	0
0.000144	0.32	0
0.0001568	0.32	0
0.0001696	0.32	0
0.0001824	0.32	0
0.0001952	0.32	0
0.000208	0.32	0
0.0002208	0.32	0
0.0002336	0.32	0
-0.0003936	0.328	0
-0.0003808	0.328	0
-0.000368	0.328	0
-0.0003552	0.328	0
-0.0003424	0.328	0
-0.0003296	0.328	0
-0.0003168	0.328	0
-0.000304	0.328	0
-0.0002912	0.328	0
-0.0002784	0.328	0
-0.0002656	0.328	0
-0.0002528	0.328	0
-0.00024	0.328	0
-0.0002272	0.328	0
-0.0002144	0.328	0
-0.0002016	0.328	0
-0.0001888	0.328	0
-0.000176	0.328	0
-0.0001632	0.328	0
-0.0001504	0.328	0
-0.0001376	0.328	0
-0.0001248	0.328	0
-0.000112	0.328	0
-9.92e-05	0.328	0
-8.64e-05	0.328	0
-7.36e-05	0.328	0
-6.08e-05	0.328	0
-4.8e-05	0.328	0
-3.52e-05	0.328	0
-2.24e-05	0.328	0
-9.6e-06	0.328	0
3.2e-06	0.328	0
1.6e-05	0.328	0
2.88e-05	0.328	0
4.16e-05	0.328	0
5.44e-05	0.328	0
6.72e-05	0.328	0
8e-05	0.328	0
9.28e-05	0.328	0
0.0001056	0.328	0
0.0001184	0.328	0
0.0001312	0.328	0
0.000144	0.328	0
0.0001568	0.328	0
0.0001696	0.328	0
0.0001824	0.328	0
0.0001952	0.328	0
0.000208	0.328	0
0.0002208	0.328	0
0.0002336	0.328	0
-0.0003936	0.336	3.2846e-30
-0.0003808	0.336	2.37782e-28
-0.000368	0.336	1.5089e-25
-0.0003552	0.336	2.00086e-23
-0.0003424	0.336	9.44522e-21
-0.0003296	0.336	1.00344e-17
-0.0003168	0.336	3.35647e-15
-0.000304	0.336	5.35118e-14
-0.0002912	0.336	2.23614e-11
-0.0002784	0.336	3.15325e-09
-0.0002656	0.336	4.4912e-07
-0.0002528	0.336	9.29336e-05
-0.00024	0.336	0.000466971
-0.0002272	0.336	0.00445535
-0.0002144	0.336	0.0450516
-0.0002016	0.336	0.186691
-0.0001888	0.336	0.839803
-0.000176	0.336	11.6542
-0.0001632	0.336	129.804
-0.0001504	0.336	847.918
-0.0001376	0.336	7350.92
-0.0001248	0.336	36201.4
-0.000112	0.336	171729
-9.92e-05	0.336	1.4024e+06
-8.64e-05	0.336	2.51182e+06
-7.36e-05	0.336	2.84184e+06
-6.08e-05	0.336	1.29463e+06
-4.8e-05	0.336	180134
-3.52e-05	0.336	12002.8
-2.24e-05	0.336	813.183
-9.6e-06	0.336	282.876
3.2e-06	0.336	34.9512
1.6e-05	0.336	9.1977
2.88e-05	0.336	3.13015
4.16e-05	0.336	1.34355
5.44e-05	0.336	0.194572
6.72e-05	0.336	0.0128697
8e-05	0.336	0.000213456
9.28e-05	0.336	5.28884e-05
0.0001056	0.336	1.22883e-06
0.0001184	0.336	3.06849e-09
0.0001312	0.336	1.14778e-11
0.000144	0.336	5.69668e-14
0.0001568	0.336	4.62695e-16
0.0001696	0.336	7.58886e-18
0.0001824	0.336	1.2508e-19
0.0001952	0.336	9.00633e-22
0.000208	0.336	2.81217e-24
0.0002208	0.336	2.85288e-27
0.0002336	0.336	2.08418e-30
-0.0003936	0.344	8.63661e-31
-0.0003808	0.344	1.21037e-28
-0.000368	0.344	1.20148e-25
-0.0003552	0.344	1.76015e-23
-0.0003424	0.344	9.06097e-21
-0.0003296	0.344	1.97833e-18
-0.0003168	0.344	8.86294e-16
-0.000304	0.344	3.69418e-14
-0.0002912	0.344	2.64384e-11
-0.0002784	0.344	2.44118e-09
-0.0002656	0.344	1.92228e-07
-0.0002528	0.344	3.40271e-06
-0.00024	0.344	5.6696e-05
-0.0002272	0.344	0.000350024
-0.0002144	0.344	0.00325865
-0.0002016	0.344	0.0591025
-0.0001888	0.344	0.573133
-0.000176	0.344	4.41668
-0.0001632	0.344	78.677
-0.0001504	0.344	638.854
-0.0001376	0.344	9468.29
-0.0001248	0.344	31651.9
-0.000112	0.344	133056
-9.92e-05	0.344	451288
-8.64e-05	0.344	274409
-7.36e-05	0.344	135997
-6.08e-05	0.344	69647.5
-4.8e-05	0.344	22341.8
-3.52e-05	0.344	1977.33
-2.24e-05	0.344	451.805
-9.6e-06	0.344	190.257
3.2e-06	0.344	87.3779
1.6e-05	0.344	35.6486
2.88e-05	0.344	14.4122
4.16e-05	0.344	1.50554
5.44e-05	0.344	0.0413044
6.72e-05	0.344	0.00422187
8e-05	0.344	4.17069e-05
9.28e-05	0.344	1.46335e-06
0.0001056	0.344	1.11238e-08
0.0001184	0.344	4.64582e-11
0.0001312	0.344	5.628e-13
0.000144	0.344	3.57711e-15
0.0001568	0.344	1.04755e-16
0.0001696	0.344	1.88039e-18
0.0001824	0.344	1.02586e-20
0.0001952	0.344	1.69289e-22
0.000208	0.344	3.16207e-24
0.0002208	0.344	2.05631e-27
0.0002336	0.344	5.38902e-30
-0.0003936	0.352	1.85412e-31
-0.0003808	0.352	4.65908e-29
-0.000368	0.352	1.71582e-26
-0.0003552	0.352	9.97731e-24
-0.0003424	0.352	1.24681e-20
-0.0003296	0.352	1.78263e-18
-0.0003168	0.352	4.80527e-16
-0.000304	0.352	2.04801e-14
-0.0002912	0.352	1.43942e-11
-0.0002784	0.352	7.09044e-10
-0.0002656	0.352	1.33065e-08
-0.0002528	0.352	5.25023e-07
-0.00024	0.352	7.44296e-06
-0.0002272	0.352	8.52262e-05
-0.0002144	0.352	0.00169682
-0.0002016	0.352	0.0632913
-0.0001888	0.352	0.641888
-0.000176	0.352	7.65273
-0.0001632	0.352	91.7941
-0.0001504	0.352	471.243
-0.0001376	0.352	2851.67
-0.0001248	0.352	8625.93
-0.000112	0.352	39674.6
-9.92e-05	0.352	49552.9
-8.64e-05	0.352	18705.3
-7.36e-05	0.352	9412.31
-6.08e-05	0.352	6252.44
-4.8e-05	0.352	914.618
-3.52e-05	0.352	566.11
-2.24e-05	0.352	822.095
-9.6e-06	0.352	558.661
3.2e-06	0.352	166.547
1.6e-05	0.352	13.3292
2.88e-05	0.352	4.63789
4.16e-05	0.352	0.328792
5.44e-05	0.352	0.00439224
6.72e-05	0.352	0.000306501
8e-05	0.352	1.81935e-05
9.28e-05	0.352	5.06816e-08
0.0001056	0.352	1.96605e-10
0.0001184	0.352	1.86796e-12
0.0001312	0.352	3.99323e-14
0.000144	0.352	3.43961e-16
0.0001568	0.352	7.60463e-18
0.0001696	0.352	2.09767e-19
0.0001824	0.352	7.06327e-21
0.0001952	0.352	8.34473e-23
0.000208	0.352	9.88479e-26
0.0002208	0.352	1.55966e-28
0.0002336	0.352	1.50182e-30
-0.0003936	0.36	1.09855e-31
-0.0003808	0.36	1.68547e-29
-0.000368	0.36	5.54878e-27
-0.0003552	0.36	2.12506e-24
-0.0003424	0.36	1.56025e-21
-0.0003296	0.36	2.13568e-18
-0.0003168	0.36	6.88781e-16
-0.000304	0.36	4.50541e-14
-0.0002912	0.36	9.5324e-12
-0.0002784	0.36	8.41401e-11
-0.0002656	0.36	4.96679e-09
-0.0002528	0.36	2.09191e-07
-0.00024	0.36	5.97532e-06
-0.0002272	0.36	5.34133e-05
-0.0002144	0.36	0.000772861
-0.0002016	0.36	0.0184403
-0.0001888	0.36	0.303943
-0.000176	0.36	1.77684
-0.0001632	0.36	37.2708
-0.0001504	0.36	137.769
-0.0001376	0.36	1261.04
-0.0001248	0.36	3203.59
-0.000112	0.36	8622.41
-9.92e-05	0.36	10300.8
-8.64e-05	0.36	4547.4
-7.36e-05	0.36	1063.69
-6.08e-05	0.36	604.242
-4.8e-05	0.36	289.977
-3.52e-05	0.36	142.647
-2.24e-05	0.36	270.727
-9.6e-06	0.36	89.1365
3.2e-06	0.36	17.2531
1.6e-05	0.36	12.6596
2.88e-05	0.36	5.36841
4.16e-05	0.36	0.0811425
5.44e-05	0.36	0.00254609
6.72e-05	0.36	4.25115e-05
8e-05	0.36	5.0006e-07
9.28e-05	0.36	8.3126e-09
0.0001056	0.36	7.94002e-12
0.0001184	0.36	3.83398e-13
0.0001312	0.36	5.35168e-15
0.000144	0.36	7.2099e-17
0.0001568	0.36	2.4255e-18
0.0001696	0.36	1.72227e-19
0.0001824	0.36	6.2876e-21
0.0001952	0.36	2.58497e-24
0.000208	0.36	4.12971e-27
0.0002208	0.36	7.11204e-29
0.0002336	0.36	1.02546e-31
-0.0003936	0.368	5.75822e-32
-0.0003808	0.368	8.70166e-30
-0.000368	0.368	3.01866e-27
-0.0003552	0.368	2.49476e-24
-0.0003424	0.368	1.36824e-21
-0.0003296	0.368	1.03865e-18
-0.0003168	0.368	9.18358e-16
-0.000304	0.368	2.55054e-14
-0.0002912	0.368	2.0294e-12
-0.0002784	0.368	5.09109e-11
-0.0002656	0.368	2.65652e-09
-0.0002528	0.368	7.50062e-08
-0.00024	0.368	1.06672e-06
-0.0002272	0.368	1.89599e-05
-0.0002144	0.368	0.000331447
-0.0002016	0.368	0.00528027
-0.0001888	0.368	0.0762277
-0.000176	0.368	1.13674
-0.0001632	0.368	19.5873
-0.0001504	0.368	124.543
-0.0001376	0.368	599.278
-0.0001248	0.368	502.922
-0.000112	0.368	958.2
-9.92e-05	0.368	575.508
-8.64e-05	0.368	68.8446
-7.36e-05	0.368	80.9728
-6.08e-05	0.368	141.808
-4.8e-05	0.368	178.565
-3.52e-05	0.368	197.466
-2.24e-05	0.368	206.472
-9.6e-06	0.368	49.9497
3.2e-06	0.368	29.9566
1.6e-05	0.368	18.8883
2.88e-05	0.368	0.144776
4.16e-05	0.368	0.00451273
5.44e-05	0.368	0.000197963
6.72e-05	0.368	2.56138e-06
8e-05	0.368	1.07614e-08
9.28e-05	0.368	1.20913e-10
0.0001056	0.368	5.43741e-12
0.0001184	0.368	2.49671e-13
0.0001312	0.368	1.71686e-14
0.000144	0.368	2.62219e-16
0.0001568	0.368	2.76664e-17
0.0001696	0.368	7.12484e-20
0.0001824	0.368	4.13743e-22
0.0001952	0.368	8.60992e-26
0.000208	0.368	4.27101e-28
0.0002208	0.368	7.59186e-31
0.0002336	0.368	1.65651e-34
-0.0003936	0.376	9.06672e-33
-0.0003808	0.376	7.26109e-30
-0.000368	0.376	1.76805e-27
-0.0003552	0.376	2.51638e-24
-0.0003424	0.376	4.81174e-22
-0.0003296	0.376	2.91946e-19
-0.0003168	0.376	5.82086e-17
-0.000304	0.376	7.59446e-15
-0.0002912	0.376	6.29562e-13
-0.0002784	0.376	1.6427e-11
-0.0002656	0.376	6.03586e-10
-0.0002528	0.376	1.64961e-08
-0.00024	0.376	2.93536e-07
-0.0002272	0.376	5.19704e-06
-0.0002144	0.376	0.000176212
-0.0002016	0.376	0.00505412
-0.0001888	0.376	0.110357
-0.000176	0.376	1.93069
-0.0001632	0.376	5.99693
-0.0001504	0.376	17.6506
-0.0001376	0.376	31.0622
-0.0001248	0.376	11.3837
-0.000112	0.376	10.6555
-9.92e-05	0.376	9.39752
-8.64e-05	0.376	13.1584
-7.36e-05	0.376	33.988
-6.08e-05	0.376	91.703
-4.8e-05	0.376	234.973
-3.52e-05	0.376	126.966
-2.24e-05	0.376	50.6199
-9.6e-06	0.376	14.715
3.2e-06	0.376	3.57241
1.6e-05	0.376	0.157144
2.88e-05	0.376	0.0065121
4.16e-05	0.376	0.000209109
5.44e-05	0.376	8.0941e-06
6.72e-05	0.376	1.13386e-07
8e-05	0.376	1.8073e-09
9.28e-05	0.376	1.24457e-10
0.0001056	0.376	1.43575e-11
0.0001184	0.376	2.37314e-13
0.0001312	0.376	4.42953e-15
0.000144	0.376	1.70584e-16
0.0001568	0.376	1.53541e-17
0.0001696	0.376	4.15603e-19
0.0001824	0.376	5.57358e-24
0.0001952	0.376	1.7902e-28
0.000208	0.376	2.71353e-31
0.0002208	0.376	1.48822e-34
0.0002336	0.376	4.46442e-38
-0.0003936	0.384	7.09611e-33
-0.0003808	0.384	3.02904e-30
-0.000368	0.384	1.99334e-27
-0.0003552	0.384	7.12996e-25
-0.0003424	0.384	2.96488e-22
-0.0003296	0.384	6.98949e-20
-0.0003168	0.384	2.28208e-17
-0.000304	0.384	2.42889e-15
-0.0002912	0.384	1.95061e-14
-0.0002784	0.384	1.16816e-12
-0.0002656	0.384	6.0204e-11
-0.0002528	0.384	5.7752e-09
-0.00024	0.384	3.20448e-07
-0.0002272	0.384	2.61887e-06
-0.0002144	0.384	5.9394e-05
-0.0002016	0.384	0.00126618
-0.0001888	0.384	0.0135052
-0.000176	0.384	0.214185
-0.0001632	0.384	2.18855
-0.0001504	0.384	4.59501
-0.0001376	0.384	4.25315
-0.0001248	0.384	2.03819
-0.000112	0.384	2.21668
-9.92e-05	0.384	4.37692
-8.64e-05	0.384	17.7124
-7.36e-05	0.384	20.3767
-6.08e-05	0.384	22.5373
-4.8e-05	0.384	62.3082
-3.52e-05	0.384	64.7022
-2.24e-05	0.384	9.36528
-9.6e-06	0.384	2.6435
3.2e-06	0.384	0.140859
1.6e-05	0.384	0.00795138
2.88e-05	0.384	0.000347338
4.16e-05	0.384	1.24789e-05
5.44e-05	0.384	2.50654e-07
6.72e-05	0.384	9.31415e-09
8e-05	0.384	5.75076e-10
9.28e-05	0.384	7.21221e-11
0.0001056	0.384	1.66288e-11
0.0001184	0.384	7.18911e-13
0.0001312	0.384	7.83724e-16
0.000144	0.384	3.93217e-17
0.0001568	0.384	1.32244e-19
0.0001696	0.384	1.34213e-22
0.0001824	0.384	8.95287e-26
0.0001952	0.384	2.8967e-29
0.000208	0.384	1.03522e-32
0.0002208	0.384	5.88846e-36
0.0002336	0.384	1.12902e-39
-0.0003936	0.392	2.83675e-33
-0.0003808	0.392	7.0078e-31
-0.000368	0.392	7.01495e-28
-0.0003552	0.392	3.24943e-25
-0.0003424	0.392	6.33407e-23
-0.0003296	0.392	1.97657e-20
-0.0003168	0.392	1.94609e-18
-0.000304	0.392	1.06706e-16
-0.0002912	0.392	1.0141e-14
-0.0002784	0.392	9.01319e-14
-0.0002656	0.392	4.51716e-12
-0.0002528	0.392	4.60132e-10
-0.00024	0.392	2.9277e-08
-0.0002272	0.392	8.89086e-07
-0.0002144	0.392	4.047e-05
-0.0002016	0.392	0.00112183
-0.0001888	0.392	0.031303
-0.000176	0.392	0.0383426
-0.0001632	0.392	0.0946043
-0.0001504	0.392	0.5093
-0.0001376	0.392	0.298286
-0.0001248	0.392	1.04695
-0.000112	0.392	2.82484
-9.92e-05	0.392	8.57311
-8.64e-05	0.392	12.9165
-7.36e-05	0.392	6.03311
-6.08e-05	0.392	3.28625
-4.8e-05	0.392	5.79582
-3.52e-05	0.392	7.70088
-2.24e-05	0.392	3.61878
-9.6e-06	0.392	0.268978
3.2e-06	0.392	0.00799289
1.6e-05	0.392	0.00020314
2.88e-05	0.392	6.66613e-06
4.16e-05	0.392	3.55057e-07
5.44e-05	0.392	1.211e-08
6.72e-05	0.392	3.72096e-10
8e-05	0.392	2.8016e-11
9.28e-05	0.392	7.78502e-12
0.0001056	0.392	4.42059e-13
0.0001184	0.392	1.00983e-14
0.0001312	0.392	2.9257e-16
0.000144	0.392	3.29401e-18
0.0001568	0.392	6.862e-21
0.0001696	0.392	2.54338e-24
0.0001824	0.392	1.50215e-27
0.0001952	0.392	6.67062e-31
0.000208	0.392	5.98466e-34
0.0002208	0.392	2.65035e-37
0.0002336	0.392	8.63116e-41
-0.0003936	0.4	5.16381e-34
-0.0003808	0.4	1.7343e-31
-0.000368	0.4	1.621e-28
-0.0003552	0.4	3.07763e-26
-0.0003424	0.4	1.82594e-24
-0.0003296	0.4	9.04375e-22
-0.0003168	0.4	5.84654e-20
-0.000304	0.4	2.34979e-17
-0.0002912	0.4	1.32513e-15
-0.0002784	0.4	5.37253e-14
-0.0002656	0.4	3.00361e-12
-0.0002528	0.4	2.62158e-10
-0.00024	0.4	2.62738e-08
-0.0002272	0.4	5.97774e-07
-0.0002144	0.4	3.55264e-05
-0.0002016	0.4	0.000265804
-0.0001888	0.4	0.00118524
-0.000176	0.4	0.00501846
-0.0001632	0.4	0.0168828
-0.0001504	0.4	0.0578569
-0.0001376	0.4	0.159611
-0.0001248	0.4	0.407529
-0.000112	0.4	0.836945
-9.92e-05	0.4	0.700704
-8.64e-05	0.4	4.69152
-7.36e-05	0.4	6.73556
-6.08e-05	0.4	17.163
-4.8e-05	0.4	5.21938
-3.52e-05	0.4	0.770493
-2.24e-05	0.4	0.0910619
-9.6e-06	0.4	0.00874209
3.2e-06	0.4	0.000499814
1.6e-05	0.4	6.01372e-07
2.88e-05	0.4	3.73993e-08
4.16e-05	0.4	2.3028e-08
5.44e-05	0.4	1.47499e-09
6.72e-05	0.4	2.25816e-10
8e-05	0.4	1.11994e-11
9.28e-05	0.4	1.62944e-12
0.0001056	0.4	1.23569e-13
0.0001184	0.4	3.43819e-15
0.0001312	0.4	3.76291e-17
0.000144	0.4	1.07043e-19
0.0001568	0.4	2.24023e-22
0.0001696	0.4	2.37653e-26
0.0001824	0.4	6.36971e-30
0.0001952	0.4	1.90666e-32
0.000208	0.4	6.94636e-35
0.0002208	0.4	7.30789e-39
0.0002336	0.4	2.08092e-41
-0.0003936	0.408	2.92901e-35
-0.0003808	0.408	1.1766e-32
-0.000368	0.408	6.05087e-30
-0.0003552	0.408	2.28261e-27
-0.0003424	0.408	5.96389e-25
-0.0003296	0.408	1.30956e-22
-0.0003168	0.408	2.05336e-20
-0.000304	0.408	6.75419e-18
-0.0002912	0.408	2.55102e-16
-0.0002784	0.408	2.53063e-14
-0.0002656	0.408	1.45242e-12
-0.0002528	0.408	3.12416e-10
-0.00024	0.408	6.00353e-09
-0.0002272	0.408	7.81367e-08
-0.0002144	0.408	1.92619e-06
-0.0002016	0.408	1.39018e-05
-0.0001888	0.408	0.000210936
-0.000176	0.408	0.00128508
-0.0001632	0.408	0.00623125
-0.0001504	0.408	0.0103944
-0.0001376	0.408	0.0327511
-0.0001248	0.408	0.0223959
-0.000112	0.408	0.0975136
-9.92e-05	0.408	0.31843
-8.64e-05	0.408	3.58444
-7.36e-05	0.408	3.34988
-6.08e-05	0.408	1.23787
-4.8e-05	0.408	0.125658
-3.52e-05	0.408	0.0142478
-2.24e-05	0.408	0.000341989
-9.6e-06	0.408	1.38647e-05
3.2e-06	0.408	4.14245e-07
1.6e-05	0.408	6.01894e-08
2.88e-05	0.408	1.88671e-08
4.16e-05	0.408	6.45078e-09
5.44e-05	0.408	7.32798e-10
6.72e-05	0.408	6.27079e-11
8e-05	0.408	2.46837e-12
9.28e-05	0.408	3.63744e-13
0.0001056	0.408	1.39166e-14
0.0001184	0.408	3.71812e-16
0.0001312	0.408	9.04106e-20
0.000144	0.408	2.37751e-22
0.0001568	0.408	1.19369e-25
0.0001696	0.408	1.74928e-28
0.0001824	0.408	2.25962e-31
0.0001952	0.408	1.74394e-33
0.000208	0.408	3.79421e-36
0.0002208	0.408	1.53178e-38
0.0002336	0.408	2.74343e-41
-0.0003936	0.416	2.01693e-35
-0.0003808	0.416	4.31333e-33
-0.000368	0.416	4.51749e-30
-0.0003552	0.416	4.70974e-28
-0.0003424	0.416	7.60203e-26
-0.0003296	0.416	4.59904e-23
-0.0003168	0.416	5.6478e-21
-0.000304	0.416	3.30256e-18
-0.0002912	0.416	1.40297e-16
-0.0002784	0.416	8.88341e-15
-0.0002656	0.416	7.60757e-13
-0.0002528	0.416	4.77976e-11
-0.00024	0.416	4.56316e-10
-0.0002272	0.416	7.76348e-09
-0.0002144	0.416	3.02735e-07
-0.0002016	0.416	1.4839e-06
-0.0001888	0.416	4.1133e-06
-0.000176	0.416	5.68816e-05
-0.0001632	0.416	0.000409454
-0.0001504	0.416	0.00381276
-0.0001376	0.416	0.00271614
-0.0001248	0.416	0.00415583
-0.000112	0.416	0.00533931
-9.92e-05	0.416	0.0152763
-8.64e-05	0.416	0.0574568
-7.36e-05	0.416	0.0516068
-6.08e-05	0.416	0.0998557
-4.8e-05	0.416	0.00585969
-3.52e-05	0.416	0.000304185
-2.24e-05	0.416	3.21666e-05
-9.6e-06	0.416	3.24222e-06
3.2e-06	0.416	3.5842e-07
1.6e-05	0.416	8.00208e-08
2.88e-05	0.416	1.04956e-08
4.16e-05	0.416	2.05779e-09
5.44e-05	0.416	1.68611e-10
6.72e-05	0.416	2.07517e-11
8e-05	0.416	1.26917e-13
9.28e-05	0.416	4.1508e-15
0.0001056	0.416	4.64456e-17
0.0001184	0.416	3.88296e-19
0.0001312	0.416	2.44743e-21
0.000144	0.416	2.6891e-24
0.0001568	0.416	3.94459e-27
0.0001696	0.416	1.90022e-30
0.0001824	0.416	4.88384e-32
0.0001952	0.416	5.89823e-34
0.000208	0.416	9.55835e-37
0.0002208	0.416	1.90714e-39
0.0002336	0.416	2.67538e-45
-0.0003936	0.424	1.12043e-35
-0.0003808	0.424	1.03546e-33
-0.000368	0.424	5.66742e-31
-0.0003552	0.424	1.36711e-28
-0.0003424	0.424	6.28468e-26
-0.0003296	0.424	2.13349e-23
-0.0003168	0.424	3.23567e-21
-0.000304	0.424	7.95535e-19
-0.0002912	0.424	8.47591e-17
-0.0002784	0.424	3.14325e-15
-0.0002656	0.424	3.11164e-13
-0.0002528	0.424	1.05363e-11
-0.00024	0.424	7.44159e-11
-0.0002272	0.424	1.02794e-09
-0.0002144	0.424	1.70043e-08
-0.0002016	0.424	6.24932e-08
-0.0001888	0.424	1.93748e-07
-0.000176	0.424	6.85629e-07
-0.0001632	0.424	2.44615e-06
-0.0001504	0.424	2.72836e-05
-0.0001376	0.424	9.77789e-05
-0.0001248	0.424	0.000322335
-0.000112	0.424	0.00231115
-9.92e-05	0.424	0.0052625
-8.64e-05	0.424	0.00474487
-7.36e-05	0.424	0.00536205
-6.08e-05	0.424	0.000696672
-4.8e-05	0.424	0.000105559
-3.52e-05	0.424	1.99497e-05
-2.24e-05	0.424	8.64956e-06
-9.6e-06	0.424	9.89212e-07
3.2e-06	0.424	2.33285e-07
1.6e-05	0.424	4.70391e-08
2.88e-05	0.424	4.46876e-09
4.16e-05	0.424	2.223e-10
5.44e-05	0.424	1.46641e-11
6.72e-05	0.424	1.16149e-12
8e-05	0.424	2.65647e-14
9.28e-05	0.424	2.70075e-16
0.0001056	0.424	1.50526e-18
0.0001184	0.424	5.27356e-21
0.0001312	0.424	4.25611e-24
0.000144	0.424	7.23318e-27
0.0001568	0.424	1.34398e-29
0.0001696	0.424	7.53387e-33
0.0001824	0.424	5.10579e-41
0.0001952	0.424	9.08007e-51
0.000208	0.424	0
0.0002208	0.424	0
0.0002336	0.424	0
-0.0003936	0.432	3.74335e-36
-0.0003808	0.432	1.4048e-34
-0.000368	0.432	8.30574e-32
-0.0003552	0.432	2.23192e-28
-0.0003424	0.432	5.61765e-26
-0.0003296	0.432	1.85895e-23
-0.0003168	0.432	3.14615e-21
-0.000304	0.432	5.24462e-19
-0.0002912	0.432	1.62217e-17
-0.0002784	0.432	2.39926e-16
-0.0002656	0.432	8.79612e-15
-0.0002528	0.432	1.34905e-12
-0.00024	0.432	3.87443e-13
-0.0002272	0.432	5.01302e-12
-0.0002144	0.432	1.08929e-10
-0.0002016	0.432	8.21263e-09
-0.0001888	0.432	6.22179e-08
-0.000176	0.432	2.7792e-07
-0.0001632	0.432	4.11682e-07
-0.0001504	0.432	3.69374e-06
-0.0001376	0.432	1.97461e-05
-0.0001248	0.432	8.72474e-05
-0.000112	0.432	0.000666912
-9.92e-05	0.432	0.000402356
-8.64e-05	0.432	0.000353489
-7.36e-05	0.432	6.61705e-05
-6.08e-05	0.432	2.1781e-05
-4.8e-05	0.432	1.17253e-05
-3.52e-05	0.432	2.14278e-05
-2.24e-05	0.432	2.03501e-06
-9.6e-06	0.432	6.52226e-08
3.2e-06	0.432	4.22753e-09
1.6e-05	0.432	1.75511e-09
2.88e-05	0.432	5.81784e-10
4.16e-05	0.432	5.87514e-11
5.44e-05	0.432	7.17378e-12
6.72e-05	0.432	3.0099e-13
8e-05	0.432	1.13954e-14
9.28e-05	0.432	3.24779e-17
0.0001056	0.432	2.00359e-21
0.0001184	0.432	1.14654e-26
0.0001312	0.432	6.14081e-41
0.000144	0.432	0
0.0001568	0.432	0
0.0001696	0.432	0
0.0001824	0.432	0
0.0001952	0.432	0
0.000208	0.432	0
0.0002208	0.432	0
0.0002336	0.432	0
-0.0003936	0.44	7.40339e-37
-0.0003808	0.44	2.14449e-35
-0.000368	0.44	4.00979e-32
-0.0003552	0.44	7.24227e-28
-0.0003424	0.44	2.35292e-26
-0.0003296	0.44	1.54714e-24
-0.0003168	0.44	8.7416e-23
-0.000304	0.44	1.76413e-21
-0.0002912	0.44	2.37171e-19
-0.0002784	0.44	5.22224e-18
-0.0002656	0.44	7.6824e-17
-0.0002528	0.44	4.47219e-15
-0.00024	0.44	5.97349e-14
-0.0002272	0.44	7.22171e-13
-0.0002144	0.44	5.03993e-11
-0.0002016	0.44	2.69847e-09
-0.0001888	0.44	2.54731e-08
-0.000176	0.44	5.76203e-08
-0.0001632	0.44	1.53779e-07
-0.0001504	0.44	5.74869e-07
-0.0001376	0.44	3.45482e-06
-0.0001248	0.44	1.70572e-05
-0.000112	0.44	6.75619e-05
-9.92e-05	0.44	4.15373e-05
-8.64e-05	0.44	7.57672e-06
-7.36e-05	0.44	3.65274e-06
-6.08e-05	0.44	1.52466e-06
-4.8e-05	0.44	7.40686e-07
-3.52e-05	0.44	3.13465e-07
-2.24e-05	0.44	2.30288e-08
-9.6e-06	0.44	3.35652e-09
3.2e-06	0.44	2.02133e-09
1.6e-05	0.44	1.02723e-09
2.88e-05	0.44	6.11321e-11
4.16e-05	0.44	3.55266e-13
5.44e-05	0.44	8.957e-22
6.72e-05	0.44	0
8e-05	0.44	0
9.28e-05	0.44	0
0.0001056	0.44	0
0.0001184	0.44	0
0.0001312	0.44	0
0.000144	0.44	0
0.0001568	0.44	0
0.0001696	0.44	0
0.0001824	0.44	0
0.0001952	0.44	0
0.000208	0.44	0
0.0002208	0.44	0
0.0002336	0.44	0
-0.0003936	0.448	8.26307e-38
-0.0003808	0.448	6.15468e-36
-0.000368	0.448	3.33949e-34
-0.0003552	0.448	1.30256e-30
-0.0003424	0.448	1.23497e-28
-0.0003296	0.448	2.57317e-26
-0.0003168	0.448	1.19704e-24
-0.000304	0.448	6.20541e-23
-0.0002912	0.448	2.31195e-20
-0.0002784	0.448	9.19061e-19
-0.0002656	0.448	6.27362e-17
-0.0002528	0.448	1.76231e-15
-0.00024	0.448	2.05996e-14
-0.0002272	0.448	2.31852e-13
-0.0002144	0.448	1.24951e-11
-0.0002016	0.448	7.00069e-10
-0.0001888	0.448	4.84365e-09
-0.000176	0.448	3.47324e-08
-0.0001632	0.448	2.26919e-07
-0.0001504	0.448	2.19039e-07
-0.0001376	0.448	6.22601e-07
-0.0001248	0.448	7.23974e-07
-0.000112	0.448	2.33243e-06
-9.92e-05	0.448	9.13184e-07
-8.64e-05	0.448	2.56282e-07
-7.36e-05	0.448	1.18558e-07
-6.08e-05	0.448	1.80211e-07
-4.8e-05	0.448	8.35708e-08
-3.52e-05	0.448	4.91919e-09
-2.24e-05	0.448	2.00917e-11
-9.6e-06	0.448	3.47246e-17
3.2e-06	0.448	7.45051e-321
1.6e-05	0.448	4.74303e-322
2.88e-05	0.448	1.97626e-323
4.16e-05	0.448	0
5.44e-05	0.448	0
6.72e-05	0.448	0
8e-05	0.448	0
9.28e-05	0.448	0
0.0001056	0.448	0
0.0001184	0.448	0
0.0001312	0.448	0
0.000144	0.448	0
0.0001568	0.448	0
0.0001696	0.448	0
0.0001824	0.448	0
0.0001952	0.448	0
0.000208	0.448	0
0.0002208	0.448	0
0.0002336	0.448	0
-0.0003936	0.456	1.1692e-39
-0.0003808	0.456	7.93604e-38
-0.000368	0.456	7.3004e-35
-0.0003552	0.456	3.55551e-31
-0.0003424	0.456	1.37986e-29
-0.0003296	0.456	5.00979e-27
-0.0003168	0.456	1.47163e-25
-0.000304	0.456	9.19968e-24
-0.0002912	0.456	1.70024e-21
-0.0002784	0.456	1.55024e-19
-0.0002656	0.456	3.67482e-17
-0.0002528	0.456	4.03028e-16
-0.00024	0.456	4.26421e-15
-0.0002272	0.456	1.2698e-13
-0.0002144	0.456	6.37827e-12
-0.0002016	0.456	1.55309e-10
-0.0001888	0.456	1.2914e-09
-0.000176	0.456	4.26687e-08
-0.0001632	0.456	2.82561e-08
-0.0001504	0.456	2.43555e-08
-0.0001376	0.456	6.06168e-09
-0.0001248	0.456	5.83719e-09
-0.000112	0.456	1.08251e-08
-9.92e-05	0.456	2.62302e-08
-8.64e-05	0.456	9.84514e-10
-7.36e-05	0.456	2.09394e-17
-6.08e-05	0.456	6.37196e-320
-4.8e-05	0.456	5.39668e-320
-3.52e-05	0.456	1.35325e-320
-2.24e-05	0.456	1.04693e-320
-9.6e-06	0.456	2.17883e-321
3.2e-06	0.456	2.32211e-322
1.6e-05	0.456	1.97626e-323
2.88e-05	0.456	0
4.16e-05	0.456	0
5.44e-05	0.456	0
6.72e-05	0.456	0
8e-05	0.456	0
9.28e-05	0.456	0
0.0001056	0.456	0
0.0001184	0.456	0
0.0001312	0.456	0
0.000144	0.456	0
0.0001568	0.456	0
0.0001696	0.456	0
0.0001824	0.456	0
0.0001952	0.456	0
0.000208	0.456	0
0.0002208	0.456	0
0.0002336	0.456	0
-0.0003936	0.464	4.55486e-40
-0.0003808	0.464	1.03742e-38
-0.000368	0.464	5.7631e-36
-0.0003552	0.464	1.6065e-32
-0.0003424	0.464	2.86272e-30
-0.0003296	0.464	4.08846e-28
-0.0003168	0.464	3.71244e-26
-0.000304	0.464	2.83124e-24
-0.0002912	0.464	1.96482e-22
-0.0002784	0.464	3.87997e-20
-0.0002656	0.464	1.64375e-18
-0.0002528	0.464	7.97552e-17
-0.00024	0.464	8.08096e-16
-0.0002272	0.464	5.83971e-14
-0.0002144	0.464	2.4433e-12
-0.0002016	0.464	6.79892e-11
-0.0001888	0.464	8.15155e-11
-0.000176	0.464	1.00546e-10
-0.0001632	0.464	7.54705e-11
-0.0001504	0.464	2.23784e-12
-0.0001376	0.464	1.54542e-17
-0.0001248	0.464	4.79244e-321
-0.000112	0.464	1.22133e-320
-9.92e-05	0.464	7.07502e-321
-8.64e-05	0.464	9.19456e-321
-7.36e-05	0.464	1.13437e-320
-6.08e-05	0.464	9.92084e-321
-4.8e-05	0.464	1.11412e-320
-3.52e-05	0.464	3.63632e-321
-2.24e-05	0.464	3.18672e-321
-9.6e-06	0.464	2.32211e-322
3.2e-06	0.464	9.88131e-324
1.6e-05	0.464	0
2.88e-05	0.464	0
4.16e-05	0.464	0
5.44e-05	0.464	0
6.72e-05	0.464	0
8e-05	0.464	0
9.28e-05	0.464	0
0.0001056	0.464	0
0.0001184	0.464	0
0.0001312	0.464	0
0.000144	0.464	0
0.0001568	0.464	0
0.0001696	0.464	0
0.0001824	0.464	0
0.0001952	0.464	0
0.000208	0.464	0
0.0002208	0.464	0
0.0002336	0.464	0
-0.0003936	0.472	4.56812e-41
-0.0003808	0.472	2.78037e-39
-0.000368	0.472	2.35831e-36
-0.0003552	0.472	1.79873e-33
-0.0003424	0.472	1.73935e-31
-0.0003296	0.472	1.04942e-28
-0.0003168	0.472	8.99495e-27
-0.000304	0.472	8.36848e-26
-0.0002912	0.472	5.69126e-24
-0.0002784	0.472	9.53746e-22
-0.0002656	0.472	8.42014e-20
-0.0002528	0.472	2.97122e-17
-0.00024	0.472	5.17164e-16
-0.0002272	0.472	6.77669e-15
-0.0002144	0.472	1.73897e-16
-0.0002016	0.472	4.94066e-324
-0.0001888	0.472	4.94066e-324
-0.000176	0.472	5.92879e-323
-0.0001632	0.472	8.39912e-323
-0.0001504	0.472	5.92879e-323
-0.0001376	0.472	1.28457e-322
-0.0001248	0.472	2.2727e-322
-0.000112	0.472	3.90312e-322
-9.92e-05	0.472	1.61559e-321
-8.64e-05	0.472	2.48021e-321
-7.36e-05	0.472	9.79238e-321
-6.08e-05	0.472	3.80431e-321
-4.8e-05	0.472	3.10767e-321
-3.52e-05	0.472	4.54046e-321
-2.24e-05	0.472	2.61855e-322
-9.6e-06	0.472	4.94066e-324
3.2e-06	0.472	0
1.6e-05	0.472	0
2.88e-05	0.472	0
4.16e-05	0.472	0
5.44e-05	0.472	0
6.72e-05	0.472	0
8e-05	0.472	0
9.28e-05	0.472	0
0.0001056	0.472	0
0.0001184	0.472	0
0.0001312	0.472	0
0.000144	0.472	0
0.0001568	0.472	0
0.0001696	0.472	0
0.0001824	0.472	0
0.0001952	0.472	0
0.000208	0.472	0
0.0002208	0.472	0
0.0002336	0.472	0
-0.0003936	0.48	2.96473e-41
-0.0003808	0.48	7.00398e-40
-0.000368	0.48	3.57405e-36
-0.0003552	0.48	2.89377e-34
-0.0003424	0.48	4.50033e-32
-0.0003296	0.48	2.18377e-30
-0.0003168	0.48	2.53425e-28
-0.000304	0.48	7.83722e-27
-0.0002912	0.48	2.64337e-25
-0.0002784	0.48	6.73511e-27
-0.0002656	0.48	0
-0.0002528	0.48	0
-0.00024	0.48	0
-0.0002272	0.48	0
-0.0002144	0.48	0
-0.0002016	0.48	0
-0.0001888	0.48	0
-0.000176	0.48	4.94066e-324
-0.0001632	0.48	4.94066e-324
-0.0001504	0.48	4.94066e-324
-0.0001376	0.48	1.4822e-323
-0.0001248	0.48	2.96439e-323
-0.000112	0.48	6.42285e-323
-9.92e-05	0.48	2.2233e-322
-8.64e-05	0.48	5.18769e-322
-7.36e-05	0.48	2.2727e-322
-6.08e-05	0.48	4.84184e-322
-4.8e-05	0.48	1.5069e-321
-3.52e-05	0.48	2.12448e-322
-2.24e-05	0.48	4.94066e-324
-9.6e-06	0.48	0
3.2e-06	0.48	0
1.6e-05	0.48	0
2.88e-05	0.48	0
4.16e-05	0.48	0
5.44e-05	0.48	0
6.72e-05	0.48	0
8e-05	0.48	0
9.28e-05	0.48	0
0.0001056	0.48	0
0.0001184	0.48	0
0.0001312	0.48	0
0.000144	0.48	0
0.0001568	0.48	0
0.0001696	0.48	0
0.0001824	0.48	0
0.0001952	0.48	0
0.000208	0.48	0
0.0002208	0.48	0
0.0002336	0.48	0
-0.0003936	0.488	1.70195e-41
-0.0003808	0.488	1.06308e-39
-0.000368	0.488	1.12633e-36
-0.0003552	0.488	3.81102e-37
-0.0003424	0.488	7.57531e-36
-0.0003296	0.488	0
-0.0003168	0.488	0
-0.000304	0.488	0
-0.0002912	0.488	0
-0.0002784	0.488	0
-0.0002656	0.488	0
-0.0002528	0.488	0
-0.00024	0.488	0
-0.0002272	0.488	0
-0.0002144	0.488	0
-0.0002016	0.488	0
-0.0001888	0.488	0
-0.000176	0.488	0
-0.0001632	0.488	0
-0.0001504	0.488	0
-0.0001376	0.488	4.94066e-324
-0.0001248	0.488	4.94066e-324
-0.000112	0.488	9.88131e-324
-9.92e-05	0.488	2.47033e-323
-8.64e-05	0.488	3.95253e-323
-7.36e-05	0.488	2.47033e-323
-6.08e-05	0.488	7.90505e-323
-4.8e-05	0.488	0
-3.52e-05	0.488	0
-2.24e-05	0.488	0
-9.6e-06	0.488	0
3.2e-06	0.488	0
1.6e-05	0.488	0
2.88e-05	0.488	0
4.16e-05	0.488	0
5.44e-05	0.488	0
6.72e-05	0.488	0
8e-05	0.488	0
9.28e-05	0.488	0
0.0001056	0.488	0
0.0001184	0.488	0
0.0001312	0.488	0
0.000144	0.488	0
0.0001568	0.488	0
0.0001696	0.488	0
0.0001824	0.488	0
0.0001952	0.488	0
0.000208	0.488	0
0.0002208	0.488	0
0.0002336	0.488	0
-0.0003936	0.496	0
-0.0003808	0.496	0
-0.000368	0.496	0
-0.0003552	0.496	0
-0.0003424	0.496	0
-0.0003296	0.496	0
-0.0003168	0.496	0
-0.000304	0.496	0
-0.0002912	0.496	0
-0.0002784	0.496	0
-0.0002656	0.496	0
-0.0002528	0.496	0
-0.00024	0.496	0
-0.0002272	0.496	0
-0.0002144	0.496	0
-0.0002016	0.496	0
-0.0001888	0.496	0
-0.000176	0.496	0
-0.0001632	0.496	0
-0.0001504	0.496	0
-0.0001376	0.496	0
-0.0001248	0.496	0
-0.000112	0.496	0
-9.92e-05	0.496	9.88131e-324
-8.64e-05	0.496	4.94066e-324
-7.36e-05	0.496	0
-6.08e-05	0.496	0
-4.8e-05	0.496	0
-3.52e-05	0.496	0
-2.24e-05	0.496	0
-9.6e-06	0.496	0
3.2e-06	0.496	0
1.6e-05	0.496	0
2.88e-05	0.496	0
4.16e-05	0.496	0
5.44e-05	0.496	0
6.72e-05	0.496	0
8e-05	0.496	0
9.28e-05	0.496	0
0.0001056	0.496	0
0.0001184	0.496	0
0.0001312	0.496	0
0.000144	0.496	0
0.0001568	0.496	0
0.0001696	0.496	0
0.0001824	0.496	0
0.0001952	0.496	0
0.000208	0.496	0
0.0002208	0.496	0
0.0002336	0.496	0
