tryes/bp3p2_n_l
1.4222
1.43
1.1754e-20
3.53089e-20
8.84487e-20
2.23385e-19
8.4912e-19
1.77655e-18
3.55405e-18
2.30775e-17
6.32378e-17
1.41462e-16
3.86574e-16
7.25119e-16
2.52177e-15
6.3894e-15
3.14365e-14
7.94724e-14
1.37333e-13
2.80285e-13
9.31809e-13
2.16346e-12
8.06374e-12
1.80408e-11
2.96788e-11
7.05802e-11
1.87243e-10
5.75237e-10
1.35435e-09
3.3094e-09
5.16294e-09
1.97272e-08
4.04653e-08
1.21617e-07
2.97625e-07
5.11842e-07
1.25082e-06
3.17498e-06
5.47289e-06
1.35685e-05
3.37813e-05
7.95901e-05
0.000136729
0.000257096
0.000494149
0.000812765
0.0035838
0.00601404
0.0197023
0.0400582
0.0665374
0.101702
0.305384
0.364222
0.617027
0.656782
1.22369
1.70903
2.57161
4.35396
7.91394
14.285
17.2016
26.8715
39.5678
56.1238
41.5017
49.7453
82.983
167.794
178.454
253.63
253.155
335.483
442.006
899.075
752.192
602.045
347.847
632.813
1228.6
1564.98
833.844
929.052
835.191
1259.91
707.543
93.9781
81.6735
38.6596
16.2679
8.16043
5.25425
2.47593
1.38978
0.400725
0.174105
0.111197
0.0633759
0.0283394
0.0180799
0.0102583
